"Declined Noun","0","1","2","3","4","5","6","7","8","9","10","11","12","13","14","15"
"abellana:nomsg","f,I,nom,sg","f,II,nom,pl","f,I,nom,pl","f,I,acc,pl","f,I,acc,pl","f,I,acc,sg","f,I,acc,pl","f,I,acc,pl","f,I,acc,pl","f,I,acc,pl","f,I,acc,pl","f,I,acc,pl","f,I,acc,pl","f,I,acc,pl","f,I,acc,pl","f,I,acc,pl"
"abellana:gensg","f,I,gen,sg","f,I,nom,pl","f,I,acc,sg","f,I,acc,pl","f,I,acc,pl","f,I,acc,pl","f,I,acc,pl","f,I,acc,pl","f,I,acc,pl","f,I,acc,pl","f,I,acc,pl","f,I,acc,pl","f,I,acc,pl","f,I,acc,pl","f,I,acc,pl","f,I,acc,pl"
"abellana:accsg","f,I,acc,sg","f,I,acc,sg","f,I,acc,sg","f,I,acc,sg","f,I,acc,sg","f,I,acc,sg","f,I,acc,sg","f,I,acc,sg","f,I,acc,sg","f,I,acc,sg","f,I,acc,sg","f,I,acc,sg","f,I,acc,sg","f,I,acc,sg","f,I,acc,sg","f,I,acc,sg"
"abellana:nompl","f,I,nom,pl","f,I,nom,pl","f,I,acc,sg","f,I,acc,pl","f,I,acc,pl","f,I,acc,pl","f,I,acc,pl","f,I,acc,pl","f,I,acc,pl","f,I,acc,pl","f,I,acc,pl","f,I,acc,pl","f,I,acc,pl","f,I,acc,pl","f,I,acc,pl","f,I,acc,pl"
"abellana:genpl","f,I,gen,pl","f,I,acc,pl","f,I,acc,pl","f,I,acc,pl","f,I,acc,pl","f,I,acc,pl","f,I,acc,pl","f,I,acc,pl","f,I,acc,pl","f,I,acc,pl","f,I,acc,pl","f,I,acc,pl","f,I,acc,pl","f,I,acc,pl","f,I,acc,pl","f,I,acc,pl"
"abellana:accpl","f,I,acc,pl","f,I,acc,pl","f,II,nom,pl","f,I,acc,pl","f,I,acc,pl","f,I,acc,pl","f,I,acc,pl","f,I,acc,pl","f,I,acc,pl","f,I,acc,pl","f,I,acc,pl","f,I,acc,pl","f,I,acc,pl","f,I,acc,pl","f,I,acc,pl","f,I,acc,pl"
"abyssus:nomsg","f,II,nom,sg","m,II,nom,sg","n,II,acc,sg","f,II,acc,sg","n,II,nom,sg","n,II,acc,sg","n,II,acc,sg","n,II,acc,sg","n,II,acc,sg","n,II,acc,sg","n,II,acc,sg","n,II,acc,sg","n,II,acc,sg","n,II,acc,sg","n,II,acc,sg","n,II,acc,sg"
"abyssus:gensg","f,II,gen,sg","n,II,gen,sg","n,II,acc,sg","n,II,acc,pl","n,II,acc,pl","n,II,acc,pl","n,II,acc,pl","n,II,acc,pl","n,II,acc,pl","n,II,acc,pl","n,II,acc,pl","n,II,acc,pl","n,II,acc,pl","n,II,acc,pl","n,II,acc,pl","n,II,acc,pl"
"abyssus:accsg","f,II,acc,sg","n,II,acc,sg","n,II,acc,sg","n,II,acc,sg","n,II,acc,sg","n,II,acc,sg","n,II,acc,sg","n,II,acc,sg","n,II,acc,sg","n,II,acc,sg","n,II,acc,sg","n,II,acc,sg","n,II,acc,sg","n,II,acc,sg","n,II,acc,sg","n,II,acc,sg"
"abyssus:nompl","f,II,nom,pl","n,II,gen,sg","n,II,acc,sg","n,II,acc,pl","n,II,acc,pl","n,II,acc,pl","n,II,acc,pl","n,II,acc,pl","n,II,acc,pl","n,II,acc,pl","n,II,acc,pl","n,II,acc,pl","n,II,acc,pl","n,II,acc,pl","n,II,acc,pl","n,II,acc,pl"
"abyssus:genpl","f,II,gen,pl","n,III,gen,pl","n,II,acc,pl","f,II,acc,pl","f,II,acc,pl","n,II,acc,pl","n,II,acc,pl","n,II,acc,pl","n,II,acc,pl","n,II,acc,pl","n,II,acc,pl","n,II,acc,pl","n,II,acc,pl","n,II,acc,pl","n,II,acc,pl","n,II,acc,pl"
"abyssus:accpl","f,II,acc,pl","n,II,acc,pl","n,II,acc,pl","f,III,acc,pl","f,III,acc,pl","f,III,acc,pl","n,II,acc,pl","n,II,acc,pl","n,II,acc,pl","n,II,acc,pl","n,II,acc,pl","n,II,acc,pl","n,II,acc,pl","n,II,acc,pl","n,II,acc,pl","n,II,acc,pl"
"acetum:nomsg","n,II,nom,sg","n,II,acc,sg","n,II,acc,sg","n,II,acc,sg","n,II,acc,sg","n,II,acc,sg","n,II,acc,sg","n,II,acc,sg","n,II,acc,sg","n,II,acc,sg","n,II,acc,sg","n,II,acc,sg","n,II,acc,sg","n,II,acc,sg","n,II,acc,sg","n,II,acc,sg"
"acetum:gensg","n,II,gen,sg","n,II,gen,sg","n,II,acc,pl","n,II,acc,pl","n,II,acc,pl","n,II,acc,pl","n,II,acc,pl","n,II,acc,pl","n,II,acc,pl","n,II,acc,pl","n,II,acc,pl","f,II,acc,pl","n,II,acc,pl","n,II,acc,pl","n,II,acc,pl","n,II,acc,pl"
"acetum:accsg","n,II,acc,sg","n,II,acc,sg","n,II,acc,sg","n,II,acc,sg","n,II,acc,sg","n,II,acc,sg","n,II,acc,sg","n,II,acc,sg","n,II,acc,sg","n,II,acc,sg","n,II,acc,sg","n,II,acc,sg","n,II,acc,sg","n,II,acc,sg","n,II,acc,sg","n,II,acc,sg"
"acetum:nompl","n,II,nom,pl","n,II,nom,pl","f,II,acc,pl","f,I,acc,pl","f,I,acc,pl","f,I,acc,pl","f,I,acc,pl","f,I,acc,pl","f,I,acc,pl","f,I,acc,pl","f,I,acc,pl","f,I,acc,pl","f,I,acc,pl","f,I,acc,pl","f,I,acc,pl","f,I,acc,pl"
"acetum:genpl","n,II,gen,pl","n,II,gen,pl","n,II,acc,pl","f,II,acc,pl","n,II,acc,pl","n,II,acc,pl","n,II,acc,pl","n,II,acc,pl","n,II,acc,pl","n,II,acc,pl","n,II,acc,pl","n,II,acc,pl","n,II,acc,pl","n,II,acc,pl","n,II,acc,pl","n,II,acc,pl"
"acetum:accpl","n,II,acc,pl","n,II,nom,pl","f,II,acc,pl","f,I,acc,pl","f,I,acc,pl","f,I,acc,pl","f,I,acc,pl","f,I,acc,pl","f,I,acc,pl","f,I,acc,pl","f,I,acc,pl","f,I,acc,pl","f,I,acc,pl","f,I,acc,pl","f,I,acc,pl","f,I,acc,pl"
"acus:nomsg","f,IV,nom,sg","m,IV,nom,sg","m,II,nom,sg","n,III,nom,sg","n,II,acc,sg","n,II,acc,sg","n,II,acc,sg","n,II,acc,sg","n,II,acc,sg","n,II,acc,sg","n,II,acc,sg","n,II,acc,sg","n,II,acc,sg","n,II,acc,sg","n,II,acc,sg","n,II,acc,sg"
"acus:gensg","f,IV,gen,sg","m,IV,acc,pl","m,II,acc,pl","n,II,acc,pl","n,II,nom,pl","n,II,acc,pl","n,II,acc,pl","n,II,acc,pl","n,II,acc,pl","n,II,acc,pl","n,II,acc,pl","n,II,acc,pl","n,II,acc,pl","n,II,acc,pl","n,II,acc,pl","n,II,acc,pl"
"acus:accsg","f,IV,acc,sg","m,IV,acc,sg","n,II,acc,sg","n,II,acc,sg","n,II,acc,sg","n,II,acc,sg","n,II,acc,sg","n,II,acc,sg","n,II,acc,sg","n,II,acc,sg","n,II,acc,sg","n,II,acc,sg","n,II,acc,sg","n,II,acc,sg","n,II,acc,sg","n,II,acc,sg"
"acus:nompl","f,IV,nom,pl","m,IV,acc,pl","m,II,acc,pl","n,II,acc,pl","n,II,nom,pl","n,II,acc,pl","n,II,acc,pl","n,II,acc,pl","n,II,acc,pl","n,II,acc,pl","n,II,acc,pl","n,II,acc,pl","n,II,acc,pl","n,II,acc,pl","n,II,acc,pl","n,II,acc,pl"
"acus:genpl","f,IV,gen,pl","n,II,gen,pl","n,II,acc,pl","n,II,acc,sg","n,II,acc,pl","n,II,acc,sg","n,II,acc,sg","n,II,acc,sg","n,II,acc,sg","n,II,acc,sg","n,II,acc,sg","n,II,acc,sg","n,II,acc,sg","n,II,acc,sg","n,II,acc,sg","n,II,acc,sg"
"acus:accpl","f,IV,acc,pl","m,IV,acc,pl","m,II,acc,pl","n,II,acc,pl","n,II,nom,pl","n,II,acc,pl","n,II,acc,pl","n,II,acc,pl","n,II,acc,pl","n,II,acc,pl","n,II,acc,pl","n,II,acc,pl","n,II,acc,pl","n,II,acc,pl","n,II,acc,pl","n,II,acc,pl"
"ador:nomsg","n,III,nom,sg","n,III,acc,sg","n,III,nom,sg","n,III,nom,sg","n,III,acc,sg","f,III,acc,sg","f,III,acc,sg","f,III,acc,sg","f,III,acc,sg","f,III,acc,sg","f,III,acc,sg","f,III,acc,sg","f,III,acc,sg","f,III,acc,sg","f,III,acc,sg","f,III,acc,sg"
"ador:gensg","n,III,gen,sg","m,III,acc,sg","m,III,acc,pl","f,III,acc,sg","f,III,acc,sg","f,III,acc,sg","f,III,acc,sg","f,III,acc,sg","f,III,acc,sg","f,III,acc,sg","f,III,acc,sg","f,III,acc,sg","f,III,acc,sg","f,III,acc,pl","f,III,acc,sg","f,III,acc,pl"
"ador:accsg","n,III,acc,sg","n,III,acc,sg","n,III,nom,sg","n,III,nom,sg","n,III,acc,sg","f,III,acc,sg","f,III,acc,sg","f,III,acc,sg","f,III,acc,sg","f,III,acc,sg","f,III,acc,sg","f,III,acc,sg","f,III,acc,sg","f,III,acc,sg","f,III,acc,sg","f,III,acc,sg"
"ador:nompl","n,III,nom,pl","n,III,acc,pl","n,III,acc,pl","n,III,acc,pl","f,II,acc,pl","f,I,acc,pl","f,II,acc,pl","f,I,acc,pl","f,I,acc,pl","f,III,acc,pl","f,I,acc,pl","f,III,acc,pl","f,III,acc,sg","f,III,acc,pl","f,III,acc,pl","f,III,acc,pl"
"ador:genpl","n,III,gen,pl","n,III,gen,pl","n,II,acc,pl","n,II,acc,pl","f,II,acc,pl","f,III,acc,sg","n,II,acc,pl","n,II,acc,sg","f,III,acc,sg","f,III,acc,sg","f,I,acc,sg","f,I,acc,sg","f,II,acc,sg","f,III,acc,sg","f,III,acc,sg","f,III,acc,sg"
"ador:accpl","n,III,acc,pl","n,III,acc,pl","n,III,acc,pl","n,III,acc,pl","f,II,acc,pl","f,I,acc,pl","f,II,acc,pl","f,I,acc,pl","f,I,acc,pl","f,III,acc,pl","f,I,acc,pl","f,III,acc,pl","f,III,acc,sg","f,III,acc,pl","f,III,acc,pl","f,III,acc,pl"
"adulter:nomsg","m,II,nom,sg","n,II,acc,pl","n,II,acc,sg","n,II,acc,sg","f,I,acc,sg","n,II,acc,sg","n,II,acc,sg","n,II,acc,sg","f,I,acc,sg","n,II,acc,sg","n,II,acc,sg","n,II,acc,pl","n,II,acc,pl","n,II,acc,pl","n,II,acc,pl","n,II,acc,sg"
"adulter:gensg","m,II,gen,sg","n,II,gen,pl","n,II,acc,sg","n,II,acc,pl","n,II,acc,pl","n,II,acc,pl","n,II,acc,pl","n,II,acc,pl","n,II,acc,pl","n,II,acc,pl","n,II,acc,pl","n,II,acc,pl","f,II,acc,pl","n,II,acc,pl","n,II,acc,pl","n,II,acc,pl"
"adulter:accsg","m,II,acc,sg","n,II,acc,sg","n,II,acc,sg","n,II,acc,sg","n,II,acc,sg","n,II,acc,sg","n,II,acc,sg","n,II,acc,sg","n,II,acc,sg","n,II,acc,sg","n,II,acc,sg","n,II,acc,sg","n,II,acc,sg","n,II,acc,sg","n,II,acc,sg","n,II,acc,sg"
"adulter:nompl","m,II,nom,pl","n,II,gen,pl","n,II,acc,sg","n,II,acc,pl","n,II,acc,pl","n,II,acc,pl","n,II,acc,pl","n,II,acc,pl","n,II,acc,pl","n,II,acc,pl","n,II,acc,pl","n,II,acc,pl","f,II,acc,pl","n,II,acc,pl","n,II,acc,pl","n,II,acc,pl"
"adulter:genpl","m,II,gen,pl","n,II,gen,pl","n,II,acc,pl","n,II,acc,pl","n,II,acc,pl","n,II,acc,pl","n,II,acc,pl","n,II,acc,pl","n,II,acc,pl","n,II,acc,pl","n,II,acc,pl","n,II,acc,pl","f,II,acc,pl","n,II,acc,pl","n,II,acc,pl","n,II,acc,sg"
"adulter:accpl","m,II,acc,pl","f,II,acc,pl","n,II,acc,sg","n,II,nom,pl","n,II,acc,pl","n,II,acc,sg","n,II,acc,pl","n,II,acc,pl","n,II,acc,pl","n,II,acc,pl","n,II,acc,pl","n,II,acc,pl","n,II,acc,pl","n,II,acc,pl","n,II,acc,pl","n,II,acc,pl"
"adulter2:nomsg","f,II,nom,sg","f,II,nom,sg","f,I,nom,sg","f,I,acc,sg","f,I,acc,sg","f,I,acc,sg","f,I,acc,pl","f,I,acc,pl","f,I,acc,pl","f,I,acc,pl","f,I,acc,sg","f,I,acc,pl","f,I,acc,pl","f,I,acc,pl","f,I,acc,pl","f,I,acc,pl"
"adulter2:gensg","f,II,gen,sg","f,I,acc,sg","f,I,acc,sg","f,I,acc,sg","f,I,acc,sg","f,I,acc,sg","f,I,acc,pl","f,I,acc,sg","f,I,acc,pl","f,I,acc,sg","f,I,acc,sg","f,I,acc,pl","f,III,acc,pl","f,III,acc,pl","f,I,acc,pl","f,I,acc,sg"
"adulter2:accsg","f,II,acc,sg","f,I,acc,sg","f,I,acc,sg","f,I,acc,sg","f,I,acc,sg","f,I,acc,sg","f,I,acc,sg","f,I,acc,sg","f,I,acc,sg","f,I,acc,sg","f,I,acc,sg","f,I,acc,sg","f,I,acc,sg","f,I,acc,sg","f,I,acc,sg","f,I,acc,sg"
"adulter2:nompl","f,II,nom,pl","f,I,acc,sg","f,I,acc,sg","f,I,acc,sg","f,I,acc,sg","f,I,acc,sg","f,I,acc,pl","f,I,acc,sg","f,I,acc,pl","f,I,acc,sg","f,I,acc,sg","f,I,acc,pl","f,III,acc,pl","f,III,acc,pl","f,I,acc,pl","f,I,acc,sg"
"adulter2:genpl","f,II,gen,pl","f,I,gen,pl","f,I,acc,pl","f,I,acc,pl","f,I,acc,pl","f,I,acc,pl","f,I,acc,pl","f,I,acc,pl","f,I,acc,pl","f,I,acc,pl","f,I,acc,pl","f,I,acc,pl","f,I,acc,pl","f,I,acc,pl","f,I,acc,pl","f,I,acc,pl"
"adulter2:accpl","f,II,acc,pl","f,I,acc,pl","f,I,acc,pl","f,I,acc,pl","f,I,acc,pl","f,I,acc,pl","f,I,acc,pl","f,I,acc,pl","f,I,acc,pl","f,I,acc,pl","f,I,acc,pl","f,I,acc,pl","f,I,acc,pl","f,I,acc,pl","f,I,acc,pl","f,I,acc,pl"
"advena:nomsg","f,I,nom,sg","f,I,nom,pl","f,II,nom,pl","f,I,acc,pl","f,I,acc,pl","f,I,acc,pl","f,I,acc,pl","f,I,acc,pl","f,I,acc,pl","f,I,acc,pl","f,I,acc,pl","f,I,acc,pl","f,I,acc,pl","f,I,acc,pl","f,I,acc,pl","f,I,acc,pl"
"advena:gensg","f,I,gen,sg","f,I,acc,pl","f,II,acc,pl","f,I,acc,pl","f,I,acc,pl","f,I,acc,pl","f,I,acc,pl","f,I,acc,pl","f,I,acc,pl","f,I,acc,pl","f,I,acc,pl","f,I,acc,pl","f,I,acc,pl","f,I,acc,pl","f,I,acc,pl","f,I,acc,pl"
"advena:accsg","f,I,acc,sg","f,I,acc,sg","f,I,acc,sg","f,I,acc,sg","f,I,acc,sg","f,I,acc,sg","f,I,acc,sg","f,I,acc,sg","f,I,acc,sg","f,I,acc,sg","f,I,acc,sg","f,I,acc,sg","f,I,acc,sg","f,I,acc,sg","f,I,acc,sg","f,I,acc,sg"
"advena:nompl","f,I,nom,pl","f,I,acc,pl","f,II,acc,pl","f,I,acc,pl","f,I,acc,pl","f,I,acc,pl","f,I,acc,pl","f,I,acc,pl","f,I,acc,pl","f,I,acc,pl","f,I,acc,pl","f,I,acc,pl","f,I,acc,pl","f,I,acc,pl","f,I,acc,pl","f,I,acc,pl"
"advena:genpl","f,I,gen,pl","f,I,gen,pl","f,I,acc,pl","f,I,acc,pl","f,I,acc,pl","f,I,acc,pl","f,I,acc,pl","f,I,acc,pl","f,I,acc,pl","f,I,acc,pl","f,I,acc,pl","f,I,acc,pl","f,I,acc,pl","f,I,acc,pl","f,I,acc,pl","f,I,acc,pl"
"advena:accpl","f,I,acc,pl","f,I,acc,pl","f,II,acc,pl","f,I,acc,pl","f,I,acc,pl","f,I,acc,pl","f,I,acc,pl","f,I,acc,pl","f,I,acc,pl","f,I,acc,pl","f,I,acc,pl","f,I,acc,pl","f,I,acc,pl","f,I,acc,pl","f,I,acc,pl","f,I,acc,pl"
"aer:nomsg","m,III,nom,sg","m,III,acc,sg","m,III,acc,sg","f,III,acc,pl","f,III,acc,pl","f,III,acc,pl","f,III,acc,pl","f,III,acc,pl","f,III,acc,pl","f,III,acc,pl","f,III,acc,pl","f,III,acc,pl","f,III,acc,pl","f,III,acc,pl","f,III,acc,pl","f,III,acc,pl"
"aer:gensg","m,III,gen,sg","m,III,gen,sg","m,III,acc,sg","f,III,acc,pl","f,III,acc,pl","f,III,acc,sg","f,III,acc,sg","f,III,acc,sg","f,III,acc,sg","f,III,acc,sg","f,III,acc,sg","f,III,acc,sg","f,III,acc,sg","f,III,acc,sg","f,III,acc,sg","f,III,acc,sg"
"aer:accsg","m,III,acc,sg","n,III,acc,sg","m,III,acc,sg","f,III,acc,sg","f,III,acc,sg","f,III,acc,sg","f,III,acc,sg","f,III,acc,sg","f,III,acc,sg","f,III,acc,sg","f,III,acc,sg","f,III,acc,sg","f,III,acc,sg","f,III,acc,sg","f,III,acc,sg","f,III,acc,sg"
"aer:nompl","m,III,nom,pl","n,III,acc,pl","f,III,acc,pl","f,III,acc,pl","f,III,acc,pl","f,III,acc,pl","f,III,acc,sg","f,III,acc,sg","f,III,acc,sg","f,III,acc,sg","f,III,acc,sg","f,III,acc,sg","f,III,acc,sg","f,III,acc,sg","f,III,acc,sg","f,III,acc,sg"
"aer:genpl","m,III,gen,pl","f,III,gen,pl","f,III,acc,pl","f,III,acc,pl","f,III,acc,pl","f,III,acc,pl","f,III,acc,sg","f,III,acc,sg","f,III,acc,sg","f,III,acc,sg","f,III,acc,sg","f,III,acc,sg","f,III,acc,sg","f,III,acc,sg","f,III,acc,sg","f,III,acc,sg"
"aer:accpl","m,III,acc,pl","n,III,acc,pl","f,III,acc,pl","f,III,acc,pl","f,III,acc,pl","f,III,acc,pl","f,III,acc,sg","f,III,acc,sg","f,III,acc,sg","f,III,acc,sg","f,III,acc,sg","f,III,acc,sg","f,III,acc,sg","f,III,acc,sg","f,III,acc,sg","f,III,acc,sg"
"aestas:nomsg","f,III,nom,sg","f,III,acc,pl","f,I,acc,pl","f,I,acc,pl","f,I,acc,pl","f,I,acc,pl","f,I,acc,pl","f,I,acc,pl","f,I,acc,pl","f,I,acc,pl","f,I,acc,pl","f,I,acc,pl","f,I,acc,pl","f,I,acc,pl","f,I,acc,pl","f,I,acc,pl"
"aestas:gensg","f,III,gen,sg","n,III,acc,pl","f,III,acc,sg","f,III,acc,pl","f,III,acc,sg","f,I,acc,sg","f,III,acc,sg","f,III,acc,sg","f,III,acc,pl","f,III,acc,pl","f,III,acc,pl","f,III,acc,pl","f,III,acc,pl","f,III,acc,pl","f,III,acc,pl","f,III,acc,pl"
"aestas:accsg","f,III,acc,sg","f,III,acc,sg","f,III,acc,sg","f,III,acc,sg","f,III,acc,sg","f,I,acc,sg","f,I,acc,sg","f,I,acc,sg","f,III,acc,sg","f,III,acc,sg","f,III,acc,pl","f,III,acc,pl","f,III,acc,pl","f,III,acc,sg","f,III,acc,sg","f,III,acc,sg"
"aestas:nompl","f,III,nom,pl","f,III,acc,pl","f,III,acc,pl","f,III,acc,pl","f,III,acc,pl","f,III,acc,pl","f,III,acc,pl","f,III,acc,pl","f,III,acc,pl","f,III,acc,pl","f,III,acc,pl","f,III,acc,pl","f,III,acc,pl","f,III,acc,pl","f,III,acc,pl","f,III,acc,pl"
"aestas:genpl","f,III,gen,pl","f,III,gen,pl","f,I,acc,pl","f,I,acc,pl","f,II,acc,pl","f,I,acc,pl","f,I,acc,pl","f,I,acc,pl","f,II,acc,pl","f,I,acc,pl","f,I,acc,pl","f,I,acc,pl","f,III,acc,pl","n,II,acc,pl","f,I,acc,pl","f,I,acc,pl"
"aestas:accpl","f,III,acc,pl","f,III,acc,pl","f,III,acc,pl","f,III,acc,pl","f,III,acc,pl","f,III,acc,pl","f,III,acc,pl","f,III,acc,pl","f,III,acc,pl","f,III,acc,pl","f,III,acc,pl","f,III,acc,pl","f,III,acc,pl","f,III,acc,pl","f,III,acc,pl","f,III,acc,pl"
"aestus:nomsg","m,IV,nom,sg","m,IV,nom,sg","m,IV,nom,sg","n,II,nom,sg","n,II,acc,sg","n,II,acc,sg","n,II,acc,sg","n,II,acc,sg","n,II,acc,sg","n,II,acc,sg","n,II,acc,sg","n,II,acc,sg","n,II,acc,sg","n,II,acc,sg","n,II,acc,sg","n,II,acc,sg"
"aestus:gensg","m,IV,gen,sg","m,IV,acc,pl","m,IV,acc,pl","n,II,nom,sg","n,II,acc,pl","n,II,acc,pl","n,II,acc,pl","n,II,acc,pl","n,II,acc,pl","n,II,acc,pl","n,II,acc,pl","n,II,acc,pl","n,II,acc,pl","n,II,acc,pl","n,II,acc,pl","n,II,acc,pl"
"aestus:accsg","m,IV,acc,sg","m,IV,acc,sg","m,IV,acc,sg","f,I,acc,sg","n,II,acc,sg","n,II,acc,sg","n,II,acc,sg","n,II,acc,sg","n,II,acc,sg","n,II,acc,sg","n,II,acc,sg","n,II,acc,sg","n,II,acc,sg","n,II,acc,sg","n,II,acc,sg","n,II,acc,sg"
"aestus:nompl","m,IV,nom,pl","m,IV,acc,pl","m,IV,acc,pl","n,II,nom,sg","n,II,acc,pl","n,II,acc,pl","n,II,acc,pl","n,II,acc,pl","n,II,acc,pl","n,II,acc,pl","n,II,acc,pl","n,II,acc,pl","n,II,acc,pl","n,II,acc,pl","n,II,acc,pl","n,II,acc,pl"
"aestus:genpl","m,IV,gen,pl","n,II,gen,pl","m,IV,acc,sg","n,II,acc,sg","n,II,acc,pl","n,II,acc,sg","n,II,acc,sg","n,II,acc,sg","n,II,acc,sg","n,II,acc,sg","n,II,acc,sg","n,II,acc,sg","n,II,acc,sg","n,II,acc,sg","n,II,acc,sg","n,II,acc,sg"
"aestus:accpl","m,IV,acc,pl","m,IV,acc,pl","m,IV,acc,pl","n,II,nom,sg","n,II,acc,pl","n,II,acc,pl","n,II,acc,pl","n,II,acc,pl","n,II,acc,pl","n,II,acc,pl","n,II,acc,pl","n,II,acc,pl","n,II,acc,pl","n,II,acc,pl","n,II,acc,pl","n,II,acc,pl"
"aetas:nomsg","f,III,nom,sg","f,I,acc,pl","f,I,acc,pl","f,I,acc,pl","f,I,acc,pl","f,I,acc,pl","f,I,acc,pl","f,I,acc,pl","f,I,acc,pl","f,I,acc,pl","f,I,acc,pl","f,I,acc,pl","f,I,acc,pl","f,I,acc,pl","f,I,acc,pl","f,I,acc,pl"
"aetas:gensg","f,III,gen,sg","f,III,acc,sg","f,III,acc,pl","f,III,acc,pl","f,III,acc,sg","f,III,acc,pl","f,III,acc,pl","f,I,acc,pl","f,III,acc,pl","f,III,acc,pl","f,III,acc,pl","f,III,acc,pl","f,III,acc,pl","f,III,acc,pl","f,III,acc,pl","f,III,acc,pl"
"aetas:accsg","f,III,acc,sg","f,III,acc,sg","f,III,acc,sg","f,III,acc,pl","f,III,acc,sg","f,III,acc,sg","f,III,acc,sg","f,I,acc,sg","f,III,acc,sg","f,III,acc,sg","f,III,acc,pl","f,III,acc,pl","f,III,acc,sg","f,III,acc,sg","f,III,acc,sg","f,III,acc,sg"
"aetas:nompl","f,III,nom,pl","f,III,acc,pl","f,III,acc,pl","f,III,acc,pl","f,III,acc,pl","f,III,acc,pl","f,III,acc,pl","f,I,acc,pl","f,III,acc,pl","f,III,acc,pl","f,III,acc,pl","f,III,acc,pl","f,III,acc,pl","f,III,acc,pl","f,III,acc,pl","f,III,acc,pl"
"aetas:genpl","f,III,gen,pl","f,III,gen,pl","f,I,acc,pl","f,I,acc,pl","f,II,acc,pl","f,I,acc,pl","f,I,acc,pl","f,I,acc,pl","f,I,acc,pl","f,I,acc,pl","f,I,acc,pl","f,III,acc,pl","f,II,acc,pl","n,II,acc,pl","f,I,acc,pl","f,I,acc,pl"
"aetas:accpl","f,III,acc,pl","f,III,acc,pl","f,III,acc,pl","f,III,acc,pl","f,III,acc,pl","f,III,acc,pl","f,III,acc,pl","f,I,acc,pl","f,III,acc,pl","f,III,acc,pl","f,III,acc,pl","f,III,acc,pl","f,III,acc,pl","f,III,acc,pl","f,III,acc,pl","f,III,acc,pl"
"ager:nomsg","m,II,nom,sg","n,III,acc,sg","n,III,acc,sg","n,III,nom,sg","f,III,acc,sg","f,III,acc,sg","f,III,acc,sg","f,III,acc,sg","f,III,acc,sg","f,III,acc,sg","f,III,acc,sg","f,III,acc,sg","f,III,acc,sg","f,III,acc,sg","f,III,acc,sg","f,III,acc,sg"
"ager:gensg","m,II,gen,sg","n,II,gen,pl","n,II,acc,pl","n,II,acc,pl","n,II,acc,pl","n,II,acc,pl","n,II,acc,pl","n,II,acc,pl","n,II,acc,pl","n,II,acc,pl","n,II,acc,pl","n,II,acc,pl","n,II,acc,pl","n,II,acc,pl","n,II,acc,pl","n,II,acc,pl"
"ager:accsg","m,II,acc,sg","n,II,acc,sg","n,II,acc,sg","n,II,acc,sg","n,II,acc,sg","n,II,acc,sg","n,II,acc,sg","n,II,acc,sg","n,II,acc,sg","n,II,acc,sg","n,II,acc,sg","n,II,acc,sg","n,II,acc,sg","n,II,acc,sg","n,II,acc,sg","n,II,acc,sg"
"ager:nompl","m,II,nom,pl","n,II,gen,pl","n,II,acc,pl","n,II,acc,pl","n,II,acc,pl","n,II,acc,pl","n,II,acc,pl","n,II,acc,pl","n,II,acc,pl","n,II,acc,pl","n,II,acc,pl","n,II,acc,pl","n,II,acc,pl","n,II,acc,pl","n,II,acc,pl","n,II,acc,pl"
"ager:genpl","m,II,gen,pl","n,II,gen,pl","n,II,acc,pl","n,II,acc,pl","f,II,acc,pl","n,II,acc,pl","n,II,acc,pl","n,II,acc,pl","n,II,acc,pl","n,II,acc,pl","n,II,acc,pl","n,II,acc,pl","n,II,acc,pl","n,II,acc,pl","n,II,acc,pl","n,II,acc,pl"
"ager:accpl","m,II,acc,pl","m,II,acc,pl","m,III,acc,pl","m,III,nom,pl","f,III,acc,pl","n,II,acc,pl","n,II,acc,pl","n,II,acc,pl","n,II,acc,pl","n,II,acc,pl","n,II,acc,pl","n,II,acc,pl","n,II,acc,pl","n,II,acc,pl","n,II,acc,pl","n,II,acc,pl"
"agnus:nomsg","m,II,nom,sg","m,II,gen,pl","f,III,acc,pl","f,III,acc,pl","f,III,acc,sg","f,III,acc,sg","f,III,acc,sg","f,III,acc,sg","f,I,acc,sg","f,I,acc,sg","f,I,acc,sg","f,I,acc,sg","f,III,acc,sg","f,III,acc,sg","f,III,acc,sg","f,I,acc,sg"
"agnus:gensg","m,II,gen,sg","m,III,acc,pl","m,III,acc,pl","f,III,acc,pl","f,III,acc,pl","f,III,acc,pl","f,III,acc,sg","f,III,acc,sg","f,III,acc,sg","f,III,acc,sg","f,III,acc,sg","f,III,acc,sg","f,III,acc,sg","f,III,acc,sg","f,III,nom,sg","f,III,acc,sg"
"agnus:accsg","m,II,acc,sg","f,III,acc,pl","f,I,acc,pl","f,I,acc,pl","f,I,acc,sg","f,I,acc,sg","f,I,acc,sg","f,I,acc,sg","f,I,acc,sg","f,I,acc,sg","f,I,acc,sg","f,I,acc,sg","f,III,acc,sg","f,III,acc,sg","f,I,acc,sg","f,I,acc,sg"
"agnus:nompl","m,II,nom,pl","m,III,acc,pl","m,III,acc,pl","f,III,acc,pl","f,III,acc,pl","f,III,acc,pl","f,III,acc,sg","f,III,acc,sg","f,III,acc,sg","f,III,acc,sg","f,III,acc,sg","f,III,acc,sg","f,III,acc,sg","f,III,acc,sg","f,III,nom,sg","f,III,acc,sg"
"agnus:genpl","m,II,gen,pl","n,II,gen,pl","f,III,acc,pl","f,III,acc,pl","f,III,acc,pl","f,III,acc,sg","f,III,acc,sg","f,III,acc,pl","f,I,acc,pl","f,I,acc,sg","n,II,acc,sg","f,III,acc,sg","f,III,acc,sg","n,III,acc,sg","f,I,acc,sg","f,I,acc,pl"
"agnus:accpl","m,II,acc,pl","f,III,acc,pl","f,III,acc,pl","f,III,acc,pl","f,III,acc,pl","f,I,acc,pl","f,III,acc,pl","f,III,acc,sg","f,I,acc,sg","f,I,acc,sg","f,III,acc,sg","f,III,acc,sg","f,III,acc,sg","f,III,acc,sg","f,III,acc,sg","f,III,acc,sg"
"agricola:nomsg","m,I,nom,sg","n,II,nom,pl","n,II,nom,pl","f,I,acc,pl","f,I,acc,pl","f,I,acc,pl","f,I,acc,pl","f,I,acc,pl","f,I,acc,pl","f,I,acc,pl","f,I,acc,pl","f,I,acc,pl","f,I,acc,pl","f,I,acc,pl","f,I,acc,pl","f,I,acc,pl"
"agricola:gensg","m,I,gen,sg","f,I,nom,pl","f,I,acc,pl","f,I,acc,pl","f,I,acc,pl","f,I,acc,pl","f,I,acc,pl","f,I,acc,pl","f,I,acc,pl","f,I,acc,pl","f,I,acc,pl","f,I,acc,pl","f,I,acc,pl","f,I,acc,pl","f,I,acc,pl","f,I,acc,pl"
"agricola:accsg","m,I,acc,sg","f,I,acc,sg","f,I,acc,sg","f,I,acc,sg","f,I,acc,sg","f,I,acc,sg","f,I,acc,sg","f,I,acc,sg","f,I,acc,sg","f,I,acc,sg","f,I,acc,sg","f,I,acc,sg","f,I,acc,sg","f,I,acc,sg","f,I,acc,sg","f,I,acc,sg"
"agricola:nompl","m,I,nom,pl","f,I,nom,pl","f,I,acc,pl","f,I,acc,pl","f,I,acc,pl","f,I,acc,pl","f,I,acc,pl","f,I,acc,pl","f,I,acc,pl","f,I,acc,pl","f,I,acc,pl","f,I,acc,pl","f,I,acc,pl","f,I,acc,pl","f,I,acc,pl","f,I,acc,pl"
"agricola:genpl","m,I,gen,pl","f,I,acc,pl","f,I,acc,pl","f,I,acc,pl","f,I,acc,pl","f,I,acc,pl","f,I,acc,pl","f,I,acc,pl","f,I,acc,pl","f,I,acc,pl","f,I,acc,pl","f,I,acc,pl","f,I,acc,pl","f,I,acc,pl","f,I,acc,pl","f,I,acc,pl"
"agricola:accpl","m,I,acc,pl","f,I,nom,pl","f,I,acc,pl","f,I,acc,pl","f,I,acc,pl","f,I,acc,pl","f,I,acc,pl","f,I,acc,pl","f,I,acc,pl","f,I,acc,pl","f,I,acc,pl","f,I,acc,pl","f,I,acc,pl","f,I,acc,pl","f,I,acc,pl","f,I,acc,pl"
"alnus:nomsg","m,II,nom,sg","n,II,nom,sg","n,II,nom,sg","n,II,nom,sg","n,II,acc,sg","n,II,acc,sg","n,II,acc,sg","n,II,acc,sg","n,II,acc,sg","n,II,acc,sg","n,II,acc,sg","n,II,acc,sg","n,II,acc,sg","n,II,acc,sg","n,II,acc,sg","n,II,acc,sg"
"alnus:gensg","m,II,gen,sg","n,II,acc,sg","n,II,acc,sg","n,II,acc,pl","n,II,acc,pl","n,II,acc,pl","n,II,acc,pl","n,II,acc,pl","n,II,acc,pl","n,II,acc,pl","n,II,acc,pl","n,II,acc,pl","n,II,acc,pl","n,II,acc,pl","n,II,acc,pl","n,II,acc,pl"
"alnus:accsg","m,II,acc,sg","n,II,acc,sg","n,II,acc,sg","n,II,acc,sg","n,II,acc,sg","n,II,acc,sg","n,II,acc,sg","n,II,acc,sg","n,II,acc,sg","n,II,acc,sg","n,II,acc,sg","n,II,acc,sg","n,II,acc,sg","n,II,acc,sg","n,II,acc,sg","n,II,acc,sg"
"alnus:nompl","m,II,nom,pl","n,II,acc,sg","n,II,acc,sg","n,II,acc,pl","n,II,acc,pl","n,II,acc,pl","n,II,acc,pl","n,II,acc,pl","n,II,acc,pl","n,II,acc,pl","n,II,acc,pl","n,II,acc,pl","n,II,acc,pl","n,II,acc,pl","n,II,acc,pl","n,II,acc,pl"
"alnus:genpl","m,II,gen,pl","n,III,gen,pl","n,II,acc,pl","n,II,acc,pl","f,II,acc,pl","n,II,acc,pl","n,II,acc,pl","n,II,acc,pl","n,II,acc,pl","n,II,acc,pl","n,II,acc,pl","n,II,acc,pl","n,II,acc,pl","n,II,acc,pl","n,II,acc,pl","n,II,acc,pl"
"alnus:accpl","m,II,acc,pl","n,III,acc,pl","m,III,acc,pl","n,III,acc,sg","f,III,acc,pl","f,III,acc,pl","f,III,acc,pl","n,II,acc,pl","f,III,acc,pl","f,II,acc,pl","n,II,acc,pl","n,II,acc,pl","n,II,acc,pl","n,II,acc,pl","n,II,acc,pl","n,II,acc,pl"
"amicus:nomsg","m,II,nom,sg","m,II,nom,sg","m,II,nom,sg","n,II,acc,sg","n,II,nom,sg","n,II,acc,sg","n,II,acc,sg","n,II,acc,sg","n,II,acc,sg","n,II,acc,sg","n,II,acc,sg","n,II,acc,sg","n,II,acc,sg","n,II,acc,sg","n,II,acc,sg","n,II,acc,sg"
"amicus:gensg","m,II,gen,sg","n,II,gen,pl","n,II,acc,pl","n,II,acc,pl","n,II,acc,pl","n,II,acc,pl","n,II,acc,pl","n,II,acc,pl","n,II,acc,pl","n,II,acc,pl","n,II,acc,pl","n,II,acc,pl","n,II,acc,pl","n,II,acc,pl","n,II,acc,pl","n,II,acc,pl"
"amicus:accsg","m,II,acc,sg","n,II,acc,sg","n,II,acc,sg","n,II,acc,sg","n,II,acc,sg","n,II,acc,sg","n,II,acc,sg","n,II,acc,sg","n,II,acc,sg","n,II,acc,sg","n,II,acc,sg","n,II,acc,sg","n,II,acc,sg","n,II,acc,sg","n,II,acc,sg","n,II,acc,sg"
"amicus:nompl","m,II,nom,pl","n,II,gen,pl","n,II,acc,pl","n,II,acc,pl","n,II,acc,pl","n,II,acc,pl","n,II,acc,pl","n,II,acc,pl","n,II,acc,pl","n,II,acc,pl","n,II,acc,pl","n,II,acc,pl","n,II,acc,pl","n,II,acc,pl","n,II,acc,pl","n,II,acc,pl"
"amicus:genpl","m,II,gen,pl","m,II,gen,pl","m,II,acc,pl","f,II,acc,pl","f,II,acc,pl","n,II,acc,pl","n,II,acc,pl","n,II,acc,pl","n,II,acc,pl","n,II,acc,pl","n,II,acc,pl","n,II,acc,pl","n,II,acc,pl","n,II,acc,pl","n,II,acc,pl","n,II,acc,pl"
"amicus:accpl","m,II,acc,pl","m,II,acc,pl","n,II,acc,pl","n,II,acc,pl","n,II,acc,pl","n,II,acc,pl","f,II,acc,pl","n,II,acc,pl","n,II,acc,pl","n,II,acc,pl","n,II,acc,pl","f,II,acc,pl","n,II,acc,pl","n,II,acc,pl","n,II,acc,pl","n,II,acc,pl"
"amor:nomsg","m,III,nom,sg","n,III,acc,sg","n,III,nom,sg","n,III,nom,sg","n,II,acc,sg","f,III,acc,sg","f,III,acc,sg","f,III,acc,sg","f,III,acc,sg","f,III,acc,sg","f,III,acc,sg","f,III,acc,sg","f,III,acc,sg","f,III,acc,sg","f,III,acc,sg","f,III,acc,sg"
"amor:gensg","m,III,gen,sg","m,III,gen,sg","m,III,acc,pl","f,III,acc,pl","f,III,acc,pl","f,III,acc,pl","f,III,acc,pl","f,III,acc,pl","f,III,acc,pl","f,III,acc,pl","f,III,acc,pl","f,III,acc,pl","f,III,acc,pl","f,III,acc,pl","f,III,acc,pl","f,III,acc,pl"
"amor:accsg","m,III,acc,sg","m,III,acc,sg","f,III,acc,sg","f,III,acc,sg","f,III,acc,sg","f,III,acc,sg","f,III,acc,sg","f,III,acc,sg","f,III,acc,sg","f,III,acc,sg","f,III,acc,sg","f,III,acc,sg","f,III,acc,sg","f,III,acc,sg","f,III,acc,sg","f,III,acc,sg"
"amor:nompl","m,III,nom,pl","n,III,acc,pl","f,III,acc,pl","f,III,acc,pl","f,III,acc,pl","f,III,acc,pl","f,III,acc,pl","f,III,acc,pl","f,III,acc,pl","f,III,acc,pl","f,III,acc,pl","f,III,acc,pl","f,III,acc,pl","f,III,acc,pl","f,III,acc,pl","f,III,acc,pl"
"amor:genpl","m,III,gen,pl","n,III,gen,pl","n,II,acc,pl","n,II,acc,pl","f,II,acc,pl","n,II,acc,pl","n,II,acc,pl","n,II,acc,pl","n,II,acc,pl","n,II,acc,pl","n,II,acc,pl","n,II,acc,pl","n,II,acc,pl","n,II,acc,pl","n,II,acc,pl","n,II,acc,pl"
"amor:accpl","m,III,acc,pl","n,III,acc,pl","f,III,acc,pl","f,III,acc,pl","f,III,acc,pl","f,III,acc,pl","f,III,acc,pl","f,III,acc,pl","f,III,acc,pl","f,III,acc,pl","f,III,acc,pl","f,III,acc,pl","f,III,acc,pl","f,III,acc,pl","f,III,acc,pl","f,III,acc,pl"
"ancilla:nomsg","f,I,nom,sg","f,II,nom,sg","f,I,acc,sg","f,I,acc,sg","f,I,acc,sg","f,I,acc,pl","f,I,acc,pl","f,I,acc,pl","f,I,acc,pl","f,I,acc,pl","f,I,acc,pl","f,I,acc,pl","f,I,acc,pl","f,I,acc,pl","f,I,acc,pl","f,I,acc,pl"
"ancilla:gensg","f,I,gen,sg","f,I,acc,sg","f,I,acc,pl","f,I,acc,pl","f,I,acc,pl","f,I,acc,pl","f,I,acc,pl","f,I,acc,pl","f,I,acc,pl","f,I,acc,pl","f,I,acc,pl","f,I,acc,pl","f,I,acc,pl","f,I,acc,pl","f,I,acc,pl","f,I,acc,pl"
"ancilla:accsg","f,I,acc,sg","f,I,acc,sg","f,I,acc,sg","f,I,acc,sg","f,I,acc,sg","f,I,acc,sg","f,I,acc,sg","f,I,acc,sg","f,I,acc,sg","f,I,acc,sg","f,I,acc,sg","f,I,acc,sg","f,I,acc,sg","f,I,acc,sg","f,I,acc,sg","f,I,acc,pl"
"ancilla:nompl","f,I,nom,pl","f,I,acc,sg","f,I,acc,pl","f,I,acc,pl","f,I,acc,pl","f,I,acc,pl","f,I,acc,pl","f,I,acc,pl","f,I,acc,pl","f,I,acc,pl","f,I,acc,pl","f,I,acc,pl","f,I,acc,pl","f,I,acc,pl","f,I,acc,pl","f,I,acc,pl"
"ancilla:genpl","f,I,gen,pl","f,I,acc,pl","f,I,acc,pl","f,I,acc,pl","f,I,acc,pl","f,I,acc,pl","f,I,acc,pl","f,I,acc,pl","f,I,acc,pl","f,I,acc,pl","f,I,acc,pl","f,I,acc,pl","f,I,acc,pl","f,I,acc,pl","f,I,acc,pl","f,I,acc,pl"
"ancilla:accpl","f,I,acc,pl","f,I,acc,pl","f,I,acc,pl","f,I,acc,pl","f,I,acc,pl","f,I,acc,pl","f,I,acc,pl","f,I,acc,pl","f,I,acc,pl","f,I,acc,pl","f,I,acc,pl","f,I,acc,pl","f,I,acc,pl","f,I,acc,pl","f,I,acc,pl","f,I,acc,pl"
"angelus:nomsg","m,II,nom,sg","n,II,nom,sg","n,II,nom,sg","n,II,acc,sg","n,II,nom,sg","n,II,acc,sg","n,II,acc,sg","n,II,acc,sg","n,II,acc,sg","n,II,acc,sg","n,II,acc,sg","n,II,acc,sg","n,II,acc,sg","n,II,acc,sg","n,II,acc,sg","n,II,acc,sg"
"angelus:gensg","m,II,gen,sg","n,II,gen,pl","n,II,acc,pl","n,II,acc,pl","n,II,acc,pl","n,II,acc,pl","n,II,acc,pl","n,II,acc,pl","n,II,acc,pl","n,II,acc,pl","n,II,acc,pl","n,II,acc,pl","n,II,acc,pl","n,II,acc,pl","n,II,acc,pl","n,II,acc,pl"
"angelus:accsg","m,II,acc,sg","n,II,acc,sg","n,II,acc,sg","n,II,acc,sg","n,II,acc,sg","n,II,acc,sg","n,II,acc,sg","n,II,acc,sg","n,II,acc,sg","n,II,acc,sg","n,II,acc,sg","n,II,acc,sg","n,II,acc,sg","n,II,acc,sg","n,II,acc,sg","n,II,acc,sg"
"angelus:nompl","m,II,nom,pl","n,II,gen,pl","n,II,acc,pl","n,II,acc,pl","n,II,acc,pl","n,II,acc,pl","n,II,acc,pl","n,II,acc,pl","n,II,acc,pl","n,II,acc,pl","n,II,acc,pl","n,II,acc,pl","n,II,acc,pl","n,II,acc,pl","n,II,acc,pl","n,II,acc,pl"
"angelus:genpl","m,II,gen,pl","n,II,gen,pl","n,II,acc,pl","n,II,acc,pl","n,II,acc,pl","n,II,acc,pl","n,II,acc,pl","n,II,acc,pl","n,II,acc,pl","n,II,acc,sg","n,II,acc,pl","n,II,acc,pl","n,II,acc,pl","n,II,acc,pl","n,II,acc,pl","n,II,acc,pl"
"angelus:accpl","m,II,acc,pl","m,II,acc,pl","n,II,acc,pl","n,II,nom,pl","n,II,nom,pl","n,II,acc,pl","n,II,acc,pl","n,II,acc,pl","n,II,acc,pl","n,II,acc,pl","n,II,acc,pl","n,II,acc,pl","n,II,acc,pl","n,II,acc,pl","n,II,acc,pl","n,II,acc,pl"
"angulus:nomsg","m,II,nom,sg","m,II,nom,sg","n,II,nom,sg","n,II,acc,sg","n,II,nom,sg","n,II,acc,sg","n,II,acc,sg","n,II,acc,sg","n,II,acc,sg","n,II,acc,sg","n,II,acc,sg","n,II,acc,sg","n,II,acc,sg","n,II,acc,sg","n,II,acc,sg","n,II,acc,sg"
"angulus:gensg","m,II,gen,sg","n,II,gen,pl","n,II,acc,pl","n,II,acc,pl","n,II,acc,pl","n,II,acc,pl","n,II,acc,pl","n,II,acc,pl","n,II,acc,pl","n,II,acc,pl","n,II,acc,pl","n,II,acc,pl","n,II,acc,pl","n,II,acc,pl","n,II,acc,pl","n,II,acc,pl"
"angulus:accsg","m,II,acc,sg","n,II,acc,sg","n,II,acc,sg","n,II,acc,sg","n,II,acc,sg","n,II,acc,sg","n,II,acc,sg","n,II,acc,sg","n,II,acc,sg","n,II,acc,sg","n,II,acc,sg","n,II,acc,sg","n,II,acc,sg","n,II,acc,sg","n,II,acc,sg","n,II,acc,sg"
"angulus:nompl","m,II,nom,pl","n,II,gen,pl","n,II,acc,pl","n,II,acc,pl","n,II,acc,pl","n,II,acc,pl","n,II,acc,pl","n,II,acc,pl","n,II,acc,pl","n,II,acc,pl","n,II,acc,pl","n,II,acc,pl","n,II,acc,pl","n,II,acc,pl","n,II,acc,pl","n,II,acc,pl"
"angulus:genpl","m,II,gen,pl","n,II,gen,pl","n,II,acc,pl","f,II,acc,pl","n,II,acc,pl","n,II,acc,pl","n,II,acc,pl","n,II,acc,pl","n,II,acc,pl","n,II,acc,pl","n,II,acc,pl","n,II,acc,pl","n,II,acc,pl","n,II,acc,pl","n,II,acc,pl","n,II,acc,pl"
"angulus:accpl","m,II,acc,pl","m,II,acc,pl","n,II,acc,pl","n,II,nom,pl","n,II,acc,pl","n,II,acc,pl","n,II,acc,pl","n,II,acc,pl","n,II,acc,pl","n,II,acc,pl","n,II,acc,pl","n,II,acc,pl","n,II,acc,pl","n,II,acc,pl","n,II,acc,pl","n,II,acc,pl"
"anima:nomsg","f,I,nom,sg","f,I,acc,sg","f,I,acc,sg","f,I,acc,sg","f,I,acc,sg","f,I,acc,pl","f,I,acc,pl","f,I,acc,pl","f,I,acc,pl","f,I,acc,pl","f,I,acc,pl","f,I,acc,pl","f,I,acc,pl","f,I,acc,pl","f,I,acc,pl","f,I,acc,pl"
"anima:gensg","f,I,gen,sg","f,I,acc,pl","f,I,acc,pl","f,I,acc,pl","f,I,acc,pl","f,I,acc,pl","f,I,acc,pl","f,I,acc,pl","f,I,acc,pl","f,I,acc,pl","f,I,acc,pl","f,I,acc,pl","f,I,acc,pl","f,I,acc,pl","f,I,acc,pl","f,I,acc,pl"
"anima:accsg","f,I,acc,sg","f,I,acc,sg","f,I,acc,sg","f,I,acc,sg","f,I,acc,sg","f,I,acc,sg","f,I,acc,sg","f,I,acc,sg","f,I,acc,sg","f,I,acc,sg","f,I,acc,sg","f,I,acc,sg","f,I,acc,sg","f,I,acc,sg","f,I,acc,sg","f,I,acc,sg"
"anima:nompl","f,I,nom,pl","f,I,acc,pl","f,I,acc,pl","f,I,acc,pl","f,I,acc,pl","f,I,acc,pl","f,I,acc,pl","f,I,acc,pl","f,I,acc,pl","f,I,acc,pl","f,I,acc,pl","f,I,acc,pl","f,I,acc,pl","f,I,acc,pl","f,I,acc,pl","f,I,acc,pl"
"anima:genpl","f,I,gen,pl","f,I,gen,pl","f,I,acc,pl","f,I,acc,pl","f,I,acc,pl","f,I,acc,pl","f,I,acc,pl","f,I,acc,pl","f,I,acc,pl","f,I,acc,pl","f,I,acc,pl","f,I,acc,pl","f,I,acc,pl","f,I,acc,pl","f,I,acc,pl","f,I,acc,pl"
"anima:accpl","f,I,acc,pl","f,I,acc,pl","f,I,acc,pl","f,I,acc,pl","f,I,acc,pl","f,I,acc,pl","f,I,acc,pl","f,I,acc,pl","f,I,acc,pl","f,I,acc,pl","f,I,acc,pl","f,I,acc,pl","f,I,acc,pl","f,I,acc,pl","f,I,acc,pl","f,I,acc,pl"
"annus:nomsg","m,II,nom,sg","n,II,nom,sg","n,II,nom,sg","n,II,nom,sg","n,II,nom,sg","n,II,acc,sg","n,II,acc,sg","n,II,acc,sg","n,II,acc,sg","n,II,acc,sg","n,II,acc,sg","n,II,acc,sg","n,II,acc,sg","n,II,acc,sg","n,II,acc,sg","n,II,acc,sg"
"annus:gensg","m,II,gen,sg","n,II,acc,sg","n,II,acc,pl","n,II,acc,pl","n,II,acc,pl","n,II,acc,pl","n,II,acc,pl","n,II,acc,pl","n,II,acc,pl","n,II,acc,pl","n,II,acc,pl","n,II,acc,pl","n,II,acc,pl","n,II,acc,pl","n,II,acc,pl","n,II,acc,pl"
"annus:accsg","m,II,acc,sg","n,II,acc,sg","n,II,acc,sg","n,II,acc,sg","n,II,acc,sg","n,II,acc,sg","n,II,acc,sg","n,II,acc,sg","n,II,acc,sg","n,II,acc,sg","n,II,acc,sg","n,II,acc,sg","n,II,acc,sg","n,II,acc,sg","n,II,acc,sg","n,II,acc,sg"
"annus:nompl","m,II,nom,pl","n,II,acc,sg","n,II,acc,pl","n,II,acc,pl","n,II,acc,pl","n,II,acc,pl","n,II,acc,pl","n,II,acc,pl","n,II,acc,pl","n,II,acc,pl","n,II,acc,pl","n,II,acc,pl","n,II,acc,pl","n,II,acc,pl","n,II,acc,pl","n,II,acc,pl"
"annus:genpl","m,II,gen,pl","n,III,gen,pl","n,II,acc,pl","n,II,acc,pl","f,II,acc,pl","n,II,acc,pl","n,II,acc,pl","n,II,acc,pl","n,II,acc,pl","n,II,acc,pl","n,II,acc,pl","n,II,acc,pl","n,II,acc,pl","n,II,acc,pl","n,II,acc,pl","n,II,acc,pl"
"annus:accpl","m,II,acc,pl","m,II,acc,pl","m,III,acc,pl","f,III,acc,pl","f,III,acc,pl","f,III,acc,sg","f,III,acc,pl","f,III,acc,pl","n,II,acc,pl","n,II,acc,pl","n,II,acc,pl","n,II,acc,pl","n,II,acc,pl","n,II,acc,pl","n,II,acc,pl","n,II,acc,pl"
"aqua:nomsg","f,I,nom,sg","f,II,nom,pl","f,II,nom,pl","f,I,acc,pl","f,I,acc,pl","f,I,acc,sg","f,I,acc,sg","f,I,acc,sg","f,I,acc,pl","f,I,acc,pl","f,I,acc,pl","f,I,acc,pl","f,I,acc,pl","f,I,acc,pl","f,I,acc,pl","f,I,acc,pl"
"aqua:gensg","f,I,gen,sg","f,I,acc,pl","f,I,acc,pl","f,I,acc,pl","f,I,acc,pl","f,I,acc,pl","f,I,acc,pl","f,I,acc,pl","f,I,acc,pl","f,I,acc,pl","f,I,acc,pl","f,I,acc,pl","f,I,acc,pl","f,I,acc,pl","f,I,acc,pl","f,I,acc,pl"
"aqua:accsg","f,I,acc,sg","f,I,acc,sg","f,I,acc,sg","f,I,acc,sg","f,I,acc,sg","f,I,acc,sg","f,I,acc,sg","f,I,acc,sg","f,I,acc,sg","f,I,acc,sg","f,I,acc,sg","f,I,acc,sg","f,I,acc,sg","f,I,acc,sg","f,I,acc,sg","f,I,acc,sg"
"aqua:nompl","f,I,nom,pl","f,I,acc,pl","f,I,acc,pl","f,I,acc,pl","f,I,acc,pl","f,I,acc,pl","f,I,acc,pl","f,I,acc,pl","f,I,acc,pl","f,I,acc,pl","f,I,acc,pl","f,I,acc,pl","f,I,acc,pl","f,I,acc,pl","f,I,acc,pl","f,I,acc,pl"
"aqua:genpl","f,I,gen,pl","f,I,gen,pl","f,I,acc,pl","f,I,acc,pl","f,I,acc,pl","f,I,acc,pl","f,I,acc,pl","f,I,acc,pl","f,I,acc,pl","f,I,acc,pl","f,I,acc,pl","f,I,acc,pl","f,I,acc,pl","f,I,acc,pl","f,I,acc,pl","f,I,acc,pl"
"aqua:accpl","f,I,acc,pl","f,I,acc,pl","f,I,acc,pl","f,I,acc,pl","f,I,acc,pl","f,I,acc,pl","f,I,acc,pl","f,I,acc,pl","f,I,acc,pl","f,I,acc,pl","f,I,acc,pl","f,I,acc,pl","f,I,acc,pl","f,I,acc,pl","f,I,acc,pl","f,I,acc,pl"
"aquila:nomsg","f,I,nom,sg","f,II,nom,pl","f,I,acc,pl","f,I,acc,pl","f,I,acc,pl","f,I,acc,pl","f,I,acc,pl","f,I,acc,pl","f,I,acc,pl","f,I,acc,pl","f,I,acc,pl","f,I,acc,pl","f,I,acc,pl","f,I,acc,pl","f,I,acc,pl","f,I,acc,pl"
"aquila:gensg","f,I,gen,sg","f,I,nom,pl","f,I,acc,pl","f,I,acc,pl","f,I,acc,pl","f,I,acc,pl","f,I,acc,pl","f,I,acc,pl","f,I,acc,pl","f,I,acc,pl","f,I,acc,pl","f,I,acc,pl","f,I,acc,pl","f,I,acc,pl","f,I,acc,pl","f,I,acc,pl"
"aquila:accsg","f,I,acc,sg","f,I,acc,sg","f,I,acc,sg","f,I,acc,sg","f,I,acc,sg","f,I,acc,sg","f,I,acc,pl","f,I,acc,sg","f,I,acc,sg","f,I,acc,sg","f,I,acc,sg","f,I,acc,sg","f,I,acc,sg","f,I,acc,sg","f,I,acc,sg","f,I,acc,sg"
"aquila:nompl","f,I,nom,pl","f,I,nom,pl","f,I,acc,pl","f,I,acc,pl","f,I,acc,pl","f,I,acc,pl","f,I,acc,pl","f,I,acc,pl","f,I,acc,pl","f,I,acc,pl","f,I,acc,pl","f,I,acc,pl","f,I,acc,pl","f,I,acc,pl","f,I,acc,pl","f,I,acc,pl"
"aquila:genpl","f,I,gen,pl","f,I,gen,pl","f,I,acc,pl","f,I,acc,pl","f,I,acc,pl","f,I,acc,pl","f,I,acc,pl","f,I,acc,pl","f,I,acc,pl","f,I,acc,pl","f,I,acc,pl","f,I,acc,pl","f,I,acc,pl","f,I,acc,pl","f,I,acc,pl","f,I,acc,pl"
"aquila:accpl","f,I,acc,pl","f,I,acc,pl","f,I,acc,pl","f,I,acc,pl","f,I,acc,pl","f,I,acc,pl","f,I,acc,pl","f,I,acc,pl","f,I,acc,pl","f,I,acc,pl","f,I,acc,pl","f,I,acc,pl","f,I,acc,pl","f,I,acc,pl","f,I,acc,pl","f,I,acc,pl"
"arbor:nomsg","f,III,nom,sg","n,III,nom,sg","m,III,acc,sg","n,III,acc,sg","f,III,acc,sg","f,III,acc,sg","f,III,acc,sg","f,III,acc,sg","f,III,acc,sg","f,III,acc,sg","f,III,acc,sg","f,III,acc,sg","f,III,acc,sg","f,III,acc,sg","f,III,acc,sg","f,III,acc,sg"
"arbor:gensg","f,III,gen,sg","n,III,acc,sg","m,III,acc,sg","f,III,acc,sg","f,III,acc,sg","f,III,acc,sg","f,III,acc,pl","f,III,acc,sg","f,III,acc,sg","f,III,acc,sg","f,III,acc,sg","f,III,acc,sg","f,III,acc,sg","f,III,acc,sg","f,III,acc,sg","f,III,acc,sg"
"arbor:accsg","f,III,acc,sg","f,III,acc,sg","m,III,acc,sg","f,III,acc,sg","f,III,acc,sg","f,III,acc,sg","f,III,acc,sg","f,III,acc,sg","f,III,acc,sg","f,III,acc,sg","f,III,acc,sg","f,III,acc,sg","f,III,acc,sg","f,III,acc,sg","f,III,acc,sg","f,III,acc,sg"
"arbor:nompl","f,III,nom,pl","n,III,acc,pl","m,III,acc,pl","f,III,acc,pl","f,III,acc,pl","f,III,acc,sg","f,III,acc,pl","f,III,acc,pl","f,III,acc,pl","f,III,acc,sg","f,III,acc,sg","f,III,acc,sg","f,III,acc,sg","f,III,acc,sg","f,III,acc,sg","f,III,acc,sg"
"arbor:genpl","f,III,gen,pl","n,III,gen,pl","m,II,acc,pl","n,III,acc,pl","f,III,acc,pl","f,III,acc,sg","n,II,acc,pl","f,I,acc,sg","f,III,acc,sg","f,I,acc,sg","f,I,acc,sg","f,I,acc,sg","f,II,acc,sg","n,II,acc,sg","f,III,acc,sg","f,III,acc,sg"
"arbor:accpl","f,III,acc,pl","n,III,acc,pl","m,III,acc,pl","f,III,acc,pl","f,III,acc,pl","f,III,acc,sg","f,III,acc,pl","f,III,acc,pl","f,III,acc,pl","f,III,acc,sg","f,III,acc,sg","f,III,acc,sg","f,III,acc,sg","f,III,acc,sg","f,III,acc,sg","f,III,acc,sg"
"arca:nomsg","f,I,nom,sg","f,II,nom,pl","f,II,nom,pl","f,I,acc,pl","f,I,acc,pl","f,I,acc,pl","f,I,acc,pl","f,I,acc,pl","f,I,acc,pl","f,I,acc,pl","f,I,acc,pl","f,I,acc,pl","f,I,acc,pl","f,I,acc,pl","f,I,acc,pl","f,I,acc,pl"
"arca:gensg","f,I,gen,sg","f,I,acc,pl","f,I,acc,pl","f,I,acc,pl","f,I,acc,pl","f,I,acc,pl","f,I,acc,pl","f,I,acc,pl","f,I,acc,pl","f,I,acc,pl","f,I,acc,pl","f,I,acc,pl","f,I,acc,pl","f,I,acc,pl","f,I,acc,pl","f,I,acc,pl"
"arca:accsg","f,I,acc,sg","f,I,acc,sg","f,I,acc,sg","f,I,acc,sg","f,I,acc,sg","f,I,acc,sg","f,I,acc,sg","f,I,acc,sg","f,I,acc,sg","f,I,acc,sg","f,I,acc,sg","f,I,acc,sg","f,I,acc,sg","f,I,acc,sg","f,I,acc,sg","f,I,acc,sg"
"arca:nompl","f,I,nom,pl","f,I,acc,pl","f,I,acc,pl","f,I,acc,pl","f,I,acc,pl","f,I,acc,pl","f,I,acc,pl","f,I,acc,pl","f,I,acc,pl","f,I,acc,pl","f,I,acc,pl","f,I,acc,pl","f,I,acc,pl","f,I,acc,pl","f,I,acc,pl","f,I,acc,pl"
"arca:genpl","f,I,gen,pl","f,III,gen,pl","f,I,acc,pl","f,III,acc,pl","f,I,acc,pl","f,I,acc,pl","f,I,acc,pl","f,I,acc,pl","f,I,acc,pl","f,I,acc,pl","f,I,acc,pl","f,I,acc,pl","f,I,acc,pl","f,I,acc,pl","f,I,acc,pl","f,I,acc,pl"
"arca:accpl","f,I,acc,pl","f,III,acc,pl","f,I,acc,pl","f,I,acc,pl","f,I,acc,pl","f,I,acc,pl","f,I,acc,pl","f,I,acc,pl","f,I,acc,pl","f,I,acc,pl","f,I,acc,pl","f,I,acc,pl","f,I,acc,pl","f,I,acc,pl","f,I,acc,pl","f,I,acc,pl"
"arena:nomsg","f,I,nom,sg","n,II,nom,pl","f,II,acc,pl","f,I,acc,sg","f,I,acc,sg","f,I,acc,pl","f,I,acc,pl","f,I,acc,pl","f,I,acc,pl","f,I,acc,pl","f,I,acc,pl","f,I,acc,pl","f,I,acc,pl","f,I,acc,pl","f,I,acc,pl","f,I,acc,pl"
"arena:gensg","f,I,gen,sg","f,I,nom,pl","f,I,acc,pl","f,I,acc,pl","f,I,acc,pl","f,I,acc,pl","f,I,acc,pl","f,I,acc,pl","f,I,acc,pl","f,I,acc,pl","f,I,acc,pl","f,I,acc,pl","f,I,acc,pl","f,I,acc,pl","f,I,acc,pl","f,I,acc,pl"
"arena:accsg","f,I,acc,sg","f,I,acc,sg","f,I,acc,sg","f,I,acc,sg","f,I,acc,sg","f,I,acc,sg","f,I,acc,sg","f,I,acc,sg","f,I,acc,sg","f,I,acc,sg","f,I,acc,sg","f,I,acc,sg","f,I,acc,sg","f,I,acc,sg","f,I,acc,sg","f,I,acc,sg"
"arena:nompl","f,I,nom,pl","f,I,nom,pl","f,I,acc,pl","f,I,acc,pl","f,I,acc,pl","f,I,acc,pl","f,I,acc,pl","f,I,acc,pl","f,I,acc,pl","f,I,acc,pl","f,I,acc,pl","f,I,acc,pl","f,I,acc,pl","f,I,acc,pl","f,I,acc,pl","f,I,acc,pl"
"arena:genpl","f,I,gen,pl","f,I,gen,pl","f,I,acc,pl","f,I,acc,pl","f,I,acc,pl","f,I,acc,pl","f,I,acc,pl","f,I,acc,pl","f,I,acc,pl","f,I,acc,pl","f,I,acc,pl","f,I,acc,pl","f,I,acc,pl","f,I,acc,pl","f,I,acc,pl","f,I,acc,pl"
"arena:accpl","f,I,acc,pl","f,I,acc,pl","f,I,acc,pl","f,I,nom,pl","f,I,acc,pl","f,I,acc,pl","f,I,acc,pl","f,I,acc,pl","f,I,acc,pl","f,I,acc,pl","f,I,acc,pl","f,I,acc,pl","f,I,acc,pl","f,I,acc,pl","f,I,acc,pl","f,I,acc,pl"
"argentum:nomsg","n,II,nom,sg","n,II,acc,sg","n,II,acc,sg","n,II,acc,sg","n,II,acc,sg","n,II,acc,sg","n,II,acc,sg","n,II,acc,sg","n,II,acc,sg","n,II,acc,sg","n,II,acc,sg","n,II,acc,sg","n,II,acc,sg","n,II,acc,sg","n,II,acc,sg","n,II,acc,sg"
"argentum:gensg","n,II,gen,sg","n,II,gen,sg","n,II,acc,sg","n,II,acc,pl","n,II,acc,pl","n,II,acc,pl","n,II,acc,pl","n,II,acc,pl","n,II,acc,pl","n,II,acc,pl","n,II,acc,pl","n,II,acc,pl","n,II,acc,pl","n,II,acc,pl","n,II,acc,pl","n,II,acc,pl"
"argentum:accsg","n,II,acc,sg","n,II,acc,sg","n,II,acc,sg","n,II,acc,sg","n,II,acc,sg","n,II,acc,sg","n,II,acc,sg","n,II,acc,sg","n,II,acc,sg","n,II,acc,sg","n,II,acc,sg","n,II,acc,sg","n,II,acc,sg","n,II,acc,sg","n,II,acc,sg","n,II,acc,sg"
"argentum:nompl","n,II,nom,pl","n,II,nom,pl","f,II,acc,pl","f,I,acc,pl","f,I,acc,pl","f,I,acc,pl","f,I,acc,pl","f,I,acc,pl","f,I,acc,pl","f,I,acc,pl","f,I,acc,pl","f,I,acc,pl","f,I,acc,pl","f,I,acc,pl","f,I,acc,pl","f,I,acc,pl"
"argentum:genpl","n,II,gen,pl","n,II,gen,pl","n,II,acc,pl","f,II,acc,pl","f,II,acc,pl","f,III,acc,pl","n,II,acc,pl","n,II,acc,pl","n,II,acc,pl","n,II,acc,sg","n,II,acc,pl","n,II,acc,pl","n,II,acc,pl","n,II,acc,pl","n,II,acc,pl","n,II,acc,pl"
"argentum:accpl","n,II,acc,pl","n,II,nom,pl","f,II,acc,pl","f,I,acc,pl","f,I,acc,pl","f,I,acc,pl","f,I,acc,pl","f,I,acc,pl","f,I,acc,pl","f,I,acc,pl","f,I,acc,pl","f,I,acc,pl","f,I,acc,pl","f,I,acc,pl","f,I,acc,pl","f,I,acc,pl"
"aries:nomsg","m,III,nom,sg","f,III,acc,pl","f,III,acc,pl","f,III,acc,pl","f,III,acc,pl","f,III,acc,pl","f,III,acc,pl","f,III,acc,pl","f,III,acc,pl","f,III,acc,pl","f,III,acc,pl","f,III,acc,pl","f,III,acc,pl","f,III,acc,pl","f,III,acc,pl","f,III,acc,pl"
"aries:gensg","m,III,gen,sg","m,III,gen,sg","f,III,acc,sg","f,III,acc,pl","f,III,acc,sg","f,III,acc,sg","f,III,acc,sg","f,III,acc,sg","f,III,acc,sg","f,III,acc,sg","f,III,acc,sg","f,III,acc,sg","f,III,acc,sg","f,III,acc,sg","f,III,acc,sg","f,III,acc,sg"
"aries:accsg","m,III,acc,sg","m,III,acc,sg","f,III,acc,sg","f,III,acc,sg","f,III,acc,sg","f,III,acc,sg","f,III,acc,sg","f,III,acc,sg","f,III,acc,sg","f,III,acc,sg","f,III,acc,sg","f,III,acc,sg","f,III,acc,sg","f,III,acc,sg","f,III,acc,sg","f,III,acc,sg"
"aries:nompl","m,III,nom,pl","m,III,acc,pl","f,III,acc,pl","f,III,acc,pl","f,III,acc,pl","f,III,acc,pl","f,III,acc,pl","f,III,acc,pl","f,III,acc,pl","f,III,acc,pl","f,III,acc,sg","f,III,acc,sg","f,III,acc,sg","f,III,acc,sg","f,III,acc,sg","f,III,acc,sg"
"aries:genpl","m,III,gen,pl","f,III,gen,pl","f,III,acc,pl","f,I,acc,pl","f,III,acc,sg","f,III,acc,sg","f,III,acc,pl","f,III,acc,sg","f,III,acc,sg","f,III,acc,sg","f,III,acc,sg","f,III,acc,sg","f,III,acc,sg","f,III,acc,sg","f,III,acc,sg","f,III,acc,sg"
"aries:accpl","m,III,acc,pl","m,III,acc,pl","f,III,acc,pl","f,III,acc,pl","f,III,acc,pl","f,III,acc,pl","f,III,acc,pl","f,III,acc,pl","f,III,acc,pl","f,III,acc,pl","f,III,acc,sg","f,III,acc,sg","f,III,acc,sg","f,III,acc,sg","f,III,acc,sg","f,III,acc,sg"
"arma:nomsg","n,II,nom,sg","n,II,acc,sg","n,II,acc,sg","n,II,acc,sg","n,II,acc,sg","n,II,acc,sg","n,II,acc,sg","n,II,acc,sg","n,II,acc,sg","n,II,acc,sg","n,II,acc,sg","n,II,acc,sg","n,II,acc,sg","n,II,acc,sg","n,II,acc,sg","n,II,acc,sg"
"arma:gensg","n,II,gen,sg","n,II,acc,sg","n,II,acc,sg","n,II,acc,sg","n,II,acc,sg","n,II,acc,sg","n,II,acc,sg","n,II,acc,sg","n,II,acc,sg","n,II,acc,sg","n,II,acc,sg","n,II,acc,sg","n,II,acc,sg","n,II,acc,sg","n,II,acc,sg","n,II,acc,sg"
"arma:accsg","n,II,acc,sg","n,II,acc,sg","n,II,acc,sg","n,II,acc,sg","n,II,acc,sg","n,II,acc,sg","n,II,acc,sg","n,II,acc,sg","n,II,acc,sg","n,II,acc,sg","n,II,acc,sg","n,II,acc,sg","n,II,acc,sg","n,II,acc,sg","n,II,acc,sg","n,II,acc,sg"
"arma:nompl","n,II,nom,pl","n,II,nom,sg","f,I,nom,pl","f,I,acc,pl","f,I,acc,pl","f,I,acc,pl","f,I,acc,pl","f,I,acc,pl","f,I,acc,pl","f,I,acc,pl","f,I,acc,pl","f,I,acc,pl","f,I,acc,pl","f,I,acc,pl","f,I,acc,pl","f,I,acc,pl"
"arma:genpl","n,II,gen,pl","n,III,gen,pl","n,II,acc,pl","n,III,acc,pl","f,II,acc,pl","f,III,acc,pl","n,II,acc,pl","n,II,acc,pl","n,II,acc,pl","n,II,acc,pl","n,II,acc,pl","n,II,acc,pl","n,II,acc,pl","n,II,acc,pl","n,II,acc,pl","n,II,acc,pl"
"arma:accpl","n,II,acc,pl","n,II,nom,sg","f,I,nom,pl","f,I,acc,pl","f,I,acc,pl","f,I,acc,pl","f,I,acc,pl","f,I,acc,pl","f,I,acc,pl","f,I,acc,pl","f,I,acc,pl","f,I,acc,pl","f,I,acc,pl","f,I,acc,pl","f,I,acc,pl","f,I,acc,pl"
"auricula:nomsg","f,I,nom,sg","f,II,nom,pl","n,II,acc,pl","f,II,acc,pl","f,I,acc,pl","f,I,acc,pl","f,I,acc,pl","f,I,acc,pl","f,I,acc,pl","f,I,acc,pl","f,I,acc,sg","f,I,acc,pl","f,I,acc,pl","f,I,acc,pl","f,I,acc,pl","f,I,acc,pl"
"auricula:gensg","f,I,gen,sg","n,II,nom,pl","f,II,acc,pl","f,I,acc,pl","f,I,acc,pl","f,I,acc,pl","f,I,acc,pl","f,I,acc,pl","f,I,acc,pl","f,I,acc,pl","f,I,acc,pl","f,I,acc,pl","f,I,acc,pl","f,I,acc,pl","f,I,acc,pl","f,I,acc,pl"
"auricula:accsg","f,I,acc,sg","f,II,acc,sg","f,II,acc,sg","f,I,acc,sg","f,I,acc,sg","f,I,acc,sg","f,I,acc,sg","f,I,acc,sg","f,I,acc,sg","f,I,acc,sg","f,I,acc,sg","f,I,acc,sg","f,I,acc,sg","f,I,acc,sg","f,I,acc,sg","f,I,acc,sg"
"auricula:nompl","f,I,nom,pl","n,II,nom,pl","f,II,acc,pl","f,I,acc,pl","f,I,acc,pl","f,I,acc,pl","f,I,acc,pl","f,I,acc,pl","f,I,acc,pl","f,I,acc,pl","f,I,acc,pl","f,I,acc,pl","f,I,acc,pl","f,I,acc,pl","f,I,acc,pl","f,I,acc,pl"
"auricula:genpl","f,I,gen,pl","f,I,gen,pl","f,I,acc,pl","f,II,acc,pl","f,I,acc,pl","f,I,acc,pl","f,I,acc,pl","f,I,acc,pl","f,I,acc,pl","f,I,acc,pl","f,I,acc,pl","f,I,acc,pl","f,I,acc,pl","f,I,acc,pl","f,I,acc,pl","f,I,acc,pl"
"auricula:accpl","f,I,acc,pl","f,I,acc,pl","f,I,acc,pl","f,I,acc,pl","f,I,acc,pl","f,I,acc,pl","f,I,acc,pl","f,I,acc,pl","f,I,acc,pl","f,I,acc,pl","f,I,acc,pl","f,I,acc,pl","f,I,acc,pl","f,I,acc,pl","f,I,acc,pl","f,I,acc,pl"
"aurum:nomsg","n,II,nom,sg","n,II,acc,sg","n,II,acc,sg","n,II,acc,sg","n,II,acc,sg","n,II,acc,sg","n,II,acc,sg","n,II,acc,sg","n,II,acc,sg","n,II,acc,sg","n,II,acc,sg","n,II,acc,sg","n,II,acc,sg","n,II,acc,sg","n,II,acc,sg","n,II,acc,sg"
"aurum:gensg","n,II,gen,sg","n,II,nom,sg","n,II,acc,pl","n,II,acc,pl","n,II,acc,pl","n,II,acc,pl","n,II,acc,pl","n,II,acc,pl","n,II,acc,pl","n,II,acc,pl","n,II,acc,pl","n,II,acc,pl","n,II,acc,pl","n,II,acc,pl","n,II,acc,pl","n,II,acc,pl"
"aurum:accsg","n,II,acc,sg","n,II,acc,sg","n,II,acc,sg","n,II,acc,sg","n,II,acc,sg","n,II,acc,sg","n,II,acc,sg","n,II,acc,sg","n,II,acc,sg","n,II,acc,sg","n,II,acc,sg","n,II,acc,sg","n,II,acc,sg","n,II,acc,sg","n,II,acc,sg","n,II,acc,sg"
"aurum:nompl","n,II,nom,pl","n,II,nom,pl","n,II,nom,pl","f,I,acc,pl","f,I,acc,pl","f,I,acc,pl","f,I,acc,pl","f,I,acc,pl","f,I,acc,pl","f,I,acc,pl","f,I,acc,pl","f,I,acc,pl","f,I,acc,pl","f,I,acc,pl","f,I,acc,pl","f,I,acc,pl"
"aurum:genpl","n,II,gen,pl","n,II,acc,pl","n,II,acc,pl","f,II,acc,pl","n,II,acc,pl","n,II,acc,pl","n,II,acc,pl","n,II,acc,pl","n,II,acc,pl","n,II,acc,pl","n,II,acc,pl","n,II,acc,pl","n,II,acc,pl","n,II,acc,pl","n,II,acc,pl","n,II,acc,pl"
"aurum:accpl","n,II,acc,pl","n,II,nom,pl","n,II,nom,pl","f,I,acc,pl","f,I,acc,pl","f,I,acc,pl","f,I,acc,pl","f,I,acc,pl","f,I,acc,pl","f,I,acc,pl","f,I,acc,pl","f,I,acc,pl","f,I,acc,pl","f,I,acc,pl","f,I,acc,pl","f,I,acc,pl"
"barba:nomsg","f,I,nom,sg","f,II,nom,pl","f,II,nom,pl","f,I,acc,pl","f,I,acc,pl","f,I,acc,pl","f,I,acc,pl","f,I,acc,pl","f,I,acc,pl","f,I,acc,pl","f,I,acc,pl","f,I,acc,pl","f,I,acc,pl","f,I,acc,pl","f,I,acc,pl","f,I,acc,pl"
"barba:gensg","f,I,gen,sg","f,I,acc,pl","f,I,acc,pl","f,I,acc,pl","f,I,acc,pl","f,I,acc,pl","f,I,acc,pl","f,I,acc,pl","f,I,acc,pl","f,I,acc,pl","f,I,acc,pl","f,I,acc,pl","f,I,acc,pl","f,I,acc,pl","f,I,acc,pl","f,I,acc,pl"
"barba:accsg","f,I,acc,sg","f,I,acc,sg","f,I,acc,sg","f,I,acc,sg","f,I,acc,sg","f,I,acc,sg","f,I,acc,sg","f,I,acc,sg","f,I,acc,sg","f,I,acc,sg","f,I,acc,sg","f,I,acc,sg","f,I,acc,sg","f,I,acc,sg","f,I,acc,sg","f,I,acc,sg"
"barba:nompl","f,I,nom,pl","f,I,acc,pl","f,I,acc,pl","f,I,acc,pl","f,I,acc,pl","f,I,acc,pl","f,I,acc,pl","f,I,acc,pl","f,I,acc,pl","f,I,acc,pl","f,I,acc,pl","f,I,acc,pl","f,I,acc,pl","f,I,acc,pl","f,I,acc,pl","f,I,acc,pl"
"barba:genpl","f,I,gen,pl","f,III,gen,pl","f,I,acc,pl","f,I,acc,pl","f,I,acc,pl","f,I,acc,pl","f,I,acc,pl","f,I,acc,pl","f,I,acc,pl","f,I,acc,pl","f,I,acc,pl","f,I,acc,pl","f,I,acc,pl","f,I,acc,pl","f,I,acc,pl","f,I,acc,pl"
"barba:accpl","f,I,acc,pl","f,I,acc,pl","f,I,acc,pl","f,I,acc,pl","f,I,acc,pl","f,I,acc,pl","f,I,acc,pl","f,I,acc,pl","f,I,acc,pl","f,I,acc,pl","f,I,acc,pl","f,I,acc,pl","f,I,acc,pl","f,I,acc,pl","f,I,acc,pl","f,I,acc,pl"
"basis:nomsg","f,III,nom,sg","f,III,nom,sg","m,III,nom,sg","f,III,acc,sg","f,III,nom,sg","f,III,acc,sg","f,III,acc,sg","f,III,acc,sg","f,III,acc,sg","f,III,acc,sg","f,III,acc,sg","f,III,acc,sg","f,III,acc,sg","f,III,acc,sg","f,III,acc,sg","f,III,acc,sg"
"basis:gensg","f,III,gen,sg","f,III,nom,sg","m,III,nom,sg","f,III,acc,sg","f,III,nom,sg","f,III,acc,sg","f,III,acc,sg","f,III,acc,sg","f,III,acc,sg","f,III,acc,sg","f,III,acc,sg","f,III,acc,sg","f,III,acc,sg","f,III,acc,sg","f,III,acc,sg","f,III,acc,sg"
"basis:accsg","f,III,acc,sg","f,III,acc,sg","n,III,acc,sg","f,III,acc,sg","f,III,acc,sg","f,III,acc,sg","f,III,acc,sg","f,III,acc,sg","f,III,acc,sg","f,III,acc,sg","f,III,acc,sg","f,III,acc,sg","f,III,acc,sg","f,III,acc,sg","f,III,acc,sg","f,III,acc,sg"
"basis:nompl","f,III,nom,pl","f,III,acc,pl","f,III,acc,pl","f,III,acc,pl","f,III,acc,pl","f,III,acc,pl","f,III,acc,pl","f,III,acc,pl","f,III,acc,pl","f,III,acc,pl","f,III,acc,pl","f,III,acc,pl","f,III,acc,pl","f,III,acc,pl","f,III,acc,pl","f,III,acc,pl"
"basis:genpl","f,III,gen,pl","f,III,gen,pl","f,III,acc,pl","f,III,acc,pl","f,III,acc,sg","f,III,acc,sg","f,III,acc,sg","f,III,acc,pl","f,III,acc,sg","f,III,acc,sg","f,III,acc,sg","n,II,acc,sg","f,III,acc,sg","f,III,acc,sg","f,III,acc,sg","f,III,acc,sg"
"basis:accpl","f,III,acc,pl","f,III,acc,pl","f,III,acc,pl","f,III,acc,pl","f,III,acc,pl","f,III,acc,pl","f,III,acc,pl","f,III,acc,pl","f,III,acc,pl","f,III,acc,pl","f,III,acc,pl","f,III,acc,pl","f,III,acc,pl","f,III,acc,pl","f,III,acc,pl","f,III,acc,pl"
"bellum:nomsg","n,II,nom,sg","n,II,acc,sg","n,II,acc,sg","n,II,acc,sg","n,II,acc,sg","n,II,acc,sg","n,II,acc,sg","n,II,acc,sg","n,II,acc,sg","n,II,acc,sg","n,II,acc,sg","n,II,acc,sg","n,II,acc,sg","n,II,acc,sg","n,II,acc,sg","n,II,acc,sg"
"bellum:gensg","n,II,gen,sg","n,II,gen,pl","n,II,acc,pl","n,II,acc,pl","n,II,acc,pl","n,II,acc,pl","n,II,acc,pl","n,II,acc,pl","n,II,acc,pl","n,II,acc,pl","n,II,acc,pl","n,II,acc,pl","n,II,acc,pl","n,II,acc,pl","n,II,acc,pl","n,II,acc,pl"
"bellum:accsg","n,II,acc,sg","n,II,acc,sg","n,II,acc,sg","n,II,acc,sg","n,II,acc,sg","n,II,acc,sg","n,II,acc,sg","n,II,acc,sg","n,II,acc,sg","n,II,acc,sg","n,II,acc,sg","n,II,acc,sg","n,II,acc,sg","n,II,acc,sg","n,II,acc,sg","n,II,acc,sg"
"bellum:nompl","n,II,nom,pl","n,II,nom,pl","f,II,acc,pl","f,I,acc,sg","f,I,acc,pl","f,I,acc,pl","f,I,acc,pl","f,I,acc,sg","f,I,acc,pl","f,I,acc,pl","f,I,acc,pl","f,I,acc,pl","f,I,acc,pl","f,I,acc,pl","f,I,acc,pl","f,I,acc,pl"
"bellum:genpl","n,II,gen,pl","n,II,gen,pl","n,II,acc,pl","n,II,acc,pl","f,II,acc,pl","n,II,acc,pl","n,II,acc,pl","n,II,acc,pl","n,II,acc,pl","n,II,acc,pl","n,II,acc,pl","n,II,acc,pl","n,II,acc,pl","n,II,acc,pl","n,II,acc,pl","n,II,acc,pl"
"bellum:accpl","n,II,acc,pl","n,II,nom,pl","f,II,acc,pl","f,I,acc,sg","f,I,acc,pl","f,I,acc,pl","f,I,acc,pl","f,I,acc,sg","f,I,acc,pl","f,I,acc,pl","f,I,acc,pl","f,I,acc,pl","f,I,acc,pl","f,I,acc,pl","f,I,acc,pl","f,I,acc,pl"
"bestia:nomsg","f,I,nom,sg","f,I,acc,sg","f,I,nom,sg","f,I,acc,pl","f,I,acc,pl","f,I,acc,pl","f,I,acc,pl","f,I,acc,sg","f,I,acc,pl","f,I,acc,pl","f,I,acc,pl","f,I,acc,pl","f,I,acc,pl","f,I,acc,pl","f,I,acc,pl","f,I,acc,pl"
"bestia:gensg","f,I,gen,sg","f,I,acc,sg","f,I,acc,pl","f,I,acc,pl","f,I,acc,pl","f,I,acc,pl","f,I,acc,pl","f,I,acc,pl","f,I,acc,pl","f,I,acc,pl","f,I,acc,pl","f,I,acc,pl","f,I,acc,pl","f,I,acc,pl","f,I,acc,pl","f,I,acc,pl"
"bestia:accsg","f,I,acc,sg","f,I,acc,sg","f,I,acc,sg","f,I,acc,sg","f,I,acc,sg","f,I,acc,sg","f,I,acc,sg","f,I,acc,sg","f,I,acc,sg","f,I,acc,sg","f,I,acc,sg","f,I,acc,sg","f,I,acc,sg","f,I,acc,sg","f,I,acc,sg","f,I,acc,sg"
"bestia:nompl","f,I,nom,pl","f,I,acc,sg","f,I,acc,pl","f,I,acc,pl","f,I,acc,pl","f,I,acc,pl","f,I,acc,pl","f,I,acc,pl","f,I,acc,pl","f,I,acc,pl","f,I,acc,pl","f,I,acc,pl","f,I,acc,pl","f,I,acc,pl","f,I,acc,pl","f,I,acc,pl"
"bestia:genpl","f,I,gen,pl","f,I,gen,pl","f,I,acc,pl","f,I,acc,pl","f,I,acc,pl","f,I,acc,pl","f,I,acc,pl","f,I,acc,pl","f,I,acc,pl","f,I,acc,pl","f,I,acc,pl","f,I,acc,pl","f,I,acc,pl","f,I,acc,pl","f,I,acc,pl","f,I,acc,pl"
"bestia:accpl","f,I,acc,pl","f,I,acc,pl","f,I,acc,pl","f,I,acc,pl","f,I,acc,pl","f,I,acc,pl","f,I,acc,pl","f,I,acc,pl","f,I,acc,pl","f,I,acc,pl","f,I,acc,pl","f,I,acc,pl","f,I,acc,pl","f,I,acc,pl","f,I,acc,pl","f,I,acc,pl"
"bonum:nomsg","m,II,nom,sg","n,II,nom,sg","n,II,nom,sg","n,II,nom,sg","n,II,nom,sg","n,II,acc,sg","n,II,acc,sg","n,II,acc,sg","n,II,acc,sg","n,II,acc,sg","n,II,acc,sg","n,II,acc,sg","n,II,acc,sg","n,II,acc,sg","n,II,acc,sg","n,II,acc,sg"
"bonum:gensg","m,II,gen,sg","n,II,acc,pl","n,II,acc,pl","n,II,acc,pl","n,II,acc,pl","n,II,acc,pl","n,II,acc,pl","n,II,acc,pl","n,II,acc,pl","n,II,acc,pl","n,II,acc,pl","n,II,acc,pl","n,II,acc,pl","n,II,acc,pl","n,II,acc,pl","n,II,acc,pl"
"bonum:accsg","m,II,acc,sg","n,II,acc,sg","n,II,acc,sg","n,II,acc,sg","n,II,acc,sg","n,II,acc,sg","n,II,acc,sg","n,II,acc,sg","n,II,acc,sg","n,II,acc,sg","n,II,acc,sg","n,II,acc,sg","n,II,acc,sg","n,II,acc,sg","n,II,acc,sg","n,II,acc,sg"
"bonum:nompl","m,II,nom,pl","n,II,acc,pl","n,II,acc,pl","n,II,acc,pl","n,II,acc,pl","n,II,acc,pl","n,II,acc,pl","n,II,acc,pl","n,II,acc,pl","n,II,acc,pl","n,II,acc,pl","n,II,acc,pl","n,II,acc,pl","n,II,acc,pl","n,II,acc,pl","n,II,acc,pl"
"bonum:genpl","m,II,gen,pl","n,III,gen,pl","n,II,acc,pl","n,II,acc,pl","n,II,acc,pl","n,II,acc,pl","n,II,acc,pl","n,II,acc,pl","n,II,acc,pl","n,II,acc,pl","n,II,acc,pl","n,II,acc,pl","n,II,acc,pl","n,II,acc,pl","n,II,acc,pl","n,II,acc,pl"
"bonum:accpl","m,II,acc,pl","m,II,acc,pl","m,II,acc,pl","n,II,nom,pl","n,II,acc,pl","n,II,acc,pl","n,II,acc,pl","n,II,acc,pl","n,II,acc,pl","n,II,acc,pl","n,II,acc,pl","n,II,acc,pl","n,II,acc,pl","n,II,acc,pl","n,II,acc,pl","n,II,acc,pl"
"bos:nomsg","m,III,nom,sg","n,III,acc,sg","m,III,acc,sg","n,III,nom,sg","f,III,nom,sg","f,III,acc,sg","f,III,acc,pl","f,III,acc,pl","f,III,acc,pl","f,III,acc,pl","f,III,acc,pl","f,II,acc,pl","f,III,acc,pl","f,II,acc,pl","n,II,acc,pl","n,II,acc,pl"
"bos:gensg","m,III,gen,sg","m,III,acc,sg","m,III,acc,sg","f,III,acc,sg","f,III,acc,sg","f,III,acc,sg","f,III,acc,pl","f,III,acc,pl","f,III,acc,pl","f,III,acc,pl","f,III,acc,pl","f,III,acc,pl","f,III,acc,pl","f,III,acc,sg","f,III,acc,sg","f,III,acc,sg"
"bos:accsg","m,III,acc,sg","m,III,acc,sg","m,III,acc,sg","f,III,acc,sg","f,III,acc,sg","f,III,acc,sg","f,III,acc,sg","f,III,acc,sg","f,III,acc,sg","f,III,acc,sg","f,III,acc,sg","f,III,acc,sg","f,III,acc,sg","f,III,acc,sg","f,III,acc,sg","f,III,acc,sg"
"bos:nompl","m,III,nom,pl","n,III,acc,pl","m,III,acc,pl","f,III,acc,pl","f,III,acc,pl","f,III,acc,pl","f,III,acc,pl","f,III,acc,pl","f,III,acc,pl","f,III,acc,pl","f,III,acc,pl","f,III,acc,sg","f,III,acc,sg","f,III,acc,sg","f,III,acc,sg","f,III,acc,sg"
"bos:genpl","m,III,gen,pl","n,III,gen,pl","m,II,acc,pl","n,II,acc,sg","n,II,acc,sg","f,III,acc,sg","f,III,acc,pl","f,III,acc,sg","f,III,acc,sg","f,III,acc,sg","f,III,acc,sg","n,II,acc,pl","f,III,acc,sg","n,III,acc,sg","f,III,acc,sg","f,I,acc,sg"
"bos:accpl","m,III,acc,pl","n,III,acc,pl","m,III,acc,pl","f,III,acc,pl","f,III,acc,pl","f,III,acc,pl","f,III,acc,pl","f,III,acc,pl","f,III,acc,pl","f,III,acc,pl","f,III,acc,pl","f,III,acc,sg","f,III,acc,sg","f,III,acc,sg","f,III,acc,sg","f,III,acc,sg"
"brachium:nomsg","n,II,nom,sg","n,II,acc,sg","n,II,acc,sg","n,II,acc,sg","n,II,acc,sg","n,II,acc,sg","n,II,acc,sg","n,II,acc,sg","n,II,acc,sg","n,II,acc,sg","n,II,acc,sg","n,II,acc,sg","n,II,acc,sg","n,II,acc,sg","n,II,acc,sg","n,II,acc,sg"
"brachium:gensg","n,II,gen,sg","n,II,gen,sg","n,II,acc,pl","n,II,acc,pl","n,II,acc,pl","n,II,acc,pl","n,II,acc,pl","n,II,acc,pl","n,II,acc,pl","n,II,acc,pl","n,II,acc,pl","n,II,acc,pl","n,II,acc,pl","n,II,acc,pl","n,II,acc,pl","n,II,acc,pl"
"brachium:accsg","n,II,acc,sg","n,II,acc,sg","n,II,acc,sg","n,II,acc,sg","n,II,acc,sg","n,II,acc,sg","n,II,acc,sg","n,II,acc,sg","n,II,acc,sg","n,II,acc,sg","n,II,acc,sg","n,II,acc,sg","n,II,acc,sg","n,II,acc,sg","n,II,acc,sg","n,II,acc,sg"
"brachium:nompl","n,II,nom,pl","n,II,acc,sg","f,I,acc,pl","f,I,acc,pl","f,I,acc,pl","f,I,acc,pl","f,I,acc,pl","f,I,acc,pl","f,I,acc,pl","f,I,acc,pl","f,I,acc,pl","f,I,acc,pl","f,I,acc,pl","f,I,acc,pl","f,I,acc,pl","f,I,acc,pl"
"brachium:genpl","n,II,gen,pl","n,II,gen,pl","n,II,acc,pl","f,II,acc,pl","f,II,acc,pl","n,II,acc,pl","n,II,acc,pl","n,II,acc,pl","n,II,acc,pl","n,II,acc,pl","f,I,acc,pl","n,II,acc,pl","n,II,acc,pl","n,II,acc,pl","n,II,acc,pl","n,II,acc,pl"
"brachium:accpl","n,II,acc,pl","n,II,acc,sg","f,I,acc,pl","f,I,acc,pl","f,I,acc,pl","f,I,acc,pl","f,I,acc,pl","f,I,acc,pl","f,I,acc,pl","f,I,acc,pl","f,I,acc,pl","f,I,acc,pl","f,I,acc,pl","f,I,acc,pl","f,I,acc,pl","f,I,acc,pl"
"bucca:nomsg","f,I,nom,sg","f,I,acc,pl","f,II,nom,sg","f,I,acc,pl","f,I,acc,pl","f,I,acc,pl","f,I,acc,pl","f,I,acc,pl","f,I,acc,pl","f,I,acc,pl","f,I,acc,pl","f,I,acc,pl","f,I,acc,pl","f,I,acc,pl","f,I,acc,pl","f,I,acc,sg"
"bucca:gensg","f,I,gen,sg","f,I,acc,pl","f,I,acc,pl","f,I,acc,pl","f,I,acc,pl","f,I,acc,pl","f,I,acc,pl","f,I,acc,pl","f,I,acc,pl","f,I,acc,pl","f,I,acc,pl","f,I,acc,pl","f,I,acc,pl","f,I,acc,pl","f,I,acc,pl","f,I,acc,pl"
"bucca:accsg","f,I,acc,sg","f,I,acc,sg","f,I,acc,sg","f,I,acc,sg","f,I,acc,sg","f,I,acc,sg","f,I,acc,sg","f,I,acc,sg","f,I,acc,sg","f,I,acc,sg","f,I,acc,sg","f,I,acc,sg","f,I,acc,sg","f,I,acc,sg","f,I,acc,sg","f,I,acc,sg"
"bucca:nompl","f,I,nom,pl","f,I,acc,pl","f,I,acc,pl","f,I,acc,pl","f,I,acc,pl","f,I,acc,pl","f,I,acc,pl","f,I,acc,pl","f,I,acc,pl","f,I,acc,pl","f,I,acc,pl","f,I,acc,pl","f,I,acc,pl","f,I,acc,pl","f,I,acc,pl","f,I,acc,pl"
"bucca:genpl","f,I,gen,pl","f,III,gen,pl","f,I,acc,pl","f,I,acc,pl","f,I,acc,pl","f,I,acc,pl","f,I,acc,pl","f,I,acc,pl","f,I,acc,pl","f,I,acc,pl","f,I,acc,pl","f,I,acc,pl","f,I,acc,pl","f,I,acc,pl","f,I,acc,pl","f,I,acc,sg"
"bucca:accpl","f,I,acc,pl","f,I,acc,pl","f,I,acc,pl","f,I,acc,pl","f,I,acc,pl","f,I,acc,pl","f,I,acc,pl","f,I,acc,pl","f,I,acc,pl","f,I,acc,pl","f,I,acc,pl","f,I,acc,pl","f,I,acc,pl","f,I,acc,pl","f,I,acc,pl","f,I,acc,pl"
"cadaver:nomsg","n,III,nom,sg","m,III,nom,sg","m,III,nom,sg","n,III,acc,sg","f,III,acc,sg","f,III,acc,sg","f,III,acc,sg","f,III,acc,sg","f,III,acc,sg","f,III,acc,sg","f,III,acc,sg","f,III,acc,sg","f,III,acc,sg","f,III,acc,sg","f,III,acc,sg","f,III,acc,sg"
"cadaver:gensg","n,III,gen,sg","f,III,gen,pl","m,III,acc,sg","f,III,acc,sg","f,III,acc,pl","f,III,acc,sg","f,III,acc,sg","f,III,acc,sg","f,III,acc,sg","f,III,acc,sg","f,III,acc,sg","f,III,acc,sg","f,III,acc,sg","f,III,acc,sg","f,III,acc,sg","f,III,acc,sg"
"cadaver:accsg","n,III,acc,sg","m,III,nom,sg","m,III,nom,sg","n,III,acc,sg","f,III,acc,sg","f,III,acc,sg","f,III,acc,sg","f,III,acc,sg","f,III,acc,sg","f,III,acc,sg","f,III,acc,sg","f,III,acc,sg","f,III,acc,sg","f,III,acc,sg","f,III,acc,sg","f,III,acc,sg"
"cadaver:nompl","n,III,nom,pl","n,II,gen,pl","n,II,acc,pl","f,III,acc,pl","f,III,acc,pl","f,III,acc,pl","f,III,acc,pl","f,III,acc,pl","f,III,acc,sg","f,III,acc,pl","f,III,acc,sg","f,III,acc,sg","f,III,acc,sg","f,III,acc,sg","f,III,acc,sg","f,III,acc,sg"
"cadaver:genpl","n,III,gen,pl","f,III,gen,pl","f,II,acc,pl","f,III,acc,pl","f,III,acc,sg","f,III,acc,sg","f,III,acc,sg","f,III,acc,sg","f,III,acc,sg","f,III,acc,sg","f,III,acc,sg","f,III,acc,sg","f,III,acc,sg","f,III,acc,sg","f,III,acc,sg","f,III,acc,sg"
"cadaver:accpl","n,III,acc,pl","n,II,gen,pl","n,II,acc,pl","f,III,acc,pl","f,III,acc,pl","f,III,acc,pl","f,III,acc,pl","f,III,acc,pl","f,III,acc,sg","f,III,acc,pl","f,III,acc,sg","f,III,acc,sg","f,III,acc,sg","f,III,acc,sg","f,III,acc,sg","f,III,acc,sg"
"caelum:nomsg","n,II,nom,sg","n,II,acc,sg","n,II,acc,sg","n,II,acc,sg","n,II,acc,sg","n,II,acc,sg","n,II,acc,sg","n,II,acc,sg","n,II,acc,sg","n,II,acc,sg","n,II,acc,sg","n,II,acc,sg","n,II,acc,sg","n,II,acc,sg","n,II,acc,sg","n,II,acc,sg"
"caelum:gensg","n,II,gen,sg","n,II,acc,pl","n,II,acc,pl","n,II,acc,pl","n,II,acc,pl","n,II,acc,pl","n,II,acc,pl","n,II,acc,pl","n,II,acc,pl","n,II,acc,pl","n,II,acc,pl","n,II,acc,pl","n,II,acc,pl","n,II,acc,pl","n,II,acc,pl","n,II,acc,pl"
"caelum:accsg","n,II,acc,sg","n,II,acc,sg","n,II,acc,sg","n,II,acc,sg","n,II,acc,sg","n,II,acc,sg","n,II,acc,sg","n,II,acc,sg","n,II,acc,sg","n,II,acc,sg","n,II,acc,sg","n,II,acc,sg","n,II,acc,sg","n,II,acc,sg","n,II,acc,sg","n,II,acc,sg"
"caelum:nompl","n,II,nom,pl","n,II,nom,pl","n,II,nom,pl","f,I,acc,pl","f,I,acc,pl","f,I,acc,pl","f,I,acc,pl","f,I,acc,pl","f,I,acc,pl","f,I,acc,pl","f,I,acc,pl","f,I,acc,pl","f,I,acc,pl","f,I,acc,pl","f,I,acc,pl","f,I,acc,pl"
"caelum:genpl","n,II,gen,pl","n,II,gen,pl","n,II,acc,pl","n,II,acc,pl","n,II,acc,pl","n,II,acc,pl","n,II,acc,pl","n,II,acc,pl","n,II,acc,pl","n,II,acc,pl","n,II,acc,pl","n,II,acc,pl","n,II,acc,pl","n,II,acc,pl","n,II,acc,pl","n,II,acc,pl"
"caelum:accpl","n,II,acc,pl","n,II,nom,pl","n,II,nom,pl","f,I,acc,pl","f,I,acc,pl","f,I,acc,pl","f,I,acc,pl","f,I,acc,pl","f,I,acc,pl","f,I,acc,pl","f,I,acc,pl","f,I,acc,pl","f,I,acc,pl","f,I,acc,pl","f,I,acc,pl","f,I,acc,pl"
"caepa:nomsg","f,I,nom,sg","f,II,nom,pl","f,I,acc,pl","n,I,acc,pl","f,I,acc,pl","f,I,acc,pl","f,I,acc,pl","f,I,acc,pl","f,I,acc,pl","f,I,acc,pl","f,I,acc,pl","f,I,acc,pl","f,I,acc,pl","f,I,acc,pl","f,I,acc,pl","f,I,acc,pl"
"caepa:gensg","f,I,gen,sg","f,I,acc,pl","f,I,acc,pl","f,I,acc,pl","f,I,acc,pl","f,I,acc,pl","f,I,acc,pl","f,I,acc,pl","f,I,acc,pl","f,I,acc,pl","f,I,acc,pl","f,I,acc,pl","f,I,acc,pl","f,I,acc,pl","f,I,acc,pl","f,I,acc,pl"
"caepa:accsg","f,I,acc,sg","f,I,acc,sg","f,I,acc,sg","f,I,acc,sg","f,I,acc,sg","f,I,acc,sg","f,I,acc,sg","f,I,acc,sg","f,I,acc,sg","f,I,acc,sg","f,I,acc,sg","f,I,acc,sg","f,I,acc,sg","f,I,acc,sg","f,I,acc,sg","f,I,acc,sg"
"caepa:nompl","f,I,nom,pl","f,I,acc,pl","f,I,acc,pl","f,I,acc,pl","f,I,acc,pl","f,I,acc,pl","f,I,acc,pl","f,I,acc,pl","f,I,acc,pl","f,I,acc,pl","f,I,acc,pl","f,I,acc,pl","f,I,acc,pl","f,I,acc,pl","f,I,acc,pl","f,I,acc,pl"
"caepa:genpl","f,I,gen,pl","f,III,gen,pl","f,I,acc,pl","f,I,acc,pl","f,I,acc,pl","f,I,acc,pl","f,I,acc,pl","f,I,acc,pl","f,I,acc,pl","f,I,acc,pl","f,I,acc,pl","f,I,acc,pl","f,I,acc,pl","f,I,acc,pl","f,I,acc,pl","f,I,acc,pl"
"caepa:accpl","f,I,acc,pl","f,I,acc,pl","f,I,acc,pl","f,I,acc,pl","f,I,acc,pl","f,I,acc,pl","f,I,acc,pl","f,I,acc,pl","f,I,acc,pl","f,I,acc,pl","f,I,acc,pl","f,I,acc,pl","f,I,acc,pl","f,I,acc,pl","f,I,acc,pl","f,I,acc,pl"
"caligo:nomsg","f,III,nom,sg","n,II,acc,pl","n,II,acc,pl","n,II,acc,pl","n,II,acc,pl","n,II,acc,pl","n,II,acc,pl","n,II,acc,pl","n,II,acc,pl","n,II,acc,pl","n,II,acc,pl","n,II,acc,pl","n,II,acc,pl","n,II,acc,pl","n,II,acc,pl","n,II,acc,pl"
"caligo:gensg","f,III,gen,sg","f,III,acc,sg","m,III,acc,sg","f,III,acc,sg","f,III,acc,sg","f,III,acc,sg","f,III,acc,pl","f,III,acc,sg","f,III,acc,sg","f,III,acc,sg","f,III,acc,sg","f,III,acc,sg","f,III,acc,sg","f,III,acc,sg","f,III,acc,sg","f,III,acc,sg"
"caligo:accsg","f,III,acc,sg","n,III,acc,sg","m,III,acc,sg","f,III,acc,sg","f,III,acc,sg","f,III,acc,sg","f,III,acc,sg","f,III,acc,sg","f,III,acc,sg","f,III,acc,sg","f,III,acc,sg","f,III,acc,sg","f,III,acc,sg","f,III,acc,sg","f,III,acc,sg","f,III,acc,sg"
"caligo:nompl","f,III,nom,pl","n,III,acc,pl","m,III,acc,sg","f,III,acc,pl","f,III,acc,pl","f,III,acc,pl","n,II,acc,pl","f,III,acc,pl","f,III,acc,sg","f,III,acc,sg","f,III,acc,sg","f,III,acc,sg","f,III,acc,sg","f,III,acc,sg","f,III,acc,sg","f,III,acc,sg"
"caligo:genpl","f,III,gen,pl","n,III,acc,pl","f,III,nom,pl","f,II,acc,pl","f,III,acc,sg","f,III,acc,sg","n,II,acc,pl","f,III,acc,sg","n,II,acc,sg","f,III,acc,sg","f,III,acc,sg","f,III,acc,sg","f,III,acc,sg","f,III,acc,sg","f,III,acc,sg","f,III,acc,sg"
"caligo:accpl","f,III,acc,pl","n,III,acc,pl","m,III,acc,sg","f,III,acc,pl","f,III,acc,pl","f,III,acc,pl","n,II,acc,pl","f,III,acc,pl","f,III,acc,sg","f,III,acc,sg","f,III,acc,sg","f,III,acc,sg","f,III,acc,sg","f,III,acc,sg","f,III,acc,sg","f,III,acc,sg"
"calix:nomsg","m,III,nom,sg","n,III,nom,sg","f,III,nom,sg","f,III,acc,sg","f,III,nom,sg","f,III,acc,sg","f,III,acc,sg","f,III,acc,sg","f,III,acc,sg","f,III,acc,sg","f,III,acc,sg","f,III,acc,sg","f,III,acc,sg","f,III,acc,sg","f,III,acc,sg","f,III,acc,sg"
"calix:gensg","m,III,gen,sg","m,III,acc,sg","f,III,acc,sg","f,III,acc,sg","f,III,acc,sg","f,III,acc,sg","f,III,acc,sg","f,III,acc,sg","f,III,acc,sg","f,III,acc,sg","f,III,acc,sg","f,III,acc,sg","f,III,acc,sg","f,III,acc,sg","f,III,acc,sg","f,III,acc,sg"
"calix:accsg","m,III,acc,sg","f,III,acc,sg","f,III,acc,sg","f,III,acc,sg","f,III,acc,sg","f,III,acc,sg","f,III,acc,sg","f,III,acc,sg","f,III,acc,sg","f,III,acc,sg","f,III,acc,sg","f,III,acc,sg","f,III,acc,sg","f,III,acc,sg","f,III,acc,sg","f,III,acc,sg"
"calix:nompl","m,III,nom,pl","n,III,acc,pl","f,III,acc,pl","f,III,acc,pl","f,III,acc,sg","f,III,acc,sg","f,III,acc,pl","f,III,acc,pl","f,III,acc,sg","f,III,acc,sg","f,III,acc,sg","f,III,acc,sg","f,III,acc,sg","f,III,acc,sg","f,III,acc,sg","f,III,acc,sg"
"calix:genpl","m,III,gen,pl","f,III,gen,pl","n,III,acc,sg","f,II,acc,pl","f,III,acc,sg","f,III,acc,sg","f,III,acc,sg","f,III,acc,sg","f,III,acc,sg","f,III,acc,sg","f,III,acc,sg","f,III,acc,sg","f,III,acc,sg","f,III,acc,sg","f,III,acc,sg","f,III,acc,sg"
"calix:accpl","m,III,acc,pl","n,III,acc,pl","f,III,acc,pl","f,III,acc,pl","f,III,acc,sg","f,III,acc,sg","f,III,acc,pl","f,III,acc,pl","f,III,acc,sg","f,III,acc,sg","f,III,acc,sg","f,III,acc,sg","f,III,acc,sg","f,III,acc,sg","f,III,acc,sg","f,III,acc,sg"
"campus:nomsg","m,II,nom,sg","n,II,nom,sg","n,II,nom,sg","n,II,acc,sg","n,II,acc,sg","n,II,acc,sg","n,II,acc,sg","n,II,acc,sg","n,II,acc,sg","n,II,acc,sg","n,II,acc,sg","n,II,acc,sg","n,II,acc,sg","n,II,acc,sg","n,II,acc,sg","n,II,acc,sg"
"campus:gensg","m,II,gen,sg","n,II,gen,pl","n,II,acc,pl","n,II,acc,pl","n,II,acc,pl","n,II,acc,pl","n,II,acc,pl","n,II,acc,pl","n,II,acc,pl","n,II,acc,pl","n,II,acc,pl","n,II,acc,pl","n,II,acc,pl","n,II,acc,pl","n,II,acc,pl","n,II,acc,pl"
"campus:accsg","m,II,acc,sg","n,II,acc,sg","n,II,acc,sg","n,II,acc,sg","n,II,acc,sg","n,II,acc,sg","n,II,acc,sg","n,II,acc,sg","n,II,acc,sg","n,II,acc,sg","n,II,acc,sg","n,II,acc,sg","n,II,acc,sg","n,II,acc,sg","n,II,acc,sg","n,II,acc,sg"
"campus:nompl","m,II,nom,pl","n,II,gen,pl","n,II,acc,pl","n,II,acc,pl","n,II,acc,pl","n,II,acc,pl","n,II,acc,pl","n,II,acc,pl","n,II,acc,pl","n,II,acc,pl","n,II,acc,pl","n,II,acc,pl","n,II,acc,pl","n,II,acc,pl","n,II,acc,pl","n,II,acc,pl"
"campus:genpl","m,II,gen,pl","n,II,gen,pl","n,II,acc,pl","f,II,acc,pl","f,II,acc,pl","f,III,acc,pl","n,II,acc,pl","n,II,acc,pl","n,II,acc,pl","n,II,acc,pl","n,II,acc,pl","n,II,acc,pl","n,II,acc,pl","n,II,acc,pl","n,II,acc,pl","n,II,acc,pl"
"campus:accpl","m,II,acc,pl","m,II,acc,pl","m,II,acc,pl","m,III,acc,pl","f,III,acc,pl","f,III,acc,pl","n,II,acc,pl","n,II,acc,pl","n,II,acc,pl","n,II,acc,pl","n,II,acc,pl","n,II,acc,pl","n,II,acc,pl","n,II,acc,pl","n,II,acc,pl","n,II,acc,pl"
"canis:nomsg","m,III,nom,sg","m,III,acc,sg","m,III,acc,sg","f,III,acc,sg","f,III,acc,sg","f,III,acc,sg","f,III,acc,pl","f,III,acc,pl","f,III,acc,pl","f,III,acc,pl","f,III,acc,pl","f,III,acc,pl","f,III,acc,pl","f,III,acc,pl","f,III,acc,pl","f,III,acc,pl"
"canis:gensg","m,III,gen,sg","m,III,acc,sg","m,III,acc,sg","f,III,acc,sg","f,III,acc,sg","f,III,acc,sg","f,III,acc,pl","f,III,acc,pl","f,III,acc,pl","f,III,acc,pl","f,III,acc,pl","f,III,acc,pl","f,III,acc,pl","f,III,acc,pl","f,III,acc,pl","f,III,acc,pl"
"canis:accsg","m,III,acc,sg","f,III,acc,sg","m,III,acc,sg","f,III,acc,sg","f,III,acc,sg","f,III,acc,sg","f,III,acc,sg","f,III,acc,sg","f,III,acc,sg","f,III,acc,sg","f,III,acc,sg","f,III,acc,sg","f,III,acc,sg","f,III,acc,sg","f,III,acc,sg","f,III,acc,sg"
"canis:nompl","m,III,nom,pl","f,III,acc,pl","f,III,acc,pl","f,III,acc,pl","f,III,acc,pl","f,III,acc,pl","f,III,acc,pl","f,III,acc,pl","f,III,acc,pl","f,III,acc,pl","f,III,acc,pl","f,III,acc,pl","f,III,acc,pl","f,III,acc,pl","f,III,acc,pl","f,III,acc,pl"
"canis:genpl","m,III,gen,pl","n,III,gen,pl","f,I,acc,pl","f,I,acc,pl","f,I,acc,pl","f,III,acc,pl","f,I,acc,sg","f,I,acc,pl","f,I,acc,pl","f,I,acc,sg","f,I,acc,pl","f,III,acc,sg","f,I,acc,sg","f,III,acc,sg","f,I,acc,pl","f,I,acc,pl"
"canis:accpl","m,III,acc,pl","f,III,acc,pl","f,III,acc,pl","f,III,acc,pl","f,III,acc,pl","f,III,acc,pl","f,III,acc,pl","f,III,acc,pl","f,III,acc,pl","f,III,acc,pl","f,III,acc,pl","f,III,acc,pl","f,III,acc,pl","f,III,acc,pl","f,III,acc,pl","f,III,acc,pl"
"canistrum:nomsg","n,II,nom,sg","n,II,acc,sg","n,II,acc,sg","n,II,acc,sg","n,II,acc,sg","n,II,acc,sg","n,II,acc,sg","n,II,acc,sg","n,II,acc,sg","n,II,acc,sg","n,II,acc,sg","n,II,acc,sg","n,II,acc,sg","n,II,acc,sg","n,II,acc,sg","n,II,acc,sg"
"canistrum:gensg","n,II,gen,sg","n,II,acc,sg","n,II,acc,pl","n,II,acc,pl","n,II,acc,pl","n,II,acc,pl","n,II,acc,pl","n,II,acc,pl","n,II,acc,pl","n,II,acc,pl","n,II,acc,pl","n,II,acc,pl","n,II,acc,pl","n,II,acc,pl","n,II,acc,pl","n,II,acc,pl"
"canistrum:accsg","n,II,acc,sg","n,II,acc,sg","n,II,acc,sg","n,II,acc,sg","n,II,acc,sg","n,II,acc,sg","n,II,acc,sg","n,II,acc,sg","n,II,acc,sg","n,II,acc,sg","n,II,acc,sg","n,II,acc,sg","n,II,acc,sg","n,II,acc,sg","n,II,acc,sg","n,II,acc,sg"
"canistrum:nompl","n,II,nom,pl","n,II,acc,pl","f,I,acc,pl","f,I,acc,sg","f,I,acc,sg","f,I,acc,sg","f,I,acc,sg","f,I,acc,pl","f,I,acc,pl","f,I,acc,pl","f,I,acc,pl","f,I,acc,pl","f,I,acc,pl","f,I,acc,pl","f,I,acc,pl","f,I,acc,pl"
"canistrum:genpl","n,II,gen,pl","n,II,gen,pl","n,II,acc,pl","f,II,acc,pl","n,II,acc,sg","n,II,acc,pl","n,II,acc,pl","n,II,acc,pl","n,II,acc,pl","n,II,acc,pl","n,II,acc,pl","n,II,acc,pl","n,II,acc,pl","n,II,acc,pl","n,II,acc,pl","n,II,acc,pl"
"canistrum:accpl","n,II,acc,pl","n,II,acc,pl","f,I,acc,pl","f,I,acc,sg","f,I,acc,sg","f,I,acc,sg","f,I,acc,sg","f,I,acc,pl","f,I,acc,pl","f,I,acc,pl","f,I,acc,pl","f,I,acc,pl","f,I,acc,pl","f,I,acc,pl","f,I,acc,pl","f,I,acc,pl"
"cannabis:nomsg","f,III,nom,sg","f,III,nom,sg","f,I,nom,sg","f,III,nom,sg","f,III,acc,sg","f,III,acc,sg","f,III,acc,sg","f,III,acc,sg","n,II,acc,sg","f,III,acc,sg","n,II,acc,sg","f,III,acc,sg","f,III,acc,sg","f,III,acc,sg","f,III,acc,sg","f,III,acc,sg"
"cannabis:gensg","f,III,gen,sg","f,III,nom,sg","f,I,nom,sg","f,III,nom,sg","f,III,acc,sg","f,III,acc,sg","f,III,acc,sg","f,III,acc,sg","n,II,acc,sg","f,III,acc,sg","n,II,acc,sg","f,III,acc,sg","f,III,acc,sg","f,III,acc,sg","f,III,acc,sg","f,III,acc,sg"
"cannabis:accsg","f,III,acc,sg","f,III,acc,sg","f,I,acc,sg","f,III,acc,sg","n,III,acc,sg","f,III,acc,sg","f,III,acc,sg","f,III,acc,sg","n,II,acc,sg","f,III,acc,sg","f,III,acc,sg","f,III,acc,sg","f,III,acc,sg","f,III,acc,sg","f,III,acc,sg","f,III,acc,sg"
"cannabis:nompl","f,III,nom,pl","f,III,acc,pl","f,II,nom,pl","f,III,acc,pl","f,III,acc,sg","f,III,acc,pl","f,III,acc,pl","f,III,acc,pl","f,III,acc,pl","f,III,acc,pl","f,III,acc,pl","f,III,acc,pl","f,III,acc,pl","f,III,acc,pl","f,III,acc,pl","f,III,acc,pl"
"cannabis:genpl","f,III,gen,pl","f,III,gen,pl","f,II,nom,pl","f,I,acc,sg","n,II,acc,pl","f,III,acc,sg","f,III,acc,sg","f,III,acc,sg","n,II,acc,sg","f,III,acc,sg","n,II,acc,sg","f,III,acc,sg","f,III,acc,sg","f,III,acc,sg","f,III,acc,sg","f,III,acc,sg"
"cannabis:accpl","f,III,acc,pl","f,III,acc,pl","f,II,nom,pl","f,III,acc,pl","f,III,acc,sg","f,III,acc,pl","f,III,acc,pl","f,III,acc,pl","f,III,acc,pl","f,III,acc,pl","f,III,acc,pl","f,III,acc,pl","f,III,acc,pl","f,III,acc,pl","f,III,acc,pl","f,III,acc,pl"
"canticum:nomsg","n,II,nom,sg","n,II,acc,sg","n,II,acc,sg","n,II,acc,sg","n,II,acc,sg","n,II,acc,sg","n,II,acc,sg","n,II,acc,sg","n,II,acc,sg","n,II,acc,sg","n,II,acc,sg","n,II,acc,sg","n,II,acc,sg","n,II,acc,sg","n,II,acc,sg","n,II,acc,sg"
"canticum:gensg","n,II,gen,sg","n,II,acc,pl","n,II,acc,pl","n,II,acc,pl","n,II,acc,pl","n,II,acc,pl","f,II,acc,pl","n,II,acc,pl","n,II,acc,pl","n,II,acc,pl","n,II,acc,pl","n,II,acc,pl","n,II,acc,pl","n,II,acc,pl","n,II,acc,pl","n,II,acc,pl"
"canticum:accsg","n,II,acc,sg","n,II,acc,sg","n,II,acc,sg","n,II,acc,sg","n,II,acc,sg","n,II,acc,sg","n,II,acc,sg","n,II,acc,sg","n,II,acc,sg","n,II,acc,sg","n,II,acc,sg","n,II,acc,sg","n,II,acc,sg","n,II,acc,sg","n,II,acc,sg","n,II,acc,sg"
"canticum:nompl","n,II,nom,pl","n,II,acc,pl","f,I,nom,pl","f,I,acc,pl","f,I,acc,pl","f,I,acc,pl","f,I,acc,pl","f,I,acc,pl","f,I,acc,pl","f,I,acc,pl","f,I,acc,pl","f,I,acc,pl","f,I,acc,pl","f,I,acc,pl","f,I,acc,pl","f,I,acc,pl"
"canticum:genpl","n,II,gen,pl","n,II,gen,pl","n,II,acc,pl","n,II,acc,pl","f,II,acc,pl","n,II,acc,pl","n,II,acc,pl","n,II,acc,pl","n,II,acc,pl","n,II,acc,pl","n,II,acc,pl","n,II,acc,pl","n,II,acc,pl","n,II,acc,pl","n,II,acc,pl","n,II,acc,pl"
"canticum:accpl","n,II,acc,pl","n,II,acc,pl","f,I,nom,pl","f,I,acc,pl","f,I,acc,pl","f,I,acc,pl","f,I,acc,pl","f,I,acc,pl","f,I,acc,pl","f,I,acc,pl","f,I,acc,pl","f,I,acc,pl","f,I,acc,pl","f,I,acc,pl","f,I,acc,pl","f,I,acc,pl"
"capillus:nomsg","m,II,nom,sg","n,II,nom,sg","n,II,nom,sg","n,II,acc,sg","n,II,acc,sg","n,II,acc,sg","n,II,acc,sg","n,II,acc,sg","n,II,acc,sg","n,II,acc,sg","n,II,acc,sg","n,II,acc,sg","n,II,acc,sg","n,II,acc,sg","n,II,acc,sg","n,II,acc,sg"
"capillus:gensg","m,II,gen,sg","n,II,gen,pl","n,II,acc,pl","n,II,acc,pl","n,II,acc,pl","n,II,acc,pl","n,II,acc,pl","n,II,acc,pl","n,II,acc,pl","n,II,acc,pl","n,II,acc,pl","n,II,acc,pl","n,II,acc,pl","n,II,acc,pl","n,II,acc,pl","n,II,acc,pl"
"capillus:accsg","m,II,acc,sg","n,II,acc,sg","n,II,acc,sg","n,II,acc,sg","n,II,acc,sg","n,II,acc,sg","n,II,acc,sg","n,II,acc,sg","n,II,acc,sg","n,II,acc,sg","n,II,acc,sg","n,II,acc,sg","n,II,acc,sg","n,II,acc,sg","n,II,acc,sg","n,II,acc,sg"
"capillus:nompl","m,II,nom,pl","n,II,gen,pl","n,II,acc,pl","n,II,acc,pl","n,II,acc,pl","n,II,acc,pl","n,II,acc,pl","n,II,acc,pl","n,II,acc,pl","n,II,acc,pl","n,II,acc,pl","n,II,acc,pl","n,II,acc,pl","n,II,acc,pl","n,II,acc,pl","n,II,acc,pl"
"capillus:genpl","m,II,gen,pl","n,II,gen,pl","n,II,acc,pl","f,I,acc,pl","f,II,acc,pl","n,II,acc,pl","n,II,acc,pl","n,II,acc,pl","n,II,acc,pl","n,II,acc,pl","n,II,acc,pl","n,II,acc,pl","n,II,acc,pl","n,II,acc,pl","n,II,acc,pl","n,II,acc,pl"
"capillus:accpl","m,II,acc,pl","n,II,acc,pl","n,II,acc,pl","n,II,acc,pl","f,II,acc,pl","n,II,acc,pl","f,III,acc,pl","f,I,acc,pl","n,II,acc,pl","n,II,acc,pl","n,II,acc,pl","n,II,acc,pl","n,II,acc,pl","n,II,acc,pl","n,II,acc,pl","n,II,acc,pl"
"capistrum:nomsg","n,II,nom,sg","n,II,acc,sg","n,II,acc,sg","n,II,acc,sg","n,II,acc,sg","n,II,acc,sg","n,II,acc,sg","n,II,acc,sg","n,II,acc,sg","n,II,acc,sg","n,II,acc,sg","n,II,acc,sg","n,II,acc,sg","n,II,acc,sg","n,II,acc,sg","n,II,acc,sg"
"capistrum:gensg","n,II,gen,sg","n,II,acc,pl","n,II,acc,pl","n,II,acc,pl","n,II,acc,pl","n,II,acc,pl","n,II,acc,pl","n,II,acc,pl","n,II,acc,pl","n,II,acc,pl","n,II,acc,pl","n,II,acc,pl","n,II,acc,pl","n,II,acc,pl","n,II,acc,pl","n,II,acc,pl"
"capistrum:accsg","n,II,acc,sg","n,II,acc,sg","n,II,acc,sg","n,II,acc,sg","n,II,acc,sg","n,II,acc,sg","n,II,acc,sg","n,II,acc,sg","n,II,acc,sg","n,II,acc,sg","n,II,acc,sg","n,II,acc,sg","n,II,acc,sg","n,II,acc,sg","n,II,acc,sg","n,II,acc,sg"
"capistrum:nompl","n,II,nom,pl","n,II,acc,pl","f,II,acc,pl","f,I,acc,pl","f,I,acc,sg","f,I,acc,pl","f,I,acc,pl","f,I,acc,pl","f,I,acc,pl","f,I,acc,pl","f,I,acc,pl","f,I,acc,pl","f,I,acc,pl","f,I,acc,pl","f,I,acc,pl","f,I,acc,pl"
"capistrum:genpl","n,II,gen,pl","n,II,gen,pl","n,II,acc,pl","f,II,acc,pl","n,II,acc,pl","n,II,acc,pl","n,II,acc,pl","n,II,acc,pl","n,II,acc,pl","n,II,acc,pl","n,II,acc,pl","n,II,acc,pl","n,II,acc,pl","n,II,acc,pl","n,II,acc,pl","n,II,acc,pl"
"capistrum:accpl","n,II,acc,pl","n,II,acc,pl","f,II,acc,pl","f,I,acc,pl","f,I,acc,sg","f,I,acc,pl","f,I,acc,pl","f,I,acc,pl","f,I,acc,pl","f,I,acc,pl","f,I,acc,pl","f,I,acc,pl","f,I,acc,pl","f,I,acc,pl","f,I,acc,pl","f,I,acc,pl"
"capra:nomsg","f,I,nom,sg","n,II,nom,pl","f,II,acc,pl","f,I,acc,pl","f,I,acc,pl","f,I,acc,pl","f,I,acc,pl","f,I,acc,pl","f,I,acc,pl","f,I,acc,pl","f,I,acc,pl","f,I,acc,pl","f,I,acc,pl","f,I,acc,pl","f,I,acc,pl","f,I,acc,pl"
"capra:gensg","f,I,gen,sg","f,I,gen,pl","f,I,acc,pl","f,I,acc,pl","f,I,acc,pl","f,I,acc,pl","f,I,acc,pl","f,I,acc,pl","f,I,acc,pl","f,I,acc,pl","f,I,acc,pl","f,I,acc,pl","f,I,acc,pl","f,I,acc,pl","f,I,acc,pl","f,I,acc,pl"
"capra:accsg","f,I,acc,sg","f,I,acc,sg","f,I,acc,sg","f,I,acc,sg","f,I,acc,sg","f,I,acc,sg","f,I,acc,sg","f,I,acc,sg","f,I,acc,sg","f,I,acc,sg","f,I,acc,sg","f,I,acc,sg","f,I,acc,sg","f,I,acc,sg","f,I,acc,sg","f,I,acc,sg"
"capra:nompl","f,I,nom,pl","f,I,gen,pl","f,I,acc,pl","f,I,acc,pl","f,I,acc,pl","f,I,acc,pl","f,I,acc,pl","f,I,acc,pl","f,I,acc,pl","f,I,acc,pl","f,I,acc,pl","f,I,acc,pl","f,I,acc,pl","f,I,acc,pl","f,I,acc,pl","f,I,acc,pl"
"capra:genpl","f,I,gen,pl","f,I,gen,pl","f,I,acc,pl","f,I,acc,pl","f,I,acc,pl","f,I,acc,pl","f,I,acc,pl","f,I,acc,pl","f,I,acc,pl","f,I,acc,pl","f,I,acc,pl","f,I,acc,pl","f,I,acc,pl","f,I,acc,pl","f,I,acc,pl","f,I,acc,pl"
"capra:accpl","f,I,acc,pl","f,I,acc,pl","f,I,acc,pl","f,I,acc,pl","f,I,acc,pl","f,I,acc,pl","f,I,acc,pl","f,I,acc,pl","f,I,acc,pl","f,I,acc,pl","f,I,acc,pl","f,I,acc,pl","f,I,acc,pl","f,I,acc,pl","f,I,acc,pl","f,I,acc,pl"
"caput:nomsg","n,III,nom,sg","n,III,acc,sg","n,III,acc,sg","n,III,acc,sg","n,II,acc,sg","n,II,acc,sg","n,II,acc,sg","n,II,acc,sg","n,II,acc,sg","n,II,acc,sg","n,II,acc,sg","n,II,acc,sg","n,II,acc,sg","n,II,acc,sg","n,II,acc,sg","n,II,acc,sg"
"caput:gensg","n,III,gen,sg","m,III,gen,sg","f,III,acc,sg","f,III,acc,pl","f,III,acc,sg","f,III,acc,sg","f,III,acc,sg","f,III,acc,sg","f,III,acc,sg","f,III,acc,sg","f,III,acc,sg","f,III,acc,sg","f,III,acc,sg","f,III,acc,sg","f,III,acc,sg","f,III,acc,sg"
"caput:accsg","n,III,acc,sg","n,III,acc,sg","n,III,acc,sg","n,III,acc,sg","n,II,acc,sg","n,II,acc,sg","n,II,acc,sg","n,II,acc,sg","n,II,acc,sg","n,II,acc,sg","n,II,acc,sg","n,II,acc,sg","n,II,acc,sg","n,II,acc,sg","n,II,acc,sg","n,II,acc,sg"
"caput:nompl","n,III,nom,pl","f,III,gen,pl","n,III,acc,pl","f,III,acc,pl","f,III,acc,pl","f,III,acc,pl","f,III,acc,pl","f,III,acc,sg","f,III,acc,sg","f,III,acc,sg","f,III,acc,sg","f,III,acc,sg","f,III,acc,sg","f,III,acc,sg","f,III,acc,sg","f,III,acc,sg"
"caput:genpl","n,III,gen,pl","f,III,gen,pl","f,III,acc,pl","f,III,acc,pl","f,III,acc,sg","f,III,acc,sg","f,III,acc,sg","f,III,acc,sg","f,III,acc,sg","f,III,acc,sg","f,III,acc,sg","f,III,acc,sg","f,III,acc,sg","f,III,acc,sg","f,III,acc,sg","f,III,acc,sg"
"caput:accpl","n,III,acc,pl","f,III,gen,pl","n,III,acc,pl","f,III,acc,pl","f,III,acc,pl","f,III,acc,pl","f,III,acc,pl","f,III,acc,sg","f,III,acc,sg","f,III,acc,sg","f,III,acc,sg","f,III,acc,sg","f,III,acc,sg","f,III,acc,sg","f,III,acc,sg","f,III,acc,sg"
"carbo:nomsg","m,III,nom,sg","n,III,acc,sg","m,III,acc,sg","n,III,acc,pl","f,II,acc,pl","f,III,acc,pl","n,II,acc,pl","n,II,acc,pl","n,II,acc,pl","n,II,acc,pl","n,II,acc,pl","n,II,acc,pl","n,II,acc,pl","n,II,acc,pl","n,II,acc,pl","n,II,acc,pl"
"carbo:gensg","m,III,gen,sg","m,III,acc,sg","f,III,acc,sg","f,III,acc,pl","f,III,acc,pl","f,III,acc,pl","f,III,acc,pl","f,III,acc,pl","f,III,acc,pl","f,III,acc,pl","f,III,acc,pl","f,III,acc,pl","f,III,acc,pl","f,III,acc,pl","f,III,acc,pl","f,III,acc,pl"
"carbo:accsg","m,III,acc,sg","m,III,acc,sg","f,III,acc,sg","f,III,acc,sg","f,III,acc,sg","f,III,acc,sg","f,III,acc,sg","f,III,acc,sg","f,III,acc,sg","f,III,acc,sg","f,III,acc,sg","f,III,acc,sg","f,III,acc,sg","f,III,acc,sg","f,III,acc,sg","f,III,acc,sg"
"carbo:nompl","m,III,nom,pl","f,III,acc,pl","f,III,acc,pl","f,III,acc,pl","f,III,acc,pl","f,III,acc,pl","f,III,acc,pl","f,III,acc,pl","f,III,acc,pl","f,III,acc,pl","f,III,acc,pl","f,III,acc,pl","f,III,acc,pl","f,III,acc,pl","f,III,acc,pl","f,III,acc,pl"
"carbo:genpl","m,III,gen,pl","f,III,gen,pl","f,III,acc,sg","f,III,acc,pl","f,III,acc,pl","f,III,acc,pl","f,II,acc,pl","f,III,acc,pl","n,II,acc,pl","n,III,acc,pl","n,II,acc,pl","n,II,acc,pl","n,II,acc,pl","n,II,acc,pl","n,II,acc,pl","f,III,acc,pl"
"carbo:accpl","m,III,acc,pl","f,III,acc,pl","f,III,acc,pl","f,III,acc,pl","f,III,acc,pl","f,III,acc,pl","f,III,acc,pl","f,III,acc,pl","f,III,acc,pl","f,III,acc,pl","f,III,acc,pl","f,III,acc,pl","f,III,acc,pl","f,III,acc,pl","f,III,acc,pl","f,III,acc,pl"
"carrus:nomsg","m,II,nom,sg","n,II,nom,sg","m,II,nom,sg","n,III,nom,sg","f,III,acc,sg","f,III,acc,sg","n,II,acc,sg","n,II,acc,sg","n,II,acc,sg","n,II,acc,sg","n,II,acc,sg","n,II,acc,sg","n,II,acc,sg","n,II,acc,sg","n,II,acc,sg","n,II,acc,sg"
"carrus:gensg","m,II,gen,sg","n,II,acc,sg","n,II,acc,pl","f,III,acc,pl","f,II,acc,pl","f,III,acc,pl","n,II,acc,pl","n,II,acc,pl","n,II,acc,pl","n,II,acc,pl","n,II,acc,pl","n,II,acc,pl","n,II,acc,pl","n,II,acc,pl","n,II,acc,pl","n,II,acc,pl"
"carrus:accsg","m,II,acc,sg","m,II,acc,sg","n,II,acc,sg","n,II,acc,sg","n,II,acc,sg","n,II,acc,sg","n,II,acc,sg","n,II,acc,sg","n,II,acc,sg","n,II,acc,sg","n,II,acc,sg","n,II,acc,sg","n,II,acc,sg","n,II,acc,sg","n,II,acc,sg","n,II,acc,sg"
"carrus:nompl","m,II,nom,pl","n,II,acc,sg","n,II,acc,pl","f,III,acc,pl","f,II,acc,pl","f,III,acc,pl","n,II,acc,pl","n,II,acc,pl","n,II,acc,pl","n,II,acc,pl","n,II,acc,pl","n,II,acc,pl","n,II,acc,pl","n,II,acc,pl","n,II,acc,pl","n,II,acc,pl"
"carrus:genpl","m,II,gen,pl","n,II,gen,pl","n,II,acc,pl","f,III,acc,pl","f,II,acc,pl","f,III,acc,pl","n,II,acc,pl","n,II,acc,pl","n,II,acc,pl","n,II,acc,pl","n,II,acc,pl","n,II,acc,pl","n,II,acc,pl","n,II,acc,pl","n,II,acc,pl","n,II,acc,pl"
"carrus:accpl","m,II,acc,pl","m,II,acc,pl","m,III,acc,sg","f,III,acc,pl","f,III,acc,pl","f,III,acc,pl","n,II,acc,pl","f,I,acc,pl","n,II,acc,pl","n,II,acc,pl","n,II,acc,pl","n,II,acc,pl","n,II,acc,pl","n,II,acc,pl","n,II,acc,pl","n,II,acc,pl"
"caseus:nomsg","m,II,nom,sg","n,II,nom,sg","n,II,nom,pl","n,II,acc,sg","n,II,acc,sg","f,III,acc,sg","n,II,acc,sg","n,II,acc,sg","n,II,acc,pl","n,II,acc,sg","n,II,acc,sg","n,II,acc,sg","n,II,acc,sg","n,II,acc,pl","n,II,acc,sg","n,II,acc,pl"
"caseus:gensg","m,II,gen,sg","f,II,acc,pl","n,II,acc,pl","n,II,acc,pl","n,II,acc,pl","n,II,acc,pl","n,II,acc,pl","n,II,acc,sg","n,II,acc,pl","n,II,acc,pl","n,II,acc,pl","n,II,acc,pl","n,II,acc,pl","n,II,acc,pl","n,II,acc,pl","n,II,acc,pl"
"caseus:accsg","m,II,acc,sg","n,II,acc,pl","n,II,nom,pl","n,II,acc,sg","n,II,acc,sg","n,II,acc,sg","n,II,acc,sg","n,II,acc,sg","n,II,acc,sg","n,II,acc,sg","n,II,acc,sg","n,II,acc,sg","n,II,acc,sg","n,II,acc,pl","n,II,acc,pl","n,II,acc,pl"
"caseus:nompl","m,II,nom,pl","f,II,acc,pl","n,II,acc,pl","n,II,acc,pl","n,II,acc,pl","n,II,acc,pl","n,II,acc,pl","n,II,acc,sg","n,II,acc,pl","n,II,acc,pl","n,II,acc,pl","n,II,acc,pl","n,II,acc,pl","n,II,acc,pl","n,II,acc,pl","n,II,acc,pl"
"caseus:genpl","m,II,gen,pl","f,III,acc,pl","n,II,acc,pl","f,I,acc,pl","n,II,acc,pl","f,II,acc,pl","n,II,acc,pl","n,II,acc,sg","n,II,acc,pl","n,II,acc,sg","n,II,acc,sg","n,II,acc,pl","n,II,acc,pl","n,II,acc,pl","n,II,acc,pl","n,II,acc,pl"
"caseus:accpl","m,II,acc,pl","f,II,acc,pl","m,II,nom,pl","n,III,acc,pl","n,II,acc,sg","f,III,acc,sg","n,II,acc,sg","f,III,acc,sg","n,II,acc,pl","n,II,acc,pl","n,II,acc,pl","n,II,acc,pl","n,II,acc,pl","n,II,acc,pl","n,II,acc,pl","n,II,acc,pl"
"castella:nomsg","n,II,nom,sg","n,II,acc,sg","n,II,acc,sg","n,II,acc,sg","n,II,acc,sg","n,II,acc,sg","n,II,acc,sg","n,II,acc,sg","n,II,acc,sg","n,II,acc,sg","n,II,acc,sg","n,II,acc,sg","n,II,acc,sg","n,II,acc,sg","n,II,acc,sg","n,II,acc,sg"
"castella:gensg","n,II,gen,sg","n,II,gen,pl","n,II,acc,pl","n,II,acc,pl","n,II,acc,pl","n,II,acc,pl","n,II,acc,pl","n,II,acc,sg","n,II,acc,pl","n,II,acc,pl","n,II,acc,pl","n,II,acc,pl","f,II,acc,pl","n,II,acc,pl","n,II,acc,pl","n,II,acc,pl"
"castella:accsg","n,II,acc,sg","n,II,acc,sg","n,II,acc,sg","n,II,acc,sg","n,II,acc,sg","n,II,acc,sg","n,II,acc,sg","n,II,acc,sg","n,II,acc,sg","n,II,acc,sg","n,II,acc,sg","n,II,acc,sg","n,II,acc,sg","n,II,acc,sg","n,II,acc,sg","n,II,acc,sg"
"castella:nompl","n,II,nom,pl","n,II,acc,pl","n,II,acc,sg","f,I,acc,sg","f,I,acc,sg","f,I,acc,pl","f,I,acc,pl","f,I,acc,pl","f,I,acc,pl","f,I,acc,pl","f,I,acc,pl","f,I,acc,pl","f,I,acc,pl","f,I,acc,pl","f,I,acc,pl","f,I,acc,pl"
"castella:genpl","n,II,gen,pl","n,II,gen,pl","n,II,acc,pl","f,II,acc,pl","f,II,acc,pl","n,II,acc,pl","n,II,acc,pl","n,II,acc,pl","n,II,acc,sg","n,II,acc,pl","n,II,acc,pl","n,II,acc,pl","f,II,acc,pl","n,II,acc,pl","n,II,acc,pl","n,II,acc,pl"
"castella:accpl","n,II,acc,pl","n,II,acc,pl","n,II,acc,sg","f,I,acc,sg","f,I,acc,sg","f,I,acc,pl","f,I,acc,pl","f,I,acc,pl","f,I,acc,pl","f,I,acc,pl","f,I,acc,pl","f,I,acc,pl","f,I,acc,pl","f,I,acc,pl","f,I,acc,pl","f,I,acc,pl"
"casus:nomsg","m,IV,nom,sg","m,IV,nom,sg","m,IV,nom,sg","f,II,nom,sg","n,II,nom,sg","n,II,acc,sg","n,II,acc,sg","n,II,acc,sg","n,II,acc,sg","n,II,acc,sg","n,II,acc,sg","n,II,acc,sg","n,II,acc,sg","n,II,acc,sg","n,II,acc,sg","n,II,acc,sg"
"casus:gensg","m,IV,gen,sg","m,IV,acc,pl","m,IV,acc,pl","f,II,nom,pl","n,II,acc,pl","n,II,acc,pl","n,II,acc,pl","n,II,acc,pl","n,II,acc,pl","n,II,acc,pl","n,II,acc,pl","n,II,acc,pl","n,II,acc,pl","n,II,acc,pl","n,II,acc,pl","n,II,acc,pl"
"casus:accsg","m,IV,acc,sg","m,IV,acc,sg","m,IV,acc,sg","n,II,acc,sg","n,II,acc,sg","n,II,acc,sg","n,II,acc,sg","n,II,acc,sg","n,II,acc,sg","n,II,acc,sg","n,II,acc,sg","n,II,acc,sg","n,II,acc,sg","n,II,acc,sg","n,II,acc,sg","n,II,acc,sg"
"casus:nompl","m,IV,nom,pl","m,IV,acc,pl","m,IV,acc,pl","f,II,nom,pl","n,II,acc,pl","n,II,acc,pl","n,II,acc,pl","n,II,acc,pl","n,II,acc,pl","n,II,acc,pl","n,II,acc,pl","n,II,acc,pl","n,II,acc,pl","n,II,acc,pl","n,II,acc,pl","n,II,acc,pl"
"casus:genpl","m,IV,gen,pl","m,II,gen,pl","m,IV,acc,pl","n,II,acc,sg","n,II,acc,pl","n,II,acc,pl","n,II,acc,pl","n,II,acc,pl","n,II,acc,sg","n,II,acc,sg","n,II,acc,sg","n,II,acc,sg","n,II,acc,sg","n,II,acc,sg","n,II,acc,sg","n,II,acc,sg"
"casus:accpl","m,IV,acc,pl","m,IV,acc,pl","m,IV,acc,pl","f,II,nom,pl","n,II,acc,pl","n,II,acc,pl","n,II,acc,pl","n,II,acc,pl","n,II,acc,pl","n,II,acc,pl","n,II,acc,pl","n,II,acc,pl","n,II,acc,pl","n,II,acc,pl","n,II,acc,pl","n,II,acc,pl"
"causa:nomsg","f,I,nom,sg","f,I,nom,pl","f,II,acc,pl","f,I,acc,pl","f,I,acc,pl","f,I,acc,pl","f,I,acc,pl","f,I,acc,pl","f,I,acc,pl","f,I,acc,pl","f,I,acc,pl","f,I,acc,pl","f,I,acc,pl","f,I,acc,pl","f,I,acc,pl","f,I,acc,pl"
"causa:gensg","f,I,gen,sg","f,I,acc,pl","f,I,acc,pl","f,I,acc,pl","f,I,acc,pl","f,I,acc,pl","f,I,acc,pl","f,I,acc,pl","f,I,acc,pl","f,I,acc,pl","f,I,acc,pl","f,I,acc,pl","f,I,acc,pl","f,I,acc,pl","f,I,acc,pl","f,I,acc,pl"
"causa:accsg","f,I,acc,sg","f,I,acc,sg","f,I,acc,sg","f,I,acc,sg","f,I,acc,sg","f,I,acc,sg","f,I,acc,sg","f,I,acc,sg","f,I,acc,sg","f,I,acc,sg","f,I,acc,sg","f,I,acc,sg","f,I,acc,sg","f,I,acc,sg","f,I,acc,sg","f,I,acc,sg"
"causa:nompl","f,I,nom,pl","f,I,acc,pl","f,I,acc,pl","f,I,acc,pl","f,I,acc,pl","f,I,acc,pl","f,I,acc,pl","f,I,acc,pl","f,I,acc,pl","f,I,acc,pl","f,I,acc,pl","f,I,acc,pl","f,I,acc,pl","f,I,acc,pl","f,I,acc,pl","f,I,acc,pl"
"causa:genpl","f,I,gen,pl","f,III,gen,pl","f,I,acc,pl","f,I,acc,pl","f,I,acc,pl","f,I,acc,pl","f,I,acc,pl","f,I,acc,pl","f,I,acc,pl","f,I,acc,pl","f,I,acc,pl","f,I,acc,pl","f,I,acc,pl","f,I,acc,pl","f,I,acc,pl","f,I,acc,pl"
"causa:accpl","f,I,acc,pl","f,I,acc,pl","f,I,acc,pl","f,I,acc,pl","f,I,acc,pl","f,I,acc,pl","f,I,acc,pl","f,I,acc,pl","f,I,acc,pl","f,I,acc,pl","f,I,acc,pl","f,I,acc,pl","f,I,acc,pl","f,I,acc,pl","f,I,acc,pl","f,I,acc,pl"
"cedrus:nomsg","f,II,nom,sg","n,II,nom,pl","n,II,acc,sg","n,II,nom,sg","n,II,acc,sg","n,II,acc,sg","n,II,acc,sg","n,II,acc,sg","n,II,acc,sg","n,II,acc,sg","n,II,acc,sg","n,II,acc,sg","n,II,acc,sg","n,II,acc,sg","n,II,acc,sg","n,II,acc,sg"
"cedrus:gensg","f,II,gen,sg","n,II,gen,pl","n,II,acc,pl","n,II,acc,pl","n,II,acc,pl","n,II,acc,pl","n,II,acc,pl","n,II,acc,pl","n,II,acc,pl","n,II,acc,pl","n,II,acc,pl","n,II,acc,pl","n,II,acc,pl","n,II,acc,pl","n,II,acc,pl","n,II,acc,pl"
"cedrus:accsg","f,II,acc,sg","n,II,acc,sg","n,II,acc,sg","n,II,acc,sg","n,II,acc,sg","n,II,acc,sg","n,II,acc,sg","n,II,acc,sg","n,II,acc,sg","n,II,acc,sg","n,II,acc,sg","n,II,acc,sg","n,II,acc,sg","n,II,acc,sg","n,II,acc,sg","n,II,acc,sg"
"cedrus:nompl","f,II,nom,pl","n,II,gen,pl","n,II,acc,pl","n,II,acc,pl","n,II,acc,pl","n,II,acc,pl","n,II,acc,pl","n,II,acc,pl","n,II,acc,pl","n,II,acc,pl","n,II,acc,pl","n,II,acc,pl","n,II,acc,pl","n,II,acc,pl","n,II,acc,pl","n,II,acc,pl"
"cedrus:genpl","f,II,gen,pl","n,II,gen,pl","n,II,acc,pl","n,II,acc,pl","n,II,acc,pl","n,II,acc,pl","n,II,acc,pl","n,II,acc,pl","n,II,acc,pl","n,II,acc,pl","n,II,acc,pl","n,II,acc,pl","n,II,acc,pl","n,II,acc,pl","n,II,acc,pl","n,II,acc,pl"
"cedrus:accpl","f,II,acc,pl","n,II,acc,pl","m,III,acc,pl","n,II,acc,pl","n,II,acc,pl","n,II,acc,pl","n,II,acc,pl","n,II,acc,pl","n,II,acc,pl","n,II,acc,pl","n,II,acc,pl","n,II,acc,pl","n,II,acc,pl","n,II,acc,pl","n,II,acc,pl","n,II,acc,pl"
"centurio:nomsg","m,III,nom,sg","m,II,acc,sg","m,II,acc,sg","n,II,acc,sg","n,II,acc,pl","n,II,acc,pl","n,II,acc,pl","n,II,acc,pl","n,II,acc,pl","n,II,acc,pl","n,II,acc,pl","n,II,acc,pl","n,II,acc,pl","n,II,acc,pl","n,II,acc,pl","n,II,acc,pl"
"centurio:gensg","m,III,gen,sg","m,III,acc,sg","m,III,acc,sg","f,III,acc,sg","f,III,acc,pl","n,III,acc,sg","f,III,acc,sg","f,III,acc,sg","f,III,acc,sg","f,III,acc,pl","f,III,acc,sg","f,III,acc,pl","f,III,acc,pl","f,III,acc,pl","f,III,acc,pl","f,III,acc,pl"
"centurio:accsg","m,III,acc,sg","m,III,acc,sg","m,III,acc,sg","f,III,acc,sg","f,III,acc,sg","n,III,acc,sg","f,III,acc,sg","f,III,acc,sg","f,III,acc,sg","f,III,acc,sg","f,III,acc,sg","f,III,acc,sg","f,III,acc,sg","f,III,acc,sg","f,III,acc,sg","f,III,acc,sg"
"centurio:nompl","m,III,nom,pl","m,III,acc,pl","m,III,acc,pl","f,III,acc,pl","f,III,acc,pl","f,III,acc,pl","f,III,acc,pl","f,III,acc,pl","f,III,acc,pl","f,III,acc,pl","f,III,acc,pl","f,III,acc,pl","f,III,acc,pl","f,III,acc,pl","f,III,acc,pl","f,III,acc,pl"
"centurio:genpl","m,III,gen,pl","m,III,acc,pl","m,III,acc,pl","n,II,acc,sg","n,II,acc,pl","n,II,acc,pl","n,II,acc,pl","n,II,acc,pl","n,II,acc,sg","n,II,acc,pl","n,II,acc,sg","n,II,acc,pl","n,II,acc,pl","n,II,acc,sg","n,II,acc,pl","n,II,acc,pl"
"centurio:accpl","m,III,acc,pl","m,III,acc,pl","m,III,acc,pl","f,III,acc,pl","f,III,acc,pl","f,III,acc,pl","f,III,acc,pl","f,III,acc,pl","f,III,acc,pl","f,III,acc,pl","f,III,acc,pl","f,III,acc,pl","f,III,acc,pl","f,III,acc,pl","f,III,acc,pl","f,III,acc,pl"
"cerasus:nomsg","f,II,nom,sg","m,IV,nom,sg","m,IV,nom,sg","n,II,nom,sg","n,II,acc,sg","n,II,acc,sg","n,II,acc,sg","n,II,acc,sg","n,II,acc,sg","n,II,acc,sg","n,II,acc,sg","n,II,acc,sg","n,II,acc,sg","n,II,acc,sg","n,II,acc,sg","n,II,acc,sg"
"cerasus:gensg","f,II,gen,sg","n,II,gen,pl","n,II,acc,sg","n,II,acc,pl","n,II,acc,sg","n,II,acc,pl","n,II,acc,pl","n,II,acc,pl","n,II,acc,pl","n,II,acc,pl","n,II,acc,pl","n,II,acc,pl","n,II,acc,pl","n,II,acc,pl","n,II,acc,pl","n,II,acc,pl"
"cerasus:accsg","f,II,acc,sg","m,II,acc,sg","m,IV,acc,sg","n,II,acc,sg","n,II,acc,sg","n,II,acc,sg","n,II,acc,sg","n,II,acc,sg","n,II,acc,sg","n,II,acc,sg","n,II,acc,sg","n,II,acc,sg","n,II,acc,sg","n,II,acc,sg","n,II,acc,sg","n,II,acc,sg"
"cerasus:nompl","f,II,nom,pl","n,II,gen,pl","n,II,acc,sg","n,II,acc,pl","n,II,acc,sg","n,II,acc,pl","n,II,acc,pl","n,II,acc,pl","n,II,acc,pl","n,II,acc,pl","n,II,acc,pl","n,II,acc,pl","n,II,acc,pl","n,II,acc,pl","n,II,acc,pl","n,II,acc,pl"
"cerasus:genpl","f,II,gen,pl","n,II,gen,pl","n,II,acc,pl","n,II,acc,pl","f,II,acc,pl","n,II,acc,pl","n,II,acc,pl","n,II,acc,pl","n,II,acc,pl","n,II,acc,pl","n,II,acc,sg","n,II,acc,pl","n,II,acc,pl","n,II,acc,pl","n,II,acc,pl","n,II,acc,pl"
"cerasus:accpl","f,II,acc,pl","n,II,nom,pl","m,II,acc,pl","n,II,nom,pl","n,II,acc,sg","f,III,acc,sg","n,II,acc,sg","n,II,acc,pl","n,II,acc,pl","n,II,acc,pl","n,II,acc,pl","n,II,acc,pl","n,II,acc,pl","n,II,acc,pl","n,II,acc,pl","n,II,acc,pl"
"chorus:nomsg","m,II,nom,sg","n,II,acc,sg","n,II,nom,sg","n,II,nom,sg","n,II,acc,sg","n,II,acc,sg","n,II,acc,sg","n,II,acc,sg","n,II,acc,sg","n,II,acc,sg","n,II,acc,sg","n,II,acc,sg","n,II,acc,sg","n,II,acc,sg","n,II,acc,sg","n,II,acc,sg"
"chorus:gensg","m,II,gen,sg","n,II,acc,pl","n,II,acc,pl","n,II,acc,pl","n,II,acc,pl","n,II,acc,pl","n,II,acc,pl","n,II,acc,pl","n,II,acc,pl","n,II,acc,pl","n,II,acc,pl","n,II,acc,pl","n,II,acc,pl","n,II,acc,pl","n,II,acc,pl","n,II,acc,pl"
"chorus:accsg","m,II,acc,sg","n,II,acc,sg","n,II,acc,sg","n,II,acc,sg","n,II,acc,sg","n,II,acc,sg","n,II,acc,sg","n,II,acc,sg","n,II,acc,sg","n,II,acc,sg","n,II,acc,sg","n,II,acc,sg","n,II,acc,sg","n,II,acc,sg","n,II,acc,sg","n,II,acc,sg"
"chorus:nompl","m,II,nom,pl","n,II,acc,pl","n,II,acc,pl","n,II,acc,pl","n,II,acc,pl","n,II,acc,pl","n,II,acc,pl","n,II,acc,pl","n,II,acc,pl","n,II,acc,pl","n,II,acc,pl","n,II,acc,pl","n,II,acc,pl","n,II,acc,pl","n,II,acc,pl","n,II,acc,pl"
"chorus:genpl","m,II,gen,pl","n,III,gen,pl","n,II,acc,pl","n,II,acc,pl","f,II,acc,pl","f,III,acc,pl","n,II,acc,pl","n,II,acc,pl","n,II,acc,pl","n,II,acc,pl","n,II,acc,pl","n,II,acc,pl","n,II,acc,pl","n,II,acc,pl","n,II,acc,pl","n,II,acc,pl"
"chorus:accpl","m,II,acc,pl","m,II,acc,pl","m,III,acc,pl","f,III,acc,pl","f,III,acc,pl","f,III,acc,pl","f,II,acc,pl","f,II,acc,pl","n,II,acc,pl","n,II,acc,pl","n,II,acc,pl","n,II,acc,pl","n,II,acc,pl","n,II,acc,pl","n,II,acc,pl","n,II,acc,pl"
"cinis:nomsg","m,III,nom,sg","f,III,acc,sg","f,III,acc,sg","f,III,acc,sg","f,III,nom,sg","f,III,acc,sg","f,III,acc,pl","f,III,acc,sg","f,III,acc,sg","f,III,acc,sg","f,III,acc,sg","f,III,acc,sg","f,III,acc,sg","f,III,acc,sg","f,III,acc,sg","f,III,acc,sg"
"cinis:gensg","m,III,gen,sg","n,III,gen,sg","m,III,acc,sg","f,III,acc,sg","f,III,acc,sg","f,III,acc,sg","f,III,acc,sg","f,III,acc,pl","f,III,acc,sg","f,III,acc,sg","f,III,acc,sg","f,III,acc,sg","f,III,acc,sg","f,III,acc,sg","f,III,acc,sg","f,III,acc,sg"
"cinis:accsg","m,III,acc,sg","m,III,acc,sg","m,III,acc,sg","f,III,acc,sg","f,III,acc,sg","f,III,acc,sg","f,III,acc,sg","f,III,acc,sg","f,III,acc,sg","f,III,acc,sg","f,III,acc,sg","f,III,acc,sg","f,III,acc,sg","f,III,acc,sg","f,III,acc,sg","f,III,acc,sg"
"cinis:nompl","m,III,nom,pl","n,III,acc,pl","m,III,acc,pl","f,III,acc,pl","f,III,acc,pl","f,III,acc,sg","f,III,acc,pl","f,III,acc,pl","f,III,acc,pl","f,III,acc,sg","f,III,acc,sg","f,III,acc,sg","f,III,acc,sg","f,III,acc,sg","f,III,acc,sg","f,III,acc,sg"
"cinis:genpl","m,III,gen,pl","n,III,gen,pl","f,III,acc,pl","f,III,acc,pl","f,III,acc,pl","f,III,acc,pl","f,III,acc,pl","f,III,acc,pl","f,III,acc,pl","f,III,acc,sg","f,III,acc,sg","f,III,acc,sg","f,III,acc,sg","f,III,acc,sg","f,III,acc,sg","f,III,acc,sg"
"cinis:accpl","m,III,acc,pl","n,III,acc,pl","m,III,acc,pl","f,III,acc,pl","f,III,acc,pl","f,III,acc,sg","f,III,acc,pl","f,III,acc,pl","f,III,acc,pl","f,III,acc,sg","f,III,acc,sg","f,III,acc,sg","f,III,acc,sg","f,III,acc,sg","f,III,acc,sg","f,III,acc,sg"
"circus:nomsg","m,II,nom,sg","n,III,acc,sg","m,II,nom,sg","f,III,nom,sg","f,I,acc,sg","f,III,acc,sg","n,II,acc,sg","n,II,acc,sg","n,II,acc,sg","n,II,acc,sg","n,II,acc,sg","n,II,acc,sg","n,II,acc,sg","n,II,acc,sg","n,II,acc,sg","n,II,acc,sg"
"circus:gensg","m,II,gen,sg","n,II,gen,sg","n,II,acc,pl","f,III,acc,pl","f,II,acc,pl","f,III,acc,pl","n,II,acc,pl","n,II,acc,pl","n,II,acc,pl","n,II,acc,pl","n,II,acc,pl","n,II,acc,pl","n,II,acc,pl","n,II,acc,pl","n,II,acc,pl","n,II,acc,pl"
"circus:accsg","m,II,acc,sg","n,II,acc,sg","n,II,acc,sg","n,II,acc,sg","n,II,acc,sg","n,II,acc,sg","n,II,acc,sg","n,II,acc,sg","n,II,acc,sg","n,II,acc,sg","n,II,acc,sg","n,II,acc,sg","n,II,acc,sg","n,II,acc,sg","n,II,acc,sg","n,II,acc,sg"
"circus:nompl","m,II,nom,pl","n,II,gen,sg","n,II,acc,pl","f,III,acc,pl","f,II,acc,pl","f,III,acc,pl","n,II,acc,pl","n,II,acc,pl","n,II,acc,pl","n,II,acc,pl","n,II,acc,pl","n,II,acc,pl","n,II,acc,pl","n,II,acc,pl","n,II,acc,pl","n,II,acc,pl"
"circus:genpl","m,II,gen,pl","n,III,gen,pl","n,II,acc,pl","f,III,acc,pl","f,II,acc,pl","f,III,acc,pl","f,III,acc,pl","n,II,acc,pl","n,II,acc,pl","n,II,acc,pl","n,II,acc,pl","n,II,acc,pl","n,II,acc,pl","n,II,acc,pl","n,II,acc,pl","n,II,acc,pl"
"circus:accpl","m,II,acc,pl","m,II,acc,pl","m,III,acc,sg","f,III,acc,pl","f,III,acc,pl","f,III,acc,pl","f,II,acc,pl","n,II,acc,pl","n,II,acc,pl","n,II,acc,pl","n,II,acc,pl","n,II,acc,pl","n,II,acc,pl","n,II,acc,pl","n,II,acc,pl","n,II,acc,pl"
"clamor:nomsg","m,III,nom,sg","n,III,acc,sg","n,II,nom,sg","n,II,nom,sg","n,II,acc,sg","f,III,acc,sg","f,III,acc,sg","f,III,acc,sg","f,III,acc,sg","f,III,acc,sg","f,III,acc,sg","f,III,acc,sg","f,III,acc,sg","f,III,acc,sg","f,III,acc,sg","f,III,acc,sg"
"clamor:gensg","m,III,gen,sg","n,III,acc,sg","m,III,acc,pl","f,III,acc,pl","f,III,acc,pl","f,III,acc,pl","f,III,acc,sg","f,III,acc,pl","f,III,acc,pl","f,III,acc,pl","f,III,acc,pl","f,III,acc,pl","f,III,acc,pl","f,III,acc,pl","f,III,acc,pl","f,III,acc,pl"
"clamor:accsg","m,III,acc,sg","m,III,acc,sg","m,III,acc,sg","f,III,acc,sg","f,III,acc,sg","f,III,acc,sg","f,III,acc,sg","f,III,acc,sg","f,III,acc,sg","f,III,acc,sg","f,III,acc,sg","f,III,acc,sg","f,III,acc,sg","f,III,acc,sg","f,III,acc,sg","f,III,acc,sg"
"clamor:nompl","m,III,nom,pl","n,III,acc,pl","m,III,acc,pl","f,III,acc,pl","f,III,acc,pl","f,III,acc,pl","f,III,acc,pl","f,III,acc,pl","f,III,acc,pl","f,III,acc,pl","f,III,acc,pl","f,III,acc,pl","f,III,acc,pl","f,III,acc,pl","f,III,acc,pl","f,III,acc,pl"
"clamor:genpl","m,III,gen,pl","n,II,gen,pl","n,II,acc,pl","n,II,acc,pl","n,II,acc,pl","f,III,acc,pl","n,II,acc,pl","n,II,acc,pl","n,II,acc,pl","n,II,acc,pl","n,II,acc,pl","n,III,acc,pl","n,II,acc,pl","n,II,acc,pl","n,II,acc,pl","n,II,acc,pl"
"clamor:accpl","m,III,acc,pl","n,III,acc,pl","m,III,acc,pl","f,III,acc,pl","f,III,acc,pl","f,III,acc,pl","f,III,acc,pl","f,III,acc,pl","f,III,acc,pl","f,III,acc,pl","f,III,acc,pl","f,III,acc,pl","f,III,acc,pl","f,III,acc,pl","f,III,acc,pl","f,III,acc,pl"
"clangor:nomsg","m,III,nom,sg","n,III,acc,sg","n,III,acc,sg","m,III,acc,sg","f,III,acc,sg","f,III,acc,sg","f,III,acc,sg","f,III,acc,sg","f,III,acc,sg","f,III,acc,sg","f,III,acc,sg","f,III,acc,sg","f,III,acc,sg","f,III,acc,sg","f,III,acc,sg","f,III,acc,sg"
"clangor:gensg","m,III,gen,sg","f,III,acc,sg","m,III,acc,pl","f,III,acc,pl","f,III,acc,pl","f,III,acc,pl","f,III,acc,pl","f,III,acc,pl","f,III,acc,pl","f,III,acc,pl","f,III,acc,pl","f,III,acc,pl","f,III,acc,pl","f,III,acc,pl","f,III,acc,pl","f,III,acc,pl"
"clangor:accsg","m,III,acc,sg","m,III,acc,sg","f,III,acc,sg","f,III,acc,sg","f,III,acc,sg","f,III,acc,sg","f,III,acc,sg","f,III,acc,sg","f,III,acc,sg","f,III,acc,sg","f,III,acc,sg","f,III,acc,sg","f,III,acc,sg","f,III,acc,sg","f,III,acc,sg","f,III,acc,sg"
"clangor:nompl","m,III,nom,pl","n,III,acc,pl","m,III,acc,pl","f,III,acc,pl","f,III,acc,pl","f,III,acc,pl","f,III,acc,pl","f,III,acc,pl","f,III,acc,pl","f,III,acc,pl","f,III,acc,pl","f,III,acc,pl","f,III,acc,pl","f,III,acc,pl","f,III,acc,pl","f,III,acc,pl"
"clangor:genpl","m,III,gen,pl","n,II,gen,pl","n,II,acc,pl","f,III,acc,pl","f,II,acc,pl","f,III,acc,pl","n,II,acc,pl","n,II,acc,pl","n,II,acc,pl","n,II,acc,pl","n,II,acc,pl","n,II,acc,pl","n,II,acc,pl","n,II,acc,pl","n,II,acc,pl","n,II,acc,pl"
"clangor:accpl","m,III,acc,pl","n,III,acc,pl","m,III,acc,pl","f,III,acc,pl","f,III,acc,pl","f,III,acc,pl","f,III,acc,pl","f,III,acc,pl","f,III,acc,pl","f,III,acc,pl","f,III,acc,pl","f,III,acc,pl","f,III,acc,pl","f,III,acc,pl","f,III,acc,pl","f,III,acc,pl"
"collis:nomsg","m,III,nom,sg","f,III,nom,sg","f,III,acc,sg","f,III,acc,sg","f,III,acc,sg","f,III,acc,sg","f,III,acc,sg","f,III,acc,sg","f,III,acc,sg","f,III,acc,sg","f,III,acc,sg","f,III,acc,sg","f,III,acc,sg","f,III,acc,sg","f,III,acc,sg","f,III,acc,sg"
"collis:gensg","m,III,gen,sg","f,III,nom,sg","f,III,acc,sg","f,III,acc,sg","f,III,acc,sg","f,III,acc,sg","f,III,acc,sg","f,III,acc,sg","f,III,acc,sg","f,III,acc,sg","f,III,acc,sg","f,III,acc,sg","f,III,acc,sg","f,III,acc,sg","f,III,acc,sg","f,III,acc,sg"
"collis:accsg","m,III,acc,sg","n,III,acc,sg","n,III,acc,sg","f,III,acc,sg","f,III,acc,sg","f,III,acc,sg","f,III,acc,sg","f,III,acc,sg","f,III,acc,sg","f,III,acc,sg","f,III,acc,sg","f,III,acc,sg","f,III,acc,sg","f,III,acc,sg","f,III,acc,sg","f,III,acc,sg"
"collis:nompl","m,III,nom,pl","f,III,acc,pl","f,III,acc,pl","f,III,acc,pl","f,III,acc,pl","f,III,acc,pl","f,III,acc,pl","f,III,acc,pl","f,III,acc,pl","f,III,acc,pl","f,III,acc,pl","f,III,acc,pl","f,III,acc,pl","f,III,acc,pl","f,III,acc,pl","f,III,acc,pl"
"collis:genpl","m,III,gen,pl","f,III,gen,pl","f,III,acc,pl","n,II,acc,sg","f,III,acc,sg","f,III,acc,sg","f,III,acc,sg","f,III,acc,sg","f,III,acc,sg","f,III,acc,sg","f,III,acc,sg","f,III,acc,sg","f,III,acc,sg","f,III,acc,sg","f,III,acc,sg","f,III,acc,sg"
"collis:accpl","m,III,acc,pl","f,III,acc,pl","f,III,acc,pl","f,III,acc,pl","f,III,acc,pl","f,III,acc,pl","f,III,acc,pl","f,III,acc,pl","f,III,acc,pl","f,III,acc,pl","f,III,acc,pl","f,III,acc,pl","f,III,acc,pl","f,III,acc,pl","f,III,acc,pl","f,III,acc,pl"
"columba:nomsg","f,I,nom,sg","f,II,nom,sg","f,I,nom,sg","f,I,acc,sg","f,I,acc,sg","f,I,acc,sg","f,I,acc,pl","f,I,acc,pl","f,I,acc,pl","f,I,acc,pl","f,I,acc,pl","f,I,acc,pl","f,I,acc,pl","f,I,acc,pl","f,I,acc,pl","f,I,acc,pl"
"columba:gensg","f,I,gen,sg","f,I,acc,sg","f,I,acc,sg","f,I,acc,pl","f,I,acc,pl","f,I,acc,pl","f,I,acc,pl","f,I,acc,pl","f,I,acc,pl","f,I,acc,pl","f,I,acc,pl","f,I,acc,pl","f,I,acc,pl","f,I,acc,pl","f,I,acc,pl","f,I,acc,pl"
"columba:accsg","f,I,acc,sg","f,I,acc,sg","f,I,acc,sg","f,I,acc,sg","f,I,acc,sg","f,I,acc,sg","f,I,acc,sg","f,I,acc,sg","f,I,acc,sg","f,I,acc,sg","f,I,acc,sg","f,I,acc,sg","f,I,acc,sg","f,I,acc,sg","f,I,acc,sg","f,I,acc,sg"
"columba:nompl","f,I,nom,pl","f,I,acc,sg","f,I,acc,sg","f,I,acc,pl","f,I,acc,pl","f,I,acc,pl","f,I,acc,pl","f,I,acc,pl","f,I,acc,pl","f,I,acc,pl","f,I,acc,pl","f,I,acc,pl","f,I,acc,pl","f,I,acc,pl","f,I,acc,pl","f,I,acc,pl"
"columba:genpl","f,I,gen,pl","f,I,gen,pl","f,I,acc,pl","f,I,acc,pl","f,I,acc,pl","f,I,acc,pl","f,I,acc,pl","f,I,acc,pl","f,I,acc,pl","f,I,acc,pl","f,I,acc,pl","f,I,acc,pl","f,I,acc,pl","f,I,acc,pl","f,I,acc,pl","f,I,acc,pl"
"columba:accpl","f,I,acc,pl","f,I,acc,pl","f,I,acc,pl","f,I,acc,pl","f,I,acc,pl","f,I,acc,pl","f,I,acc,pl","f,I,acc,pl","f,I,acc,pl","f,I,acc,pl","f,I,acc,pl","f,I,acc,pl","f,I,acc,pl","f,I,acc,pl","f,I,acc,pl","f,I,acc,pl"
"columna:nomsg","f,I,nom,sg","n,II,nom,sg","f,I,nom,sg","f,I,acc,sg","f,I,acc,sg","f,I,acc,sg","f,I,acc,sg","f,I,acc,pl","f,I,acc,pl","f,I,acc,pl","f,I,acc,pl","f,I,acc,pl","f,I,acc,pl","f,I,acc,pl","f,I,acc,pl","f,I,acc,sg"
"columna:gensg","f,I,gen,sg","f,I,acc,sg","f,I,acc,sg","f,I,acc,pl","f,I,acc,pl","f,I,acc,pl","f,I,acc,pl","f,I,acc,pl","f,I,acc,pl","f,I,acc,pl","f,I,acc,pl","f,I,acc,pl","f,I,acc,pl","f,I,acc,pl","f,I,acc,pl","f,I,acc,pl"
"columna:accsg","f,I,acc,sg","f,I,acc,sg","f,I,acc,sg","f,I,acc,sg","f,I,acc,sg","f,I,acc,sg","f,I,acc,sg","f,I,acc,sg","f,I,acc,sg","f,I,acc,sg","f,I,acc,sg","f,I,acc,sg","f,I,acc,sg","f,I,acc,sg","f,I,acc,sg","f,I,acc,sg"
"columna:nompl","f,I,nom,pl","f,I,acc,sg","f,I,acc,sg","f,I,acc,pl","f,I,acc,pl","f,I,acc,pl","f,I,acc,pl","f,I,acc,pl","f,I,acc,pl","f,I,acc,pl","f,I,acc,pl","f,I,acc,pl","f,I,acc,pl","f,I,acc,pl","f,I,acc,pl","f,I,acc,pl"
"columna:genpl","f,I,gen,pl","f,I,gen,pl","f,I,acc,pl","f,I,acc,pl","f,I,acc,pl","f,I,acc,pl","f,I,acc,pl","f,I,acc,pl","f,I,acc,pl","f,I,acc,pl","f,I,acc,pl","f,I,acc,pl","f,I,acc,pl","f,I,acc,pl","f,I,acc,pl","f,I,acc,pl"
"columna:accpl","f,I,acc,pl","f,I,acc,pl","f,I,acc,pl","f,I,acc,pl","f,I,acc,pl","f,I,acc,pl","f,I,acc,pl","f,I,acc,pl","f,I,acc,pl","f,I,acc,pl","f,I,acc,pl","f,I,acc,pl","f,I,acc,pl","f,I,acc,pl","f,I,acc,pl","f,I,acc,pl"
"concilium:nomsg","n,II,nom,sg","n,II,acc,sg","n,II,nom,sg","n,II,acc,sg","n,II,acc,sg","n,II,acc,sg","n,II,acc,sg","n,II,acc,sg","n,II,acc,sg","n,II,acc,sg","n,II,acc,sg","n,II,acc,sg","n,II,acc,sg","n,II,acc,sg","n,II,acc,sg","n,II,acc,sg"
"concilium:gensg","n,II,gen,sg","n,II,nom,sg","n,II,acc,sg","n,II,acc,pl","n,II,acc,pl","n,II,acc,pl","n,II,acc,pl","n,II,acc,pl","n,II,acc,pl","n,II,acc,pl","n,II,acc,pl","n,II,acc,pl","n,II,acc,pl","n,II,acc,pl","n,II,acc,pl","n,II,acc,pl"
"concilium:accsg","n,II,acc,sg","n,II,acc,sg","n,II,nom,sg","n,II,acc,sg","n,II,acc,sg","n,II,acc,sg","n,II,acc,sg","n,II,acc,sg","n,II,acc,sg","n,II,acc,sg","n,II,acc,sg","n,II,acc,sg","n,II,acc,sg","n,II,acc,sg","n,II,acc,sg","n,II,acc,sg"
"concilium:nompl","n,II,nom,pl","n,II,nom,sg","n,II,nom,pl","f,II,acc,pl","f,I,acc,pl","f,I,acc,pl","f,I,acc,pl","f,I,acc,pl","f,I,acc,pl","f,I,acc,pl","f,I,acc,pl","f,I,acc,pl","f,I,acc,pl","f,I,acc,pl","f,I,acc,pl","f,I,acc,pl"
"concilium:genpl","n,II,gen,pl","n,II,gen,pl","n,II,nom,pl","n,II,acc,pl","n,II,acc,pl","n,II,acc,pl","n,II,acc,pl","n,II,acc,pl","n,II,acc,pl","n,II,acc,pl","n,II,acc,pl","n,II,acc,pl","n,II,acc,pl","n,II,acc,pl","n,II,acc,pl","n,II,acc,pl"
"concilium:accpl","n,II,acc,pl","n,II,nom,sg","n,II,nom,pl","f,II,acc,pl","f,I,acc,pl","f,I,acc,pl","f,I,acc,pl","f,I,acc,pl","f,I,acc,pl","f,I,acc,pl","f,I,acc,pl","f,I,acc,pl","f,I,acc,pl","f,I,acc,pl","f,I,acc,pl","f,I,acc,pl"
"coniuga:nomsg","f,I,nom,sg","n,II,nom,sg","n,II,nom,pl","f,II,acc,pl","f,I,acc,sg","f,I,acc,sg","f,I,acc,sg","f,I,acc,sg","f,I,acc,pl","f,I,acc,pl","f,I,acc,pl","f,I,acc,pl","f,I,acc,pl","f,I,acc,pl","f,I,acc,pl","f,I,acc,pl"
"coniuga:gensg","f,I,gen,sg","f,I,acc,sg","f,III,acc,sg","f,II,acc,pl","f,II,acc,sg","f,I,acc,sg","f,III,acc,sg","f,I,acc,sg","f,I,acc,pl","f,I,acc,sg","f,I,acc,pl","f,I,acc,pl","f,I,acc,pl","f,III,acc,pl","f,I,acc,sg","f,I,acc,sg"
"coniuga:accsg","f,I,acc,sg","f,I,acc,sg","f,I,acc,sg","f,I,acc,sg","f,II,acc,sg","f,I,acc,sg","f,I,acc,sg","f,I,acc,sg","f,I,acc,sg","f,I,acc,sg","f,I,acc,sg","f,I,acc,sg","f,I,acc,sg","f,I,acc,sg","f,I,acc,sg","f,I,acc,sg"
"coniuga:nompl","f,I,nom,pl","f,I,acc,sg","f,III,acc,sg","f,II,acc,pl","f,II,acc,sg","f,I,acc,sg","f,III,acc,sg","f,I,acc,sg","f,I,acc,pl","f,I,acc,sg","f,I,acc,pl","f,I,acc,pl","f,I,acc,pl","f,III,acc,pl","f,I,acc,sg","f,I,acc,sg"
"coniuga:genpl","f,I,gen,pl","f,I,acc,pl","f,I,acc,pl","f,I,acc,pl","f,II,acc,pl","f,I,acc,pl","f,I,acc,pl","f,I,acc,pl","f,I,acc,pl","f,I,acc,pl","f,I,acc,pl","f,I,acc,pl","f,I,acc,pl","f,I,acc,pl","f,I,acc,pl","f,I,acc,pl"
"coniuga:accpl","f,I,acc,pl","f,I,nom,pl","f,I,acc,pl","f,I,acc,pl","f,II,acc,pl","f,I,acc,sg","f,I,acc,pl","f,I,acc,pl","f,I,acc,pl","f,I,acc,pl","f,I,acc,pl","f,I,acc,pl","f,I,acc,pl","f,I,acc,pl","f,I,acc,pl","f,I,acc,pl"
"conspectus:nomsg","m,IV,nom,sg","m,II,acc,sg","n,II,nom,sg","n,II,acc,sg","n,II,acc,sg","n,II,acc,sg","n,II,acc,sg","n,II,acc,sg","n,II,acc,sg","n,II,acc,sg","n,II,acc,sg","n,II,acc,sg","n,II,acc,sg","n,II,acc,sg","n,II,acc,sg","n,II,acc,sg"
"conspectus:gensg","m,IV,gen,sg","m,II,acc,pl","m,II,nom,pl","n,II,acc,pl","n,II,acc,pl","n,II,acc,pl","n,II,acc,pl","n,II,acc,pl","n,II,acc,pl","n,II,acc,pl","n,II,acc,pl","n,II,acc,pl","n,II,acc,pl","n,II,acc,pl","n,II,acc,pl","n,II,acc,pl"
"conspectus:accsg","m,IV,acc,sg","m,II,acc,sg","n,II,acc,sg","n,II,acc,sg","n,II,acc,sg","n,II,acc,sg","n,II,acc,sg","n,II,acc,sg","n,II,acc,sg","n,II,acc,sg","n,II,acc,sg","n,II,acc,sg","n,II,acc,sg","n,II,acc,sg","n,II,acc,sg","n,II,acc,sg"
"conspectus:nompl","m,IV,nom,pl","m,II,acc,pl","m,II,nom,pl","n,II,acc,pl","n,II,acc,pl","n,II,acc,pl","n,II,acc,pl","n,II,acc,pl","n,II,acc,pl","n,II,acc,pl","n,II,acc,pl","n,II,acc,pl","n,II,acc,pl","n,II,acc,pl","n,II,acc,pl","n,II,acc,pl"
"conspectus:genpl","m,IV,gen,pl","n,II,gen,pl","n,II,nom,sg","n,II,acc,sg","n,II,acc,pl","n,II,acc,sg","n,II,acc,sg","n,II,acc,sg","n,II,acc,sg","n,II,acc,sg","n,II,acc,sg","n,I,acc,sg","n,II,acc,sg","n,II,acc,sg","n,II,acc,sg","n,II,acc,sg"
"conspectus:accpl","m,IV,acc,pl","m,II,acc,pl","m,II,nom,pl","n,II,acc,pl","n,II,acc,pl","n,II,acc,pl","n,II,acc,pl","n,II,acc,pl","n,II,acc,pl","n,II,acc,pl","n,II,acc,pl","n,II,acc,pl","n,II,acc,pl","n,II,acc,pl","n,II,acc,pl","n,II,acc,pl"
"cor:nomsg","n,III,nom,sg","n,III,acc,sg","m,III,acc,sg","n,III,acc,sg","f,III,acc,sg","f,III,acc,sg","f,III,acc,sg","f,III,acc,sg","f,III,acc,sg","f,III,acc,sg","f,III,acc,sg","f,III,acc,sg","f,III,acc,sg","f,III,acc,sg","f,III,acc,sg","f,III,acc,sg"
"cor:gensg","n,III,gen,sg","m,III,gen,sg","m,III,acc,sg","f,III,acc,sg","f,III,acc,sg","f,III,acc,sg","f,III,acc,sg","f,III,acc,sg","f,III,acc,sg","f,III,acc,sg","f,III,acc,sg","f,III,acc,sg","f,III,acc,sg","f,III,acc,sg","f,III,acc,sg","f,III,acc,sg"
"cor:accsg","n,III,acc,sg","n,III,acc,sg","m,III,acc,sg","n,III,acc,sg","f,III,acc,sg","f,III,acc,sg","f,III,acc,sg","f,III,acc,sg","f,III,acc,sg","f,III,acc,sg","f,III,acc,sg","f,III,acc,sg","f,III,acc,sg","f,III,acc,sg","f,III,acc,sg","f,III,acc,sg"
"cor:nompl","n,III,nom,pl","n,III,acc,pl","m,III,acc,pl","m,III,acc,pl","f,III,acc,sg","f,III,acc,sg","f,III,acc,sg","f,III,acc,sg","f,III,acc,sg","f,III,acc,sg","f,III,acc,sg","f,III,acc,sg","f,III,acc,sg","f,III,acc,sg","f,III,acc,sg","f,III,acc,sg"
"cor:genpl","n,III,gen,pl","n,III,gen,pl","m,III,acc,sg","f,III,acc,sg","f,III,acc,sg","f,III,acc,sg","f,III,acc,sg","f,III,acc,sg","f,III,acc,sg","f,III,acc,sg","f,III,acc,sg","f,III,acc,sg","f,III,acc,sg","f,III,acc,sg","f,III,acc,sg","f,III,acc,sg"
"cor:accpl","n,III,acc,pl","n,III,acc,pl","m,III,acc,pl","m,III,acc,pl","f,III,acc,sg","f,III,acc,sg","f,III,acc,sg","f,III,acc,sg","f,III,acc,sg","f,III,acc,sg","f,III,acc,sg","f,III,acc,sg","f,III,acc,sg","f,III,acc,sg","f,III,acc,sg","f,III,acc,sg"
"cornu:nomsg","n,IV,nom,sg","n,II,acc,sg","n,II,acc,sg","n,II,acc,pl","n,II,acc,pl","n,II,acc,pl","n,II,acc,pl","n,II,acc,pl","n,II,acc,pl","n,II,acc,pl","n,II,acc,pl","n,II,acc,pl","n,II,acc,pl","n,II,acc,pl","n,II,acc,pl","n,II,acc,pl"
"cornu:gensg","n,IV,gen,sg","f,II,acc,pl","m,II,acc,pl","n,II,acc,pl","n,II,acc,pl","n,II,acc,pl","n,II,acc,pl","n,II,acc,pl","n,II,acc,pl","n,II,acc,pl","n,II,acc,pl","n,II,acc,pl","n,II,acc,pl","n,II,acc,pl","n,II,acc,pl","n,II,acc,pl"
"cornu:accsg","n,IV,acc,sg","n,II,acc,sg","n,II,acc,sg","n,II,acc,pl","n,II,acc,pl","n,II,acc,pl","n,II,acc,pl","n,II,acc,pl","n,II,acc,pl","n,II,acc,pl","n,II,acc,pl","n,II,acc,pl","n,II,acc,pl","n,II,acc,pl","n,II,acc,pl","n,II,acc,pl"
"cornu:nompl","n,IV,nom,pl","n,II,acc,pl","n,II,acc,sg","n,II,acc,pl","n,II,acc,pl","n,II,acc,pl","n,II,acc,pl","n,II,acc,pl","n,II,acc,pl","n,II,acc,pl","n,II,acc,sg","n,II,acc,sg","n,II,acc,sg","n,II,acc,sg","n,II,acc,sg","n,II,acc,sg"
"cornu:genpl","n,IV,gen,pl","n,II,acc,pl","n,II,acc,pl","n,II,acc,sg","n,II,acc,sg","n,II,acc,pl","n,II,acc,pl","n,II,acc,pl","n,II,acc,sg","n,II,acc,sg","n,II,acc,sg","n,II,acc,sg","n,II,acc,sg","n,II,acc,sg","n,II,acc,sg","n,II,acc,sg"
"cornu:accpl","n,IV,acc,pl","n,II,acc,pl","n,II,acc,sg","n,II,acc,pl","n,II,acc,pl","n,II,acc,pl","n,II,acc,pl","n,II,acc,pl","n,II,acc,pl","n,II,acc,pl","n,II,acc,sg","n,II,acc,sg","n,II,acc,sg","n,II,acc,sg","n,II,acc,sg","n,II,acc,sg"
"corona:nomsg","f,I,nom,sg","f,II,nom,pl","f,I,acc,sg","f,I,acc,sg","f,I,acc,sg","f,I,acc,sg","f,I,acc,pl","f,I,acc,pl","f,I,acc,pl","f,I,acc,pl","f,I,acc,pl","f,I,acc,pl","f,I,acc,pl","f,I,acc,pl","f,I,acc,pl","f,I,acc,pl"
"corona:gensg","f,I,gen,sg","f,I,nom,pl","f,I,acc,pl","f,I,acc,pl","f,I,acc,pl","f,I,acc,pl","f,I,acc,pl","f,I,acc,pl","f,I,acc,pl","f,I,acc,pl","f,I,acc,pl","f,I,acc,pl","f,I,acc,pl","f,I,acc,pl","f,I,acc,pl","f,I,acc,pl"
"corona:accsg","f,I,acc,sg","f,I,acc,sg","f,I,acc,sg","f,I,acc,sg","f,I,acc,sg","f,I,acc,sg","f,I,acc,sg","f,I,acc,sg","f,I,acc,sg","f,I,acc,sg","f,I,acc,sg","f,I,acc,sg","f,I,acc,sg","f,I,acc,sg","f,I,acc,sg","f,I,acc,sg"
"corona:nompl","f,I,nom,pl","f,I,nom,pl","f,I,acc,pl","f,I,acc,pl","f,I,acc,pl","f,I,acc,pl","f,I,acc,pl","f,I,acc,pl","f,I,acc,pl","f,I,acc,pl","f,I,acc,pl","f,I,acc,pl","f,I,acc,pl","f,I,acc,pl","f,I,acc,pl","f,I,acc,pl"
"corona:genpl","f,I,gen,pl","f,I,gen,pl","f,I,acc,pl","f,I,acc,pl","f,I,acc,pl","f,I,acc,pl","f,I,acc,pl","f,I,acc,pl","f,I,acc,pl","f,I,acc,pl","f,I,acc,pl","f,I,acc,pl","f,I,acc,pl","f,I,acc,pl","f,I,acc,pl","f,I,acc,pl"
"corona:accpl","f,I,acc,pl","f,III,acc,pl","f,I,acc,pl","f,I,acc,pl","f,I,acc,sg","f,I,acc,pl","f,I,acc,pl","f,I,acc,pl","f,I,acc,pl","f,I,acc,pl","f,I,acc,pl","f,I,acc,pl","f,I,acc,pl","f,I,acc,pl","f,I,acc,pl","f,I,acc,pl"
"corpus:nomsg","n,III,nom,sg","n,III,acc,sg","n,III,acc,sg","n,III,nom,sg","f,II,acc,sg","f,III,acc,sg","n,II,acc,sg","n,II,acc,sg","n,II,acc,sg","n,II,acc,sg","n,II,acc,sg","n,II,acc,sg","n,II,acc,sg","n,II,acc,sg","n,II,acc,sg","n,II,acc,sg"
"corpus:gensg","n,III,gen,sg","f,III,acc,sg","f,III,acc,sg","f,III,acc,pl","f,III,acc,sg","f,III,acc,sg","f,III,acc,sg","f,III,acc,sg","f,III,acc,sg","f,III,acc,pl","f,III,acc,sg","f,III,acc,sg","f,III,acc,pl","f,III,acc,pl","f,III,acc,pl","f,III,acc,pl"
"corpus:accsg","n,III,acc,sg","n,III,acc,sg","n,III,acc,sg","n,III,nom,sg","f,II,acc,sg","f,III,acc,sg","n,II,acc,sg","n,II,acc,sg","n,II,acc,sg","n,II,acc,sg","n,II,acc,sg","n,II,acc,sg","n,II,acc,sg","n,II,acc,sg","n,II,acc,sg","n,II,acc,sg"
"corpus:nompl","n,III,nom,pl","n,III,acc,pl","f,III,acc,pl","f,III,acc,pl","f,III,acc,pl","f,III,acc,pl","f,III,acc,pl","f,III,acc,pl","f,III,acc,pl","f,I,acc,pl","f,I,acc,pl","f,I,acc,sg","f,I,acc,sg","f,I,acc,pl","f,III,acc,pl","f,III,acc,pl"
"corpus:genpl","n,III,gen,pl","n,III,gen,pl","f,III,acc,sg","f,III,acc,pl","f,III,acc,pl","f,III,acc,pl","f,III,acc,pl","f,III,acc,sg","n,II,acc,sg","f,I,acc,sg","f,I,acc,sg","f,III,acc,sg","f,II,acc,sg","n,II,acc,sg","f,III,acc,sg","f,III,acc,sg"
"corpus:accpl","n,III,acc,pl","n,III,acc,pl","f,III,acc,pl","f,III,acc,pl","f,III,acc,pl","f,III,acc,pl","f,III,acc,pl","f,III,acc,pl","f,III,acc,pl","f,I,acc,pl","f,I,acc,pl","f,I,acc,sg","f,I,acc,sg","f,I,acc,pl","f,III,acc,pl","f,III,acc,pl"
"cortina:nomsg","f,I,nom,sg","n,I,acc,pl","f,II,nom,sg","f,I,acc,pl","f,I,acc,pl","f,I,acc,pl","f,I,acc,pl","f,I,acc,pl","f,I,acc,pl","f,I,acc,pl","f,I,acc,pl","f,I,acc,pl","f,I,acc,pl","f,I,acc,pl","f,I,acc,pl","f,I,acc,pl"
"cortina:gensg","f,I,gen,sg","f,I,acc,sg","f,I,acc,pl","f,I,acc,pl","f,I,acc,pl","f,I,acc,pl","f,I,acc,pl","f,I,acc,pl","f,I,acc,pl","f,I,acc,pl","f,I,acc,pl","f,I,acc,pl","f,I,acc,pl","f,I,acc,pl","f,I,acc,pl","f,I,acc,pl"
"cortina:accsg","f,I,acc,sg","f,I,acc,sg","f,I,acc,sg","f,I,acc,sg","f,I,acc,sg","f,I,acc,sg","f,I,acc,sg","f,I,acc,sg","f,I,acc,sg","f,I,acc,sg","f,I,acc,sg","f,I,acc,sg","f,I,acc,sg","f,I,acc,sg","f,I,acc,sg","f,I,acc,sg"
"cortina:nompl","f,I,nom,pl","f,I,acc,sg","f,I,acc,pl","f,I,acc,pl","f,I,acc,pl","f,I,acc,pl","f,I,acc,pl","f,I,acc,pl","f,I,acc,pl","f,I,acc,pl","f,I,acc,pl","f,I,acc,pl","f,I,acc,pl","f,I,acc,pl","f,I,acc,pl","f,I,acc,pl"
"cortina:genpl","f,I,gen,pl","f,I,gen,pl","f,I,acc,pl","f,I,acc,pl","f,I,acc,pl","f,I,acc,pl","f,I,acc,pl","f,I,acc,pl","f,I,acc,pl","f,I,acc,pl","f,I,acc,pl","f,I,acc,pl","f,I,acc,pl","f,I,acc,pl","f,I,acc,pl","f,I,acc,pl"
"cortina:accpl","f,I,acc,pl","f,I,acc,pl","f,I,acc,pl","f,I,acc,pl","f,I,acc,pl","f,I,acc,pl","f,I,acc,pl","f,I,acc,pl","f,I,acc,pl","f,I,acc,pl","f,I,acc,pl","f,I,acc,pl","f,I,acc,pl","f,I,acc,pl","f,I,acc,pl","f,I,acc,pl"
"corvus:nomsg","m,II,nom,sg","n,II,nom,sg","n,II,acc,sg","n,III,nom,sg","f,III,acc,sg","f,III,acc,sg","n,II,acc,sg","n,II,acc,sg","n,II,acc,sg","n,II,acc,sg","n,II,acc,sg","n,II,acc,sg","n,II,acc,sg","n,II,acc,sg","n,II,acc,sg","n,II,acc,sg"
"corvus:gensg","m,II,gen,sg","n,II,acc,sg","n,II,acc,pl","f,III,acc,pl","f,III,acc,pl","f,III,acc,pl","n,II,acc,pl","n,II,acc,pl","n,II,acc,pl","n,II,acc,pl","n,II,acc,pl","n,II,acc,pl","n,II,acc,pl","n,II,acc,pl","n,II,acc,pl","n,II,acc,pl"
"corvus:accsg","m,II,acc,sg","n,II,acc,sg","n,II,acc,sg","n,II,acc,sg","n,II,acc,sg","n,II,acc,sg","n,II,acc,sg","n,II,acc,sg","n,II,acc,sg","n,II,acc,sg","n,II,acc,sg","n,II,acc,sg","n,II,acc,sg","n,II,acc,sg","n,II,acc,sg","n,II,acc,sg"
"corvus:nompl","m,II,nom,pl","n,II,acc,sg","n,II,acc,pl","f,III,acc,pl","f,III,acc,pl","f,III,acc,pl","n,II,acc,pl","n,II,acc,pl","n,II,acc,pl","n,II,acc,pl","n,II,acc,pl","n,II,acc,pl","n,II,acc,pl","n,II,acc,pl","n,II,acc,pl","n,II,acc,pl"
"corvus:genpl","m,II,gen,pl","n,III,gen,pl","n,II,acc,pl","f,III,acc,pl","f,III,acc,pl","f,III,acc,pl","n,II,acc,pl","n,II,acc,pl","n,II,acc,pl","n,II,acc,pl","n,II,acc,pl","n,II,acc,pl","n,II,acc,pl","n,II,acc,pl","n,II,acc,pl","n,II,acc,pl"
"corvus:accpl","m,II,acc,pl","m,II,acc,pl","m,III,acc,pl","f,III,acc,pl","f,III,acc,pl","f,III,acc,pl","f,III,acc,pl","f,III,acc,pl","n,II,acc,pl","n,II,acc,pl","n,II,acc,pl","n,II,acc,pl","n,II,acc,pl","n,II,acc,pl","n,II,acc,pl","n,II,acc,pl"
"costa:nomsg","f,I,nom,sg","f,I,acc,pl","f,I,acc,pl","f,I,acc,pl","f,I,acc,pl","f,I,acc,pl","f,I,acc,pl","f,I,acc,pl","f,I,acc,pl","f,I,acc,pl","f,I,acc,pl","f,I,acc,pl","f,I,acc,pl","f,I,acc,pl","f,I,acc,pl","f,I,acc,pl"
"costa:gensg","f,I,gen,sg","f,I,acc,pl","f,I,acc,pl","f,I,acc,pl","f,I,acc,pl","f,I,acc,pl","f,I,acc,pl","f,I,acc,pl","f,I,acc,pl","f,I,acc,pl","f,I,acc,pl","f,I,acc,pl","f,I,acc,pl","f,I,acc,pl","f,I,acc,pl","f,I,acc,pl"
"costa:accsg","f,I,acc,sg","f,I,acc,sg","f,I,acc,sg","f,I,acc,sg","f,I,acc,sg","f,I,acc,sg","f,I,acc,sg","f,I,acc,sg","f,I,acc,sg","f,I,acc,sg","f,I,acc,sg","f,I,acc,sg","f,I,acc,sg","f,I,acc,sg","f,I,acc,sg","f,I,acc,sg"
"costa:nompl","f,I,nom,pl","f,I,acc,pl","f,I,acc,pl","f,I,acc,pl","f,I,acc,pl","f,I,acc,pl","f,I,acc,pl","f,I,acc,pl","f,I,acc,pl","f,I,acc,pl","f,I,acc,pl","f,I,acc,pl","f,I,acc,pl","f,I,acc,pl","f,I,acc,pl","f,I,acc,pl"
"costa:genpl","f,I,gen,pl","f,III,gen,pl","f,I,acc,pl","f,I,acc,pl","f,I,acc,pl","f,I,acc,pl","f,I,acc,pl","f,I,acc,pl","f,I,acc,pl","f,I,acc,pl","f,I,acc,pl","f,I,acc,pl","f,I,acc,pl","f,I,acc,pl","f,I,acc,pl","f,I,acc,pl"
"costa:accpl","f,I,acc,pl","f,III,acc,pl","f,I,acc,pl","f,I,acc,pl","f,I,acc,pl","f,I,acc,pl","f,I,acc,pl","f,I,acc,pl","f,I,acc,pl","f,I,acc,pl","f,I,acc,pl","f,I,acc,pl","f,I,acc,pl","f,I,acc,pl","f,I,acc,pl","f,I,acc,pl"
"crater:nomsg","m,III,nom,sg","f,III,acc,sg","f,III,acc,pl","f,III,acc,pl","f,III,acc,pl","f,III,acc,pl","f,III,acc,pl","f,III,acc,pl","f,III,acc,pl","f,III,acc,pl","f,III,acc,pl","f,III,acc,pl","f,III,acc,pl","f,III,acc,pl","f,III,acc,pl","f,III,acc,pl"
"crater:gensg","m,III,gen,sg","f,III,acc,sg","m,III,acc,pl","f,III,acc,pl","f,III,acc,pl","f,III,acc,pl","f,III,acc,sg","f,III,acc,sg","f,III,acc,pl","f,III,acc,pl","f,III,acc,pl","f,III,acc,pl","f,III,acc,pl","f,III,acc,pl","f,III,acc,pl","f,III,acc,pl"
"crater:accsg","m,III,acc,sg","f,III,acc,sg","f,III,acc,sg","f,III,acc,pl","f,III,acc,sg","f,III,acc,pl","f,III,acc,sg","f,III,acc,sg","f,III,acc,sg","f,III,acc,sg","f,III,acc,sg","f,III,acc,pl","f,III,acc,sg","f,III,acc,pl","f,III,acc,sg","f,III,acc,sg"
"crater:nompl","m,III,nom,pl","f,III,acc,pl","f,III,acc,sg","f,III,acc,pl","f,III,acc,pl","f,III,acc,pl","f,III,acc,pl","f,III,acc,sg","f,III,acc,pl","f,III,acc,pl","f,III,acc,pl","f,III,acc,pl","f,III,acc,pl","f,III,acc,pl","f,III,acc,pl","f,III,acc,pl"
"crater:genpl","m,III,gen,pl","f,III,gen,pl","f,I,acc,pl","f,III,acc,pl","f,III,acc,pl","f,III,acc,pl","f,II,acc,pl","f,III,acc,pl","f,III,acc,pl","f,III,acc,sg","n,II,acc,pl","f,III,acc,pl","f,III,acc,pl","f,III,acc,pl","f,III,acc,pl","f,III,acc,pl"
"crater:accpl","m,III,acc,pl","f,III,acc,pl","f,III,acc,sg","f,III,acc,pl","f,III,acc,pl","f,III,acc,pl","f,III,acc,pl","f,III,acc,sg","f,III,acc,pl","f,III,acc,pl","f,III,acc,pl","f,III,acc,pl","f,III,acc,pl","f,III,acc,pl","f,III,acc,pl","f,III,acc,pl"
"cribrum:nomsg","n,II,nom,sg","n,II,acc,sg","n,II,acc,sg","n,II,acc,sg","n,II,acc,sg","n,II,acc,sg","n,II,acc,sg","n,II,acc,sg","n,II,acc,sg","n,II,acc,sg","n,II,acc,sg","n,II,acc,sg","n,II,acc,sg","n,II,acc,sg","n,II,acc,sg","n,II,acc,sg"
"cribrum:gensg","n,II,gen,sg","n,II,gen,pl","n,II,acc,pl","n,II,acc,pl","n,II,acc,pl","n,II,acc,pl","n,II,acc,pl","n,II,acc,pl","n,II,acc,pl","n,II,acc,pl","n,II,acc,pl","n,II,acc,pl","n,II,acc,pl","n,II,acc,pl","n,II,acc,pl","n,II,acc,pl"
"cribrum:accsg","n,II,acc,sg","n,II,acc,sg","n,II,acc,sg","n,II,acc,sg","n,II,acc,sg","n,II,acc,sg","n,II,acc,sg","n,II,acc,sg","n,II,acc,sg","n,II,acc,sg","n,II,acc,sg","n,II,acc,sg","n,II,acc,sg","n,II,acc,sg","n,II,acc,sg","n,II,acc,sg"
"cribrum:nompl","n,II,nom,pl","n,II,nom,pl","f,I,acc,pl","f,I,acc,pl","f,I,acc,pl","f,I,acc,pl","f,I,acc,pl","f,I,acc,pl","f,I,acc,pl","f,I,acc,pl","f,I,acc,pl","f,I,acc,pl","f,I,acc,pl","f,I,acc,pl","f,I,acc,pl","f,I,acc,pl"
"cribrum:genpl","n,II,gen,pl","n,II,gen,pl","n,II,acc,pl","n,II,acc,pl","n,II,acc,pl","n,II,acc,pl","n,II,acc,pl","n,II,acc,pl","n,II,acc,pl","n,II,acc,pl","n,II,acc,pl","n,II,acc,pl","n,II,acc,pl","n,II,acc,pl","n,II,acc,pl","n,II,acc,pl"
"cribrum:accpl","n,II,acc,pl","n,II,nom,pl","f,I,acc,pl","f,I,acc,pl","f,I,acc,pl","f,I,acc,pl","f,I,acc,pl","f,I,acc,pl","f,I,acc,pl","f,I,acc,pl","f,I,acc,pl","f,I,acc,pl","f,I,acc,pl","f,I,acc,pl","f,I,acc,pl","f,I,acc,pl"
"crusta:nomsg","f,I,nom,sg","f,I,acc,pl","f,I,acc,pl","f,I,acc,pl","f,I,acc,pl","f,I,acc,pl","f,I,acc,pl","f,I,acc,pl","f,I,acc,pl","f,I,acc,pl","f,I,acc,pl","f,I,acc,pl","f,I,acc,pl","f,I,acc,pl","f,I,acc,pl","f,I,acc,pl"
"crusta:gensg","f,I,gen,sg","f,I,acc,pl","f,I,acc,pl","f,I,acc,pl","f,I,acc,pl","f,I,acc,pl","f,I,acc,pl","f,I,acc,pl","f,I,acc,pl","f,I,acc,pl","f,I,acc,pl","f,I,acc,pl","f,I,acc,pl","f,I,acc,pl","f,I,acc,pl","f,I,acc,pl"
"crusta:accsg","f,I,acc,sg","f,I,acc,sg","f,I,acc,sg","f,I,acc,sg","f,I,acc,sg","f,I,acc,sg","f,I,acc,sg","f,I,acc,sg","f,I,acc,sg","f,I,acc,sg","f,I,acc,sg","f,I,acc,sg","f,I,acc,sg","f,I,acc,sg","f,I,acc,sg","f,I,acc,sg"
"crusta:nompl","f,I,nom,pl","f,I,acc,pl","f,I,acc,pl","f,I,acc,pl","f,I,acc,pl","f,I,acc,pl","f,I,acc,pl","f,I,acc,pl","f,I,acc,pl","f,I,acc,pl","f,I,acc,pl","f,I,acc,pl","f,I,acc,pl","f,I,acc,pl","f,I,acc,pl","f,I,acc,pl"
"crusta:genpl","f,I,gen,pl","f,I,gen,pl","f,I,acc,pl","f,I,acc,pl","f,I,acc,pl","f,I,acc,pl","f,I,acc,pl","f,I,acc,pl","f,I,acc,pl","f,I,acc,pl","f,I,acc,pl","f,I,acc,pl","f,I,acc,pl","f,I,acc,pl","f,I,acc,pl","f,I,acc,pl"
"crusta:accpl","f,I,acc,pl","f,I,acc,pl","f,I,acc,pl","f,I,acc,pl","f,I,acc,pl","f,I,acc,pl","f,I,acc,pl","f,I,acc,pl","f,I,acc,pl","f,I,acc,pl","f,I,acc,pl","f,I,acc,pl","f,I,acc,pl","f,I,acc,pl","f,I,acc,pl","f,I,acc,pl"
"crux:nomsg","f,III,nom,sg","m,III,nom,sg","n,III,nom,sg","n,III,nom,sg","f,III,nom,sg","n,III,nom,sg","n,II,acc,sg","n,II,acc,sg","n,II,acc,sg","n,II,acc,sg","n,II,acc,sg","n,II,acc,sg","n,II,acc,sg","n,II,acc,sg","n,II,acc,sg","n,II,acc,sg"
"crux:gensg","f,III,gen,sg","m,III,acc,sg","m,III,acc,sg","f,III,acc,sg","f,III,acc,sg","f,III,acc,sg","f,III,acc,sg","f,III,acc,pl","f,III,acc,sg","f,III,acc,sg","f,III,acc,sg","f,III,acc,sg","f,III,acc,sg","f,III,acc,sg","f,III,acc,sg","f,III,acc,sg"
"crux:accsg","f,III,acc,sg","f,III,acc,sg","f,III,acc,sg","f,III,acc,sg","f,III,acc,sg","f,III,acc,sg","f,III,acc,sg","f,III,acc,sg","f,III,acc,sg","f,III,acc,sg","f,III,acc,sg","f,III,acc,sg","n,III,acc,sg","f,III,acc,sg","f,III,acc,sg","f,III,acc,sg"
"crux:nompl","f,III,nom,pl","f,III,acc,pl","f,III,acc,pl","f,III,acc,sg","f,III,acc,sg","f,III,acc,pl","f,III,acc,sg","f,III,acc,pl","f,III,acc,pl","f,III,acc,sg","f,III,acc,sg","f,III,acc,sg","f,III,acc,sg","f,III,acc,sg","f,III,acc,sg","f,III,acc,sg"
"crux:genpl","f,III,gen,pl","m,III,acc,pl","n,II,acc,pl","f,I,acc,sg","n,II,acc,sg","f,III,acc,sg","f,III,acc,sg","n,II,acc,sg","n,II,acc,sg","n,II,acc,sg","f,III,acc,sg","n,II,acc,sg","n,III,acc,sg","n,II,acc,sg","n,II,acc,sg","n,II,acc,sg"
"crux:accpl","f,III,acc,pl","f,III,acc,pl","f,III,acc,pl","f,III,acc,sg","f,III,acc,sg","f,III,acc,pl","f,III,acc,sg","f,III,acc,pl","f,III,acc,pl","f,III,acc,sg","f,III,acc,sg","f,III,acc,sg","f,III,acc,sg","f,III,acc,sg","f,III,acc,sg","f,III,acc,sg"
"culpa:nomsg","f,I,nom,sg","f,I,acc,sg","f,I,acc,sg","f,I,acc,sg","f,I,acc,pl","f,I,acc,pl","f,I,acc,pl","f,I,acc,pl","f,I,acc,pl","f,I,acc,pl","f,I,acc,pl","f,I,acc,pl","f,I,acc,pl","f,I,acc,pl","f,I,acc,pl","f,I,acc,pl"
"culpa:gensg","f,I,gen,sg","f,I,acc,pl","f,I,acc,pl","f,I,acc,pl","f,I,acc,pl","f,I,acc,pl","f,I,acc,pl","f,I,acc,pl","f,I,acc,pl","f,I,acc,pl","f,I,acc,pl","f,I,acc,pl","f,I,acc,pl","f,I,acc,pl","f,I,acc,pl","f,I,acc,pl"
"culpa:accsg","f,I,acc,sg","f,I,acc,sg","f,I,acc,sg","f,I,acc,sg","f,I,acc,sg","f,I,acc,sg","f,I,acc,sg","f,I,acc,sg","f,I,acc,sg","f,I,acc,sg","f,I,acc,sg","f,I,acc,sg","f,I,acc,sg","f,I,acc,sg","f,I,acc,sg","f,I,acc,sg"
"culpa:nompl","f,I,nom,pl","f,I,acc,pl","f,I,acc,pl","f,I,acc,pl","f,I,acc,pl","f,I,acc,pl","f,I,acc,pl","f,I,acc,pl","f,I,acc,pl","f,I,acc,pl","f,I,acc,pl","f,I,acc,pl","f,I,acc,pl","f,I,acc,pl","f,I,acc,pl","f,I,acc,pl"
"culpa:genpl","f,I,gen,pl","f,III,gen,pl","f,I,acc,pl","f,I,acc,pl","f,I,acc,pl","f,I,acc,pl","f,I,acc,pl","f,I,acc,pl","f,I,acc,pl","f,I,acc,pl","f,I,acc,pl","f,I,acc,pl","f,I,acc,pl","f,I,acc,pl","f,I,acc,pl","f,I,acc,pl"
"culpa:accpl","f,I,acc,pl","f,I,acc,pl","f,I,acc,pl","f,I,acc,pl","f,I,acc,pl","f,I,acc,pl","f,I,acc,pl","f,I,acc,pl","f,I,acc,pl","f,I,acc,pl","f,I,acc,pl","f,I,acc,pl","f,I,acc,pl","f,I,acc,pl","f,I,acc,pl","f,I,acc,pl"
"cultus:nomsg","m,IV,nom,sg","f,III,nom,sg","f,III,acc,sg","f,III,acc,sg","n,II,acc,sg","n,II,acc,sg","n,II,acc,sg","n,II,acc,sg","n,II,acc,sg","n,II,acc,sg","n,II,acc,sg","n,II,acc,sg","n,II,acc,sg","n,II,acc,sg","n,II,acc,sg","n,II,acc,sg"
"cultus:gensg","m,IV,gen,sg","f,II,acc,pl","m,II,acc,sg","f,II,acc,pl","n,II,acc,pl","n,II,acc,pl","n,II,acc,pl","n,II,acc,pl","n,II,acc,pl","n,II,acc,pl","n,II,acc,pl","n,II,acc,pl","n,II,acc,pl","n,II,acc,pl","n,II,acc,pl","n,II,acc,pl"
"cultus:accsg","m,IV,acc,sg","f,II,acc,sg","n,II,acc,sg","n,II,acc,sg","n,II,acc,sg","n,II,acc,sg","n,II,acc,sg","n,II,acc,sg","n,II,acc,sg","n,II,acc,sg","n,II,acc,sg","n,II,acc,sg","n,II,acc,sg","n,II,acc,sg","n,II,acc,sg","n,II,acc,sg"
"cultus:nompl","m,IV,nom,pl","f,II,acc,pl","m,II,acc,sg","f,II,acc,pl","n,II,acc,pl","n,II,acc,pl","n,II,acc,pl","n,II,acc,pl","n,II,acc,pl","n,II,acc,pl","n,II,acc,pl","n,II,acc,pl","n,II,acc,pl","n,II,acc,pl","n,II,acc,pl","n,II,acc,pl"
"cultus:genpl","m,IV,gen,pl","f,II,gen,pl","f,II,acc,pl","n,II,acc,sg","n,II,acc,pl","n,II,acc,pl","n,II,acc,sg","n,II,acc,pl","n,II,acc,sg","n,II,acc,sg","n,II,acc,sg","n,II,acc,sg","n,II,acc,sg","n,II,acc,sg","n,II,acc,sg","n,II,acc,sg"
"cultus:accpl","m,IV,acc,pl","f,II,acc,pl","m,II,acc,sg","f,II,acc,pl","n,II,acc,pl","n,II,acc,pl","n,II,acc,pl","n,II,acc,pl","n,II,acc,pl","n,II,acc,pl","n,II,acc,pl","n,II,acc,pl","n,II,acc,pl","n,II,acc,pl","n,II,acc,pl","n,II,acc,pl"
"cuneus:nomsg","m,II,nom,sg","n,II,nom,sg","m,II,acc,sg","n,II,acc,sg","n,II,acc,sg","n,II,acc,sg","n,II,acc,sg","n,II,acc,sg","n,II,acc,sg","n,II,acc,sg","n,II,acc,sg","n,II,acc,sg","n,II,acc,sg","n,II,acc,sg","n,II,acc,sg","n,II,acc,sg"
"cuneus:gensg","m,II,gen,sg","m,II,acc,sg","n,II,acc,pl","n,II,acc,pl","n,II,acc,sg","n,II,acc,pl","n,II,acc,pl","n,II,acc,pl","n,II,acc,pl","n,II,acc,pl","n,II,acc,pl","n,II,acc,pl","n,II,acc,pl","n,II,acc,pl","n,II,acc,pl","n,II,acc,pl"
"cuneus:accsg","m,II,acc,sg","m,II,acc,sg","n,II,acc,sg","n,II,acc,sg","n,II,acc,sg","n,II,acc,sg","n,II,acc,sg","n,II,acc,sg","n,II,acc,sg","n,II,acc,pl","n,II,acc,sg","n,II,acc,sg","n,II,acc,sg","n,II,acc,sg","n,II,acc,sg","n,II,acc,sg"
"cuneus:nompl","m,II,nom,pl","m,II,acc,sg","n,II,acc,pl","n,II,acc,pl","n,II,acc,sg","n,II,acc,pl","n,II,acc,pl","n,II,acc,pl","n,II,acc,pl","n,II,acc,pl","n,II,acc,pl","n,II,acc,pl","n,II,acc,pl","n,II,acc,pl","n,II,acc,pl","n,II,acc,pl"
"cuneus:genpl","m,II,gen,pl","n,III,gen,pl","n,II,acc,pl","n,II,acc,pl","f,II,acc,sg","n,II,acc,pl","n,II,acc,pl","n,II,acc,pl","n,II,acc,pl","n,II,acc,pl","n,II,acc,pl","n,II,acc,pl","n,II,acc,pl","n,II,acc,pl","n,II,acc,pl","n,II,acc,pl"
"cuneus:accpl","m,II,acc,pl","m,II,acc,pl","m,II,acc,pl","f,II,acc,pl","n,II,acc,sg","n,II,acc,sg","n,II,acc,sg","n,II,acc,pl","n,II,acc,pl","n,II,acc,pl","n,II,acc,pl","n,II,acc,pl","n,II,acc,pl","n,II,acc,pl","n,II,acc,pl","n,II,acc,pl"
"cura:nomsg","f,I,nom,sg","f,II,nom,sg","f,I,acc,pl","f,I,acc,pl","f,I,acc,pl","f,I,acc,pl","f,I,acc,pl","f,I,acc,pl","f,I,acc,pl","f,I,acc,pl","f,I,acc,pl","f,I,acc,pl","f,I,acc,pl","f,I,acc,pl","f,I,acc,pl","f,I,acc,pl"
"cura:gensg","f,I,gen,sg","f,I,acc,pl","f,I,acc,pl","f,I,acc,pl","f,I,acc,pl","f,I,acc,pl","f,I,acc,pl","f,I,acc,pl","f,I,acc,pl","f,I,acc,pl","f,I,acc,pl","f,I,acc,pl","f,I,acc,pl","f,I,acc,pl","f,I,acc,pl","f,I,acc,pl"
"cura:accsg","f,I,acc,sg","f,I,acc,sg","f,I,acc,sg","f,I,acc,sg","f,I,acc,sg","f,I,acc,sg","f,I,acc,sg","f,I,acc,sg","f,I,acc,sg","f,I,acc,sg","f,I,acc,sg","f,I,acc,sg","f,I,acc,sg","f,I,acc,sg","f,I,acc,sg","f,I,acc,sg"
"cura:nompl","f,I,nom,pl","f,I,acc,pl","f,I,acc,pl","f,I,acc,pl","f,I,acc,pl","f,I,acc,pl","f,I,acc,pl","f,I,acc,pl","f,I,acc,pl","f,I,acc,pl","f,I,acc,pl","f,I,acc,pl","f,I,acc,pl","f,I,acc,pl","f,I,acc,pl","f,I,acc,pl"
"cura:genpl","f,I,gen,pl","f,I,gen,pl","f,I,acc,pl","f,I,acc,pl","f,I,acc,pl","f,I,acc,pl","f,I,acc,pl","f,I,acc,pl","f,I,acc,pl","f,I,acc,pl","f,I,acc,pl","f,I,acc,pl","f,I,acc,pl","f,I,acc,pl","f,I,acc,pl","f,I,acc,pl"
"cura:accpl","f,I,acc,pl","f,I,acc,pl","f,I,acc,pl","f,I,acc,pl","f,I,acc,pl","f,I,acc,pl","f,I,acc,pl","f,I,acc,pl","f,I,acc,pl","f,I,acc,pl","f,I,acc,pl","f,I,acc,pl","f,I,acc,pl","f,I,acc,pl","f,I,acc,pl","f,I,acc,pl"
"cursus:nomsg","m,IV,nom,sg","m,III,nom,sg","m,IV,acc,sg","f,II,nom,sg","f,II,acc,sg","n,II,acc,sg","n,II,acc,sg","n,II,acc,sg","n,II,acc,sg","n,II,acc,sg","n,II,acc,sg","n,II,acc,sg","n,II,acc,sg","n,II,acc,sg","n,II,acc,sg","n,II,acc,sg"
"cursus:gensg","m,IV,gen,sg","m,IV,acc,pl","m,IV,acc,sg","f,II,acc,pl","n,II,acc,pl","n,II,acc,pl","n,II,acc,pl","n,II,acc,pl","n,II,acc,pl","n,II,acc,pl","n,II,acc,pl","n,II,acc,pl","n,II,acc,pl","n,II,acc,pl","n,II,acc,pl","n,II,acc,pl"
"cursus:accsg","m,IV,acc,sg","m,IV,acc,sg","m,IV,acc,sg","n,II,acc,sg","n,II,acc,sg","n,II,acc,sg","n,II,acc,sg","n,II,acc,sg","n,II,acc,sg","n,II,acc,sg","n,II,acc,sg","n,II,acc,sg","n,II,acc,sg","n,II,acc,sg","n,II,acc,sg","n,II,acc,sg"
"cursus:nompl","m,IV,nom,pl","m,IV,acc,pl","m,IV,acc,sg","f,II,acc,pl","n,II,acc,pl","n,II,acc,pl","n,II,acc,pl","n,II,acc,pl","n,II,acc,pl","n,II,acc,pl","n,II,acc,pl","n,II,acc,pl","n,II,acc,pl","n,II,acc,pl","n,II,acc,pl","n,II,acc,pl"
"cursus:genpl","m,IV,gen,pl","m,III,gen,pl","m,II,acc,pl","f,II,acc,sg","n,II,acc,pl","n,II,acc,sg","n,II,acc,pl","n,II,acc,pl","n,II,acc,sg","n,II,acc,sg","n,II,acc,sg","n,II,acc,sg","n,II,acc,sg","n,II,acc,sg","n,II,acc,sg","n,II,acc,sg"
"cursus:accpl","m,IV,acc,pl","m,IV,acc,pl","m,IV,acc,sg","f,II,acc,pl","n,II,acc,pl","n,II,acc,pl","n,II,acc,pl","n,II,acc,pl","n,II,acc,pl","n,II,acc,pl","n,II,acc,pl","n,II,acc,pl","n,II,acc,pl","n,II,acc,pl","n,II,acc,pl","n,II,acc,pl"
"daemonia:nomsg","n,II,nom,sg","n,II,acc,sg","n,II,acc,sg","n,II,acc,sg","n,II,acc,sg","n,II,acc,sg","n,II,acc,sg","n,II,acc,sg","n,II,acc,sg","n,II,acc,sg","n,II,acc,sg","n,II,acc,sg","n,II,acc,sg","n,II,acc,sg","n,II,acc,sg","n,II,acc,sg"
"daemonia:gensg","n,II,gen,sg","n,II,acc,sg","n,II,acc,pl","n,II,acc,pl","n,II,acc,pl","n,II,acc,pl","n,II,acc,pl","n,II,acc,pl","n,II,acc,pl","n,II,acc,pl","n,II,acc,pl","n,II,acc,sg","n,II,acc,pl","n,II,acc,pl","n,II,acc,pl","n,II,acc,pl"
"daemonia:accsg","n,II,acc,sg","n,II,acc,sg","n,II,acc,sg","n,II,acc,sg","n,II,acc,sg","n,II,acc,sg","n,II,acc,sg","n,II,acc,sg","n,II,acc,sg","n,II,acc,sg","n,II,acc,sg","n,II,acc,sg","n,II,acc,sg","n,II,acc,sg","n,II,acc,sg","n,II,acc,sg"
"daemonia:nompl","n,II,nom,pl","n,II,acc,sg","f,II,nom,sg","f,II,acc,sg","f,I,acc,sg","f,I,acc,sg","f,I,acc,pl","f,I,acc,pl","f,I,acc,pl","f,I,acc,pl","f,I,acc,pl","f,I,acc,sg","f,I,acc,pl","f,I,acc,pl","f,I,acc,pl","f,I,acc,pl"
"daemonia:genpl","n,II,gen,pl","n,II,acc,pl","n,II,acc,pl","n,II,acc,pl","f,II,acc,pl","f,III,acc,pl","n,II,acc,pl","n,II,acc,pl","n,II,acc,pl","n,II,acc,pl","n,II,acc,pl","f,III,acc,pl","n,II,acc,pl","n,II,acc,pl","n,II,acc,pl","n,II,acc,pl"
"daemonia:accpl","n,II,acc,pl","n,II,acc,sg","f,II,nom,sg","f,II,acc,sg","f,I,acc,sg","f,I,acc,sg","f,I,acc,pl","f,I,acc,pl","f,I,acc,pl","f,I,acc,pl","f,I,acc,pl","f,I,acc,sg","f,I,acc,pl","f,I,acc,pl","f,I,acc,pl","f,I,acc,pl"
"debitor:nomsg","m,III,nom,sg","n,II,nom,sg","n,II,nom,sg","n,II,acc,sg","n,II,acc,sg","n,II,acc,sg","f,II,acc,sg","f,I,acc,sg","f,II,acc,sg","f,I,acc,sg","f,III,acc,sg","f,III,acc,sg","f,III,acc,sg","f,III,acc,sg","f,III,acc,sg","f,III,acc,sg"
"debitor:gensg","m,III,gen,sg","n,III,acc,sg","m,III,acc,pl","f,III,acc,pl","f,III,acc,sg","f,III,acc,pl","f,III,acc,pl","f,III,acc,sg","f,III,acc,pl","f,III,acc,pl","n,II,acc,pl","f,III,acc,pl","f,III,acc,pl","f,III,acc,pl","f,III,acc,pl","f,III,acc,pl"
"debitor:accsg","m,III,acc,sg","n,III,acc,sg","m,III,acc,sg","f,III,acc,sg","f,III,acc,sg","f,III,acc,sg","f,III,acc,sg","f,III,acc,sg","f,III,acc,sg","f,III,acc,sg","n,II,acc,pl","f,II,acc,pl","f,III,acc,pl","f,III,acc,pl","f,III,acc,pl","f,III,acc,sg"
"debitor:nompl","m,III,nom,pl","n,III,nom,pl","m,III,acc,pl","f,III,acc,pl","f,III,acc,sg","f,III,acc,pl","f,III,acc,pl","f,III,acc,sg","f,III,acc,pl","f,III,acc,pl","f,III,acc,pl","f,III,acc,pl","f,III,acc,pl","f,III,acc,pl","f,III,acc,pl","f,III,acc,pl"
"debitor:genpl","m,III,gen,pl","n,II,gen,pl","n,II,acc,pl","n,II,acc,pl","n,II,acc,pl","n,II,acc,pl","n,II,acc,pl","n,II,acc,pl","n,II,acc,pl","n,II,acc,pl","n,II,acc,pl","n,II,acc,pl","n,II,acc,pl","n,II,acc,pl","n,II,acc,pl","n,II,acc,pl"
"debitor:accpl","m,III,acc,pl","n,III,nom,pl","m,III,acc,pl","f,III,acc,pl","f,III,acc,sg","f,III,acc,pl","f,III,acc,pl","f,III,acc,sg","f,III,acc,pl","f,III,acc,pl","f,III,acc,pl","f,III,acc,pl","f,III,acc,pl","f,III,acc,pl","f,III,acc,pl","f,III,acc,pl"
"dens:nomsg","m,III,nom,sg","n,II,nom,sg","n,II,nom,sg","n,III,nom,sg","f,III,acc,sg","f,III,acc,sg","f,III,acc,sg","f,III,acc,sg","f,III,acc,sg","f,III,acc,sg","f,III,acc,sg","f,III,acc,sg","f,III,acc,sg","n,II,acc,sg","n,II,acc,sg","n,II,acc,sg"
"dens:gensg","m,III,gen,sg","f,III,nom,sg","n,III,nom,sg","f,III,acc,sg","f,III,nom,sg","f,III,acc,sg","f,III,acc,sg","f,III,acc,sg","f,III,acc,sg","f,III,acc,sg","f,III,acc,sg","f,III,acc,sg","f,III,acc,sg","f,III,acc,sg","f,III,acc,sg","f,III,acc,sg"
"dens:accsg","m,III,acc,sg","f,III,acc,sg","n,III,acc,sg","f,III,acc,sg","f,III,acc,sg","f,III,acc,sg","f,III,acc,sg","f,III,acc,sg","f,III,acc,sg","f,III,acc,sg","f,III,acc,sg","f,III,acc,sg","f,III,acc,sg","f,III,acc,sg","f,III,acc,sg","f,III,acc,sg"
"dens:nompl","m,III,nom,pl","f,III,acc,pl","f,III,acc,pl","f,III,acc,pl","f,III,acc,pl","f,III,acc,pl","f,III,acc,pl","f,III,acc,pl","f,III,acc,pl","f,III,acc,pl","f,III,acc,pl","f,III,acc,pl","f,III,acc,pl","f,III,acc,pl","f,III,acc,pl","f,III,acc,pl"
"dens:genpl","m,III,gen,pl","m,III,acc,pl","f,III,acc,pl","f,III,acc,sg","f,III,acc,sg","f,III,acc,sg","f,III,acc,sg","f,III,acc,sg","f,III,acc,sg","f,III,acc,sg","f,III,acc,sg","f,III,acc,sg","f,III,acc,sg","f,III,acc,sg","f,III,acc,sg","f,III,acc,sg"
"dens:accpl","m,III,acc,pl","f,III,acc,pl","f,III,acc,pl","f,III,acc,pl","f,III,acc,pl","f,III,acc,pl","f,III,acc,pl","f,III,acc,pl","f,III,acc,pl","f,III,acc,pl","f,III,acc,pl","f,III,acc,pl","f,III,acc,pl","f,III,acc,pl","f,III,acc,pl","f,III,acc,pl"
"deserta:nomsg","n,II,nom,sg","n,II,acc,sg","n,II,acc,sg","n,II,acc,sg","n,II,acc,sg","n,II,acc,sg","n,II,acc,sg","n,II,acc,sg","n,II,acc,sg","n,II,acc,sg","n,II,acc,sg","n,II,acc,sg","n,II,acc,sg","n,II,acc,sg","n,II,acc,sg","n,II,acc,sg"
"deserta:gensg","n,II,gen,sg","n,II,acc,sg","n,II,acc,sg","n,II,acc,sg","n,II,acc,sg","n,II,acc,sg","n,II,acc,sg","n,II,acc,sg","n,II,acc,sg","n,II,acc,sg","n,II,acc,sg","n,II,acc,sg","n,II,acc,sg","n,II,acc,sg","n,II,acc,sg","n,II,acc,sg"
"deserta:accsg","n,II,acc,sg","n,II,acc,sg","n,II,acc,sg","n,II,acc,sg","n,II,acc,sg","n,II,acc,sg","n,II,acc,sg","n,II,acc,sg","n,II,acc,sg","n,II,acc,sg","n,II,acc,sg","n,II,acc,sg","n,II,acc,sg","n,II,acc,sg","n,II,acc,sg","n,II,acc,sg"
"deserta:nompl","n,II,nom,pl","n,II,nom,pl","n,II,nom,pl","f,II,acc,pl","f,I,acc,pl","f,I,acc,pl","f,I,acc,pl","f,I,acc,pl","f,I,acc,pl","f,I,acc,pl","f,I,acc,pl","f,I,acc,pl","f,I,acc,pl","f,I,acc,pl","f,I,acc,pl","f,I,acc,pl"
"deserta:genpl","n,II,gen,pl","n,II,gen,pl","n,II,acc,pl","n,II,acc,pl","n,II,acc,pl","n,II,acc,pl","n,II,acc,pl","n,II,acc,pl","n,II,acc,pl","n,II,acc,pl","n,II,acc,pl","n,II,acc,pl","n,II,acc,pl","n,II,acc,pl","n,II,acc,pl","n,II,acc,pl"
"deserta:accpl","n,II,acc,pl","n,II,nom,pl","n,II,nom,pl","f,II,acc,pl","f,I,acc,pl","f,I,acc,pl","f,I,acc,pl","f,I,acc,pl","f,I,acc,pl","f,I,acc,pl","f,I,acc,pl","f,I,acc,pl","f,I,acc,pl","f,I,acc,pl","f,I,acc,pl","f,I,acc,pl"
"deus:nomsg","m,II,nom,sg","m,II,nom,sg","m,II,nom,sg","m,II,nom,sg","m,II,nom,sg","n,II,acc,sg","n,II,acc,sg","n,II,acc,sg","n,II,acc,sg","n,II,acc,sg","n,II,acc,sg","n,II,acc,sg","n,II,acc,sg","n,II,acc,sg","n,II,acc,sg","n,II,acc,sg"
"deus:gensg","m,II,gen,sg","n,II,acc,pl","n,II,acc,pl","n,II,acc,pl","n,II,acc,pl","n,II,acc,pl","n,II,acc,pl","n,II,acc,pl","n,II,acc,pl","n,II,acc,pl","n,II,acc,pl","n,II,acc,pl","n,II,acc,pl","n,II,acc,pl","n,II,acc,pl","n,II,acc,pl"
"deus:accsg","m,II,acc,sg","m,II,nom,sg","m,II,nom,sg","m,II,nom,sg","m,II,nom,sg","n,II,acc,sg","n,II,acc,sg","n,II,acc,sg","n,II,acc,sg","n,II,acc,sg","n,II,acc,sg","n,II,acc,sg","n,II,acc,sg","n,II,acc,sg","n,II,acc,sg","n,II,acc,sg"
"deus:nompl","m,II,nom,pl","m,II,nom,sg","m,II,nom,sg","n,II,nom,sg","n,II,acc,pl","n,II,acc,pl","n,II,acc,pl","n,II,acc,pl","n,II,acc,sg","n,II,acc,sg","n,II,acc,pl","n,II,acc,pl","n,II,acc,pl","n,II,acc,pl","n,II,acc,pl","n,II,acc,sg"
"deus:genpl","m,II,gen,pl","n,III,acc,pl","n,II,acc,pl","f,II,acc,pl","n,II,acc,pl","n,II,acc,pl","n,II,acc,pl","n,II,acc,pl","n,II,acc,pl","n,II,acc,pl","n,II,acc,pl","n,II,acc,pl","n,II,acc,pl","n,II,acc,pl","n,II,acc,pl","n,II,acc,pl"
"deus:accpl","m,II,acc,pl","m,II,acc,pl","m,II,acc,pl","n,II,nom,pl","n,II,nom,sg","n,II,acc,sg","n,II,acc,pl","n,II,acc,sg","n,II,acc,pl","n,II,acc,pl","n,II,acc,pl","n,II,acc,pl","n,II,acc,pl","n,II,acc,pl","n,II,acc,pl","n,II,acc,pl"
"diabolus:nomsg","m,II,nom,sg","m,II,nom,sg","n,II,nom,sg","n,II,acc,sg","n,II,nom,sg","n,II,acc,sg","n,II,acc,sg","n,II,acc,sg","n,II,acc,sg","n,II,acc,sg","n,II,acc,sg","n,II,acc,sg","n,II,acc,sg","n,II,acc,sg","n,II,acc,sg","n,II,acc,sg"
"diabolus:gensg","m,II,gen,sg","n,II,acc,sg","n,II,acc,pl","n,II,acc,pl","n,II,acc,pl","n,II,acc,pl","n,II,acc,pl","n,II,acc,pl","n,II,acc,pl","n,II,acc,pl","n,II,acc,pl","n,II,acc,pl","n,II,acc,pl","n,II,acc,pl","n,II,acc,pl","n,II,acc,pl"
"diabolus:accsg","m,II,acc,sg","n,II,acc,sg","n,II,acc,sg","n,II,acc,sg","n,II,acc,sg","n,II,acc,sg","n,II,acc,sg","n,II,acc,sg","n,II,acc,sg","n,II,acc,sg","n,II,acc,sg","n,II,acc,sg","n,II,acc,sg","n,II,acc,sg","n,II,acc,sg","n,II,acc,sg"
"diabolus:nompl","m,II,nom,pl","n,II,acc,sg","n,II,acc,pl","n,II,acc,pl","n,II,acc,pl","n,II,acc,pl","n,II,acc,pl","n,II,acc,pl","n,II,acc,pl","n,II,acc,pl","n,II,acc,pl","n,II,acc,pl","n,II,acc,pl","n,II,acc,pl","n,II,acc,pl","n,II,acc,pl"
"diabolus:genpl","m,II,gen,pl","n,II,gen,pl","n,II,acc,pl","n,II,acc,pl","n,II,acc,pl","n,II,acc,pl","n,II,acc,pl","n,II,acc,pl","f,II,acc,pl","n,II,acc,pl","n,II,acc,pl","n,II,acc,pl","n,II,acc,pl","n,II,acc,pl","n,II,acc,pl","n,II,acc,pl"
"diabolus:accpl","m,II,acc,pl","m,II,acc,pl","f,II,acc,pl","n,II,acc,pl","n,II,acc,pl","f,II,acc,pl","n,II,acc,pl","n,II,acc,pl","f,II,acc,pl","n,II,acc,pl","n,II,acc,pl","f,I,acc,pl","n,II,acc,pl","n,II,acc,pl","n,II,acc,pl","n,II,acc,pl"
"dies:nomsg","m,V,nom,sg","f,III,acc,pl","f,III,acc,pl","f,III,acc,pl","f,III,acc,pl","f,III,acc,pl","f,III,acc,pl","f,III,acc,pl","f,III,acc,pl","f,III,acc,pl","f,III,acc,pl","f,III,acc,pl","f,III,acc,pl","f,III,acc,pl","f,III,acc,pl","f,III,acc,pl"
"dies:gensg","m,V,gen,sg","m,III,acc,pl","n,III,acc,pl","f,III,acc,pl","f,III,acc,pl","f,III,acc,pl","f,III,acc,pl","f,III,acc,pl","f,III,acc,pl","f,III,acc,sg","f,III,acc,pl","f,III,acc,pl","f,III,acc,pl","f,III,acc,pl","f,III,acc,pl","f,III,acc,pl"
"dies:accsg","m,V,acc,sg","f,III,acc,sg","f,III,acc,sg","f,III,acc,sg","f,III,acc,sg","f,III,acc,sg","f,III,acc,sg","f,III,acc,sg","f,III,acc,sg","f,III,acc,sg","f,III,acc,sg","f,III,acc,sg","f,III,acc,sg","f,III,acc,sg","f,III,acc,sg","f,III,acc,sg"
"dies:nompl","m,V,nom,pl","f,III,acc,pl","f,III,acc,pl","f,III,acc,pl","f,III,acc,pl","f,III,acc,pl","f,III,acc,pl","f,III,acc,pl","f,III,acc,pl","f,III,acc,pl","f,III,acc,pl","f,III,acc,pl","f,III,acc,pl","f,III,acc,pl","f,III,acc,pl","f,III,acc,pl"
"dies:genpl","m,V,gen,pl","f,III,gen,pl","f,III,gen,pl","f,III,acc,pl","f,III,acc,pl","f,III,acc,pl","f,III,acc,pl","f,III,acc,pl","f,III,acc,pl","f,III,acc,pl","f,III,acc,sg","f,III,acc,pl","n,II,acc,pl","f,III,acc,pl","f,III,acc,pl","f,III,acc,pl"
"dies:accpl","m,V,acc,pl","f,III,acc,pl","f,III,acc,pl","f,III,acc,pl","f,III,acc,pl","f,III,acc,pl","f,III,acc,pl","f,III,acc,pl","f,III,acc,pl","f,III,acc,pl","f,III,acc,pl","f,III,acc,pl","f,III,acc,pl","f,III,acc,pl","f,III,acc,pl","f,III,acc,pl"
"digitus:nomsg","m,II,nom,sg","n,II,nom,sg","n,II,nom,sg","n,II,nom,sg","n,II,nom,sg","n,II,acc,sg","n,II,acc,sg","n,II,acc,sg","n,II,acc,sg","n,II,acc,sg","n,II,acc,sg","n,II,acc,sg","n,II,acc,sg","n,II,acc,sg","n,II,acc,sg","n,II,acc,sg"
"digitus:gensg","m,II,gen,sg","n,II,acc,pl","n,II,acc,pl","n,II,acc,pl","n,II,acc,pl","n,II,acc,pl","n,II,acc,pl","n,II,acc,pl","n,II,acc,pl","n,II,acc,pl","n,II,acc,pl","n,II,acc,pl","n,II,acc,pl","n,II,acc,pl","n,II,acc,pl","n,II,acc,pl"
"digitus:accsg","m,II,acc,sg","n,II,acc,sg","n,II,acc,sg","n,II,acc,sg","n,II,acc,sg","n,II,acc,sg","n,II,acc,sg","n,II,acc,sg","n,II,acc,sg","n,II,acc,sg","n,II,acc,sg","n,II,acc,sg","n,II,acc,sg","n,II,acc,sg","n,II,acc,sg","n,II,acc,sg"
"digitus:nompl","m,II,nom,pl","n,II,acc,pl","n,II,acc,pl","n,II,acc,pl","n,II,acc,pl","n,II,acc,pl","n,II,acc,pl","n,II,acc,pl","n,II,acc,pl","n,II,acc,pl","n,II,acc,pl","n,II,acc,pl","n,II,acc,pl","n,II,acc,pl","n,II,acc,pl","n,II,acc,pl"
"digitus:genpl","m,II,gen,pl","n,II,gen,pl","n,II,acc,pl","n,II,acc,pl","n,II,acc,pl","n,II,acc,pl","n,II,acc,pl","n,II,acc,pl","n,II,acc,pl","n,II,acc,pl","n,II,acc,pl","n,II,acc,pl","n,II,acc,pl","n,II,acc,pl","n,II,acc,pl","n,II,acc,pl"
"digitus:accpl","m,II,acc,pl","m,II,acc,pl","n,II,acc,pl","n,II,acc,pl","n,II,acc,pl","n,II,acc,pl","n,II,acc,pl","n,II,acc,pl","n,II,acc,pl","n,II,acc,pl","n,II,acc,pl","n,II,acc,pl","n,II,acc,pl","n,II,acc,pl","n,II,acc,pl","n,II,acc,pl"
"discipulus:nomsg","m,II,nom,sg","m,II,nom,sg","n,II,nom,pl","n,II,acc,sg","n,II,acc,sg","n,II,acc,sg","n,II,acc,sg","n,II,acc,sg","n,II,acc,sg","n,II,acc,sg","n,II,acc,sg","n,II,acc,sg","n,II,acc,sg","n,II,acc,sg","n,II,acc,sg","n,II,acc,sg"
"discipulus:gensg","m,II,gen,sg","m,II,acc,pl","n,II,acc,pl","n,II,acc,pl","n,II,acc,pl","n,II,acc,pl","n,II,acc,pl","n,II,acc,pl","n,II,acc,sg","n,II,acc,sg","n,II,acc,pl","n,II,acc,pl","n,II,acc,pl","n,II,acc,pl","n,II,acc,pl","n,II,acc,pl"
"discipulus:accsg","m,II,acc,sg","n,II,acc,sg","n,II,acc,sg","n,II,acc,sg","n,II,acc,sg","n,II,acc,sg","n,II,acc,sg","n,II,acc,sg","n,II,acc,sg","n,II,acc,sg","n,II,acc,sg","n,II,acc,sg","n,II,acc,sg","n,II,acc,sg","n,II,acc,sg","n,II,acc,sg"
"discipulus:nompl","m,II,nom,pl","m,II,acc,pl","n,II,acc,pl","n,II,acc,pl","n,II,acc,pl","n,II,acc,pl","n,II,acc,pl","n,II,acc,pl","n,II,acc,sg","n,II,acc,sg","n,II,acc,pl","n,II,acc,pl","n,II,acc,pl","n,II,acc,pl","n,II,acc,pl","n,II,acc,pl"
"discipulus:genpl","m,II,gen,pl","n,II,acc,pl","n,II,acc,pl","n,II,acc,pl","n,II,acc,sg","n,II,acc,pl","n,II,acc,pl","n,II,acc,pl","n,II,acc,sg","n,II,acc,pl","n,II,acc,pl","n,II,acc,pl","n,II,acc,pl","f,I,acc,pl","n,II,acc,pl","n,II,acc,sg"
"discipulus:accpl","m,II,acc,pl","m,II,acc,pl","m,II,acc,sg","n,II,acc,pl","n,II,acc,pl","n,II,acc,pl","n,II,acc,pl","n,II,acc,pl","n,II,acc,sg","n,II,acc,sg","n,II,acc,pl","n,II,acc,pl","n,II,acc,pl","f,I,acc,pl","n,II,acc,pl","n,II,acc,pl"
"dolor:nomsg","m,III,nom,sg","n,III,nom,sg","n,III,acc,sg","n,II,nom,sg","n,II,nom,sg","n,II,acc,sg","f,II,acc,sg","f,III,acc,sg","f,III,acc,sg","f,III,acc,sg","f,III,acc,sg","f,I,acc,sg","f,III,acc,sg","f,III,acc,sg","f,III,acc,sg","f,III,acc,sg"
"dolor:gensg","m,III,gen,sg","m,III,acc,sg","m,III,acc,pl","f,III,acc,pl","f,III,acc,sg","f,III,acc,sg","f,III,acc,sg","f,III,acc,pl","f,III,acc,pl","f,III,acc,pl","f,III,acc,pl","f,III,acc,pl","f,III,acc,pl","f,III,acc,pl","f,III,acc,pl","f,III,acc,pl"
"dolor:accsg","m,III,acc,sg","f,III,acc,sg","f,III,acc,sg","f,III,acc,sg","f,III,acc,sg","f,III,acc,sg","f,III,acc,sg","f,III,acc,sg","f,III,acc,sg","f,III,acc,sg","f,III,acc,sg","f,III,acc,sg","f,III,acc,sg","f,III,acc,sg","f,III,acc,sg","f,III,acc,sg"
"dolor:nompl","m,III,nom,pl","n,III,acc,pl","f,III,acc,pl","f,III,acc,pl","f,III,acc,pl","f,III,acc,pl","f,III,acc,pl","f,III,acc,pl","f,III,acc,pl","f,III,acc,pl","f,III,acc,pl","f,III,acc,pl","f,III,acc,pl","f,III,acc,pl","f,III,acc,pl","f,III,acc,pl"
"dolor:genpl","m,III,gen,pl","n,II,gen,pl","n,II,acc,pl","n,II,acc,pl","n,II,acc,pl","n,II,acc,pl","n,II,acc,pl","n,II,acc,pl","n,II,acc,pl","n,II,acc,pl","n,II,acc,pl","n,II,acc,pl","n,II,acc,pl","n,II,acc,pl","n,II,acc,pl","n,II,acc,pl"
"dolor:accpl","m,III,acc,pl","n,III,acc,pl","f,III,acc,pl","f,III,acc,pl","f,III,acc,pl","f,III,acc,pl","f,III,acc,pl","f,III,acc,pl","f,III,acc,pl","f,III,acc,pl","f,III,acc,pl","f,III,acc,pl","f,III,acc,pl","f,III,acc,pl","f,III,acc,pl","f,III,acc,pl"
"domina:nomsg","f,I,nom,sg","f,II,nom,sg","f,I,acc,sg","f,I,acc,sg","f,I,acc,sg","f,I,acc,pl","f,I,acc,sg","f,I,acc,pl","f,I,acc,pl","f,I,acc,pl","f,I,acc,pl","f,I,acc,pl","f,I,acc,pl","f,I,acc,pl","f,I,acc,pl","f,I,acc,pl"
"domina:gensg","f,I,gen,sg","f,I,acc,pl","f,I,acc,pl","f,I,acc,pl","f,I,acc,pl","f,I,acc,pl","f,I,acc,pl","f,I,acc,pl","f,I,acc,pl","f,I,acc,pl","f,I,acc,pl","f,I,acc,pl","f,I,acc,pl","f,I,acc,pl","f,I,acc,pl","f,I,acc,pl"
"domina:accsg","f,I,acc,sg","f,I,acc,sg","f,I,acc,sg","f,I,acc,sg","f,I,acc,sg","f,I,acc,sg","f,I,acc,sg","f,I,acc,sg","f,I,acc,sg","f,I,acc,sg","f,I,acc,sg","f,I,acc,sg","f,I,acc,sg","f,I,acc,sg","f,I,acc,sg","f,I,acc,sg"
"domina:nompl","f,I,nom,pl","f,I,acc,pl","f,I,acc,pl","f,I,acc,pl","f,I,acc,pl","f,I,acc,pl","f,I,acc,pl","f,I,acc,pl","f,I,acc,pl","f,I,acc,pl","f,I,acc,pl","f,I,acc,pl","f,I,acc,pl","f,I,acc,pl","f,I,acc,pl","f,I,acc,pl"
"domina:genpl","f,I,gen,pl","f,I,gen,pl","f,I,acc,pl","f,II,acc,pl","f,I,acc,sg","f,I,acc,pl","f,I,acc,pl","f,I,acc,pl","f,I,acc,pl","f,I,acc,pl","f,I,acc,pl","f,I,acc,pl","f,I,acc,pl","f,I,acc,pl","f,I,acc,pl","f,I,acc,pl"
"domina:accpl","f,I,acc,pl","f,I,acc,pl","f,I,acc,pl","f,I,acc,pl","f,I,acc,pl","f,I,acc,pl","f,I,acc,pl","f,I,acc,pl","f,I,acc,pl","f,I,acc,pl","f,I,acc,pl","f,I,acc,pl","f,I,acc,pl","f,I,acc,pl","f,I,acc,pl","f,I,acc,pl"
"dominus:nomsg","m,II,nom,sg","m,II,nom,sg","n,II,acc,sg","n,II,acc,sg","n,II,acc,sg","n,II,acc,sg","n,II,acc,sg","n,II,acc,sg","n,II,acc,sg","n,II,acc,sg","n,II,acc,sg","n,II,acc,sg","n,II,acc,sg","n,II,acc,sg","n,II,acc,sg","n,II,acc,sg"
"dominus:gensg","m,II,gen,sg","n,II,acc,sg","n,II,acc,pl","n,II,acc,pl","n,II,acc,pl","n,II,acc,pl","n,II,acc,pl","n,II,acc,pl","n,II,acc,pl","n,II,acc,pl","n,II,acc,pl","n,II,acc,pl","n,II,acc,pl","n,II,acc,pl","n,II,acc,pl","n,II,acc,pl"
"dominus:accsg","m,II,acc,sg","n,II,acc,sg","n,II,acc,sg","n,II,acc,sg","n,II,acc,sg","n,II,acc,sg","n,II,acc,sg","n,II,acc,sg","n,II,acc,sg","n,II,acc,sg","n,II,acc,sg","n,II,acc,sg","n,II,acc,sg","n,II,acc,sg","n,II,acc,sg","n,II,acc,sg"
"dominus:nompl","m,II,nom,pl","n,II,acc,sg","n,II,acc,pl","n,II,acc,pl","n,II,acc,pl","n,II,acc,pl","n,II,acc,pl","n,II,acc,pl","n,II,acc,pl","n,II,acc,pl","n,II,acc,pl","n,II,acc,pl","n,II,acc,pl","n,II,acc,pl","n,II,acc,pl","n,II,acc,pl"
"dominus:genpl","m,II,gen,pl","n,II,acc,pl","n,II,acc,pl","f,II,acc,pl","n,II,acc,pl","n,II,acc,pl","n,II,acc,pl","n,II,acc,pl","n,II,acc,pl","n,II,acc,pl","n,II,acc,pl","n,II,acc,pl","n,II,acc,pl","n,II,acc,pl","n,II,acc,pl","n,II,acc,pl"
"dominus:accpl","m,II,acc,pl","m,II,acc,pl","n,II,acc,pl","n,II,acc,pl","n,II,acc,pl","n,II,acc,pl","n,II,acc,pl","n,II,acc,pl","n,II,acc,pl","n,II,acc,pl","n,II,acc,pl","n,II,acc,pl","n,II,acc,pl","n,II,acc,pl","n,II,acc,pl","n,II,acc,pl"
"domus:nomsg","f,IV,nom,sg","m,II,nom,sg","n,II,nom,sg","n,II,acc,sg","n,II,nom,sg","n,II,acc,sg","n,II,acc,sg","n,II,acc,sg","n,II,acc,sg","n,II,acc,sg","n,II,acc,sg","n,II,acc,sg","n,II,acc,sg","n,II,acc,sg","n,II,acc,sg","n,II,acc,sg"
"domus:gensg","f,IV,gen,sg","f,II,nom,pl","m,II,acc,pl","n,II,acc,pl","n,II,nom,pl","n,II,acc,pl","n,II,acc,pl","n,II,acc,pl","n,II,acc,pl","n,II,acc,pl","n,II,acc,pl","n,II,acc,pl","n,II,acc,pl","n,II,acc,pl","n,II,acc,pl","n,II,acc,pl"
"domus:accsg","f,IV,acc,sg","n,II,acc,sg","n,II,acc,sg","n,II,acc,sg","n,II,acc,sg","n,II,acc,sg","n,II,acc,sg","n,II,acc,sg","n,II,acc,sg","n,II,acc,sg","n,II,acc,sg","n,II,acc,sg","n,II,acc,sg","n,II,acc,sg","n,II,acc,sg","n,II,acc,sg"
"domus:nompl","f,IV,nom,pl","f,II,nom,pl","m,II,acc,pl","n,II,acc,pl","n,II,nom,pl","n,II,acc,pl","n,II,acc,pl","n,II,acc,pl","n,II,acc,pl","n,II,acc,pl","n,II,acc,pl","n,II,acc,pl","n,II,acc,pl","n,II,acc,pl","n,II,acc,pl","n,II,acc,pl"
"domus:genpl","f,IV,gen,pl","m,II,gen,pl","n,II,acc,pl","n,II,acc,sg","n,II,acc,sg","n,II,acc,sg","n,II,acc,pl","n,II,acc,pl","n,II,acc,sg","n,II,acc,sg","n,II,acc,sg","n,II,acc,sg","n,II,acc,sg","n,II,acc,sg","n,II,acc,sg","n,II,acc,sg"
"domus:accpl","f,IV,acc,pl","f,II,nom,pl","m,II,acc,pl","n,II,acc,pl","n,II,nom,pl","n,II,acc,pl","n,II,acc,pl","n,II,acc,pl","n,II,acc,pl","n,II,acc,pl","n,II,acc,pl","n,II,acc,pl","n,II,acc,pl","n,II,acc,pl","n,II,acc,pl","n,II,acc,pl"
"draco:nomsg","m,III,nom,sg","n,III,acc,sg","m,II,acc,pl","n,III,acc,pl","n,II,acc,pl","n,II,acc,pl","n,II,acc,pl","n,II,acc,pl","n,II,acc,pl","n,II,acc,pl","n,II,acc,pl","n,II,acc,pl","n,II,acc,pl","n,II,acc,pl","n,II,acc,pl","n,II,acc,pl"
"draco:gensg","m,III,gen,sg","f,III,acc,sg","f,III,acc,pl","f,III,acc,pl","f,III,acc,pl","f,III,acc,pl","f,III,acc,pl","f,III,acc,pl","f,III,acc,sg","f,III,acc,pl","f,III,acc,pl","f,III,acc,pl","f,III,acc,pl","f,III,acc,pl","f,III,acc,pl","f,III,acc,pl"
"draco:accsg","m,III,acc,sg","f,III,acc,sg","f,III,acc,sg","f,III,acc,sg","f,III,acc,sg","f,III,acc,sg","f,III,acc,sg","f,III,acc,sg","f,III,acc,sg","f,III,acc,sg","f,III,acc,sg","f,III,acc,sg","f,III,acc,sg","f,III,acc,sg","f,III,acc,sg","f,III,acc,sg"
"draco:nompl","m,III,nom,pl","m,III,acc,pl","f,III,acc,pl","f,III,acc,pl","f,III,acc,pl","f,III,acc,pl","f,III,acc,pl","f,III,acc,pl","f,III,acc,pl","f,III,acc,pl","f,III,acc,pl","f,III,acc,pl","f,III,acc,pl","f,III,acc,pl","f,III,acc,pl","f,III,acc,pl"
"draco:genpl","m,III,gen,pl","f,III,gen,pl","f,III,acc,sg","f,III,acc,pl","f,III,acc,pl","f,III,acc,pl","n,II,acc,pl","n,II,acc,pl","f,II,acc,pl","n,II,acc,pl","n,II,acc,pl","f,III,acc,pl","f,III,acc,pl","n,II,acc,pl","n,II,acc,pl","n,II,acc,pl"
"draco:accpl","m,III,acc,pl","m,III,acc,pl","f,III,acc,pl","f,III,acc,pl","f,III,acc,pl","f,III,acc,pl","f,III,acc,pl","f,III,acc,pl","f,III,acc,pl","f,III,acc,pl","f,III,acc,pl","f,III,acc,pl","f,III,acc,pl","f,III,acc,pl","f,III,acc,pl","f,III,acc,pl"
"dux:nomsg","m,III,nom,sg","n,III,nom,sg","n,III,nom,sg","n,III,nom,sg","n,III,nom,sg","n,II,acc,sg","n,II,acc,sg","n,II,acc,sg","n,II,acc,sg","n,II,acc,sg","n,II,acc,sg","n,II,acc,sg","n,II,acc,sg","n,II,acc,sg","n,II,acc,sg","n,II,acc,sg"
"dux:gensg","m,III,gen,sg","m,III,acc,sg","m,III,acc,sg","f,III,acc,sg","f,III,acc,sg","f,III,acc,sg","f,III,acc,sg","f,III,acc,sg","f,III,acc,sg","f,III,acc,sg","f,III,acc,sg","f,III,acc,sg","f,III,acc,sg","f,III,acc,sg","f,III,acc,sg","f,III,acc,sg"
"dux:accsg","m,III,acc,sg","m,III,acc,sg","f,III,acc,sg","f,III,acc,sg","f,III,acc,sg","f,III,acc,sg","f,III,acc,sg","f,III,acc,sg","f,III,acc,sg","f,III,acc,sg","f,III,acc,sg","f,III,acc,sg","f,III,acc,sg","f,III,acc,sg","f,III,acc,sg","f,III,acc,sg"
"dux:nompl","m,III,nom,pl","n,III,acc,pl","f,III,acc,pl","f,III,acc,sg","f,III,acc,sg","f,III,acc,sg","f,III,acc,sg","f,III,acc,pl","f,III,acc,pl","f,III,acc,sg","f,III,acc,sg","f,III,acc,sg","f,III,acc,sg","f,III,acc,sg","f,III,acc,sg","f,III,acc,sg"
"dux:genpl","m,III,gen,pl","f,III,acc,pl","f,II,acc,sg","n,II,acc,sg","n,II,acc,sg","n,II,acc,sg","n,II,acc,sg","n,II,acc,sg","n,II,acc,sg","n,II,acc,sg","n,II,acc,sg","n,II,acc,sg","f,III,acc,sg","n,II,acc,sg","n,II,acc,sg","n,II,acc,sg"
"dux:accpl","m,III,acc,pl","n,III,acc,pl","f,III,acc,pl","f,III,acc,sg","f,III,acc,sg","f,III,acc,sg","f,III,acc,sg","f,III,acc,pl","f,III,acc,pl","f,III,acc,sg","f,III,acc,sg","f,III,acc,sg","f,III,acc,sg","f,III,acc,sg","f,III,acc,sg","f,III,acc,sg"
"ecclesia:nomsg","f,I,nom,sg","f,I,acc,pl","f,I,nom,pl","f,I,acc,pl","f,I,acc,pl","f,I,acc,pl","f,I,acc,pl","f,I,acc,pl","f,I,acc,pl","f,I,acc,pl","f,I,acc,pl","f,I,acc,pl","f,I,acc,pl","f,I,acc,pl","f,I,acc,pl","f,I,acc,pl"
"ecclesia:gensg","f,I,gen,sg","f,I,acc,pl","f,I,acc,pl","f,I,acc,pl","f,I,acc,pl","f,I,acc,pl","f,I,acc,pl","f,I,acc,pl","f,I,acc,pl","f,I,acc,pl","f,I,acc,pl","f,I,acc,pl","f,I,acc,pl","f,I,acc,pl","f,I,acc,pl","f,I,acc,pl"
"ecclesia:accsg","f,I,acc,sg","f,I,acc,sg","f,I,nom,sg","f,I,acc,sg","f,I,acc,sg","f,I,acc,sg","f,I,acc,sg","f,I,acc,sg","f,I,acc,sg","f,I,acc,sg","f,I,acc,sg","f,I,acc,sg","f,I,acc,sg","f,I,acc,sg","f,I,acc,sg","f,I,acc,sg"
"ecclesia:nompl","f,I,nom,pl","f,I,acc,pl","f,I,acc,pl","f,I,acc,pl","f,I,acc,pl","f,I,acc,pl","f,I,acc,pl","f,I,acc,pl","f,I,acc,pl","f,I,acc,pl","f,I,acc,pl","f,I,acc,pl","f,I,acc,pl","f,I,acc,pl","f,I,acc,pl","f,I,acc,pl"
"ecclesia:genpl","f,I,gen,pl","f,I,acc,pl","f,I,acc,pl","f,I,acc,pl","f,I,acc,pl","f,I,acc,pl","f,I,acc,pl","f,I,acc,pl","f,I,acc,pl","f,I,acc,pl","f,I,acc,pl","f,I,acc,pl","f,I,acc,pl","f,I,acc,pl","f,I,acc,pl","f,I,acc,pl"
"ecclesia:accpl","f,I,acc,pl","f,I,acc,pl","f,I,acc,sg","f,I,acc,pl","f,I,acc,pl","f,I,acc,pl","f,I,acc,pl","f,I,acc,pl","f,I,acc,pl","f,I,acc,pl","f,I,acc,pl","f,I,acc,pl","f,I,acc,pl","f,I,acc,pl","f,I,acc,pl","f,I,acc,pl"
"epistola:nomsg","f,I,nom,sg","n,II,acc,pl","n,II,nom,sg","f,I,acc,sg","f,I,acc,sg","f,I,acc,sg","f,I,acc,pl","f,I,acc,pl","f,I,acc,pl","f,I,acc,pl","f,I,acc,pl","f,I,acc,pl","f,I,acc,pl","f,I,acc,pl","f,I,acc,pl","f,I,acc,pl"
"epistola:gensg","f,I,gen,sg","f,I,acc,pl","n,II,acc,pl","f,I,acc,pl","f,I,acc,pl","f,I,acc,pl","f,I,acc,pl","f,I,acc,pl","f,I,acc,pl","f,I,acc,pl","f,I,acc,pl","f,I,acc,pl","f,I,acc,pl","f,I,acc,pl","f,I,acc,pl","f,I,acc,pl"
"epistola:accsg","f,I,acc,sg","f,I,acc,sg","n,II,acc,sg","f,I,acc,sg","f,I,acc,sg","f,I,acc,sg","f,I,acc,sg","f,I,acc,sg","f,I,acc,sg","f,I,acc,sg","f,I,acc,sg","f,I,acc,sg","f,I,acc,sg","f,I,acc,sg","f,I,acc,sg","f,I,acc,sg"
"epistola:nompl","f,I,nom,pl","f,I,acc,pl","n,II,acc,pl","f,I,acc,pl","f,I,acc,pl","f,I,acc,pl","f,I,acc,pl","f,I,acc,pl","f,I,acc,pl","f,I,acc,pl","f,I,acc,pl","f,I,acc,pl","f,I,acc,pl","f,I,acc,pl","f,I,acc,pl","f,I,acc,pl"
"epistola:genpl","f,I,gen,pl","f,II,gen,pl","f,II,acc,pl","f,I,acc,pl","f,I,acc,pl","f,I,acc,pl","f,I,acc,pl","f,I,acc,pl","f,I,acc,pl","f,I,acc,pl","f,I,acc,pl","f,I,acc,pl","f,I,acc,pl","f,I,acc,pl","f,I,acc,pl","f,I,acc,pl"
"epistola:accpl","f,I,acc,pl","f,I,acc,pl","f,II,acc,pl","f,I,acc,pl","f,I,acc,pl","f,I,acc,sg","f,I,acc,pl","f,I,acc,pl","f,I,acc,pl","f,I,acc,pl","f,I,acc,pl","f,I,acc,pl","f,I,acc,pl","f,I,acc,pl","f,I,acc,pl","f,I,acc,pl"
"equa:nomsg","f,I,nom,sg","n,II,nom,pl","f,II,nom,pl","f,I,acc,pl","f,I,acc,pl","f,I,acc,sg","f,I,acc,sg","f,I,acc,sg","f,I,acc,pl","f,I,acc,pl","f,I,acc,pl","f,I,acc,pl","f,I,acc,pl","f,I,acc,pl","f,I,acc,pl","f,I,acc,pl"
"equa:gensg","f,I,gen,sg","f,I,acc,pl","f,I,acc,pl","f,I,acc,pl","f,I,acc,pl","f,I,acc,pl","f,I,acc,pl","f,I,acc,pl","f,I,acc,pl","f,I,acc,pl","f,I,acc,pl","f,I,acc,pl","f,I,acc,pl","f,I,acc,pl","f,I,acc,pl","f,I,acc,pl"
"equa:accsg","f,I,acc,sg","f,I,acc,sg","f,I,acc,sg","f,I,acc,sg","f,I,acc,sg","f,I,acc,sg","f,I,acc,sg","f,I,acc,sg","f,I,acc,sg","f,I,acc,sg","f,I,acc,sg","f,I,acc,sg","f,I,acc,sg","f,I,acc,sg","f,I,acc,sg","f,I,acc,sg"
"equa:nompl","f,I,nom,pl","f,I,acc,pl","f,I,acc,pl","f,I,acc,pl","f,I,acc,pl","f,I,acc,pl","f,I,acc,pl","f,I,acc,pl","f,I,acc,pl","f,I,acc,pl","f,I,acc,pl","f,I,acc,pl","f,I,acc,pl","f,I,acc,pl","f,I,acc,pl","f,I,acc,pl"
"equa:genpl","f,I,gen,pl","f,I,gen,pl","f,I,acc,pl","f,I,acc,pl","f,I,acc,pl","f,I,acc,pl","f,I,acc,pl","f,I,acc,pl","f,I,acc,pl","f,I,acc,pl","f,I,acc,pl","f,I,acc,pl","f,I,acc,pl","f,I,acc,pl","f,I,acc,pl","f,I,acc,pl"
"equa:accpl","f,I,acc,pl","f,I,acc,pl","f,I,acc,pl","f,I,acc,pl","f,I,acc,pl","f,I,acc,pl","f,I,acc,pl","f,I,acc,pl","f,I,acc,pl","f,I,acc,pl","f,I,acc,pl","f,I,acc,pl","f,I,acc,pl","f,I,acc,pl","f,I,acc,pl","f,I,acc,pl"
"equus:nomsg","m,II,nom,sg","m,II,nom,sg","n,II,nom,sg","n,II,nom,sg","n,II,acc,sg","n,II,acc,sg","n,II,acc,sg","n,II,acc,sg","n,II,acc,sg","n,II,acc,sg","n,II,acc,sg","n,II,acc,sg","n,II,acc,sg","n,II,acc,sg","n,II,acc,sg","n,II,acc,sg"
"equus:gensg","m,II,gen,sg","n,II,gen,pl","n,II,acc,pl","n,II,acc,pl","n,II,acc,pl","n,II,acc,pl","n,II,acc,pl","n,II,acc,pl","n,II,acc,pl","n,II,acc,pl","n,II,acc,pl","n,II,acc,pl","n,II,acc,pl","n,II,acc,pl","n,II,acc,pl","n,II,acc,pl"
"equus:accsg","m,II,acc,sg","n,II,acc,sg","n,II,acc,sg","n,II,acc,sg","n,II,acc,sg","n,II,acc,sg","n,II,acc,sg","n,II,acc,sg","n,II,acc,sg","n,II,acc,sg","n,II,acc,sg","n,II,acc,sg","n,II,acc,sg","n,II,acc,sg","n,II,acc,sg","n,II,acc,sg"
"equus:nompl","m,II,nom,pl","n,II,gen,pl","n,II,acc,pl","n,II,acc,pl","n,II,acc,pl","n,II,acc,pl","n,II,acc,pl","n,II,acc,pl","n,II,acc,pl","n,II,acc,pl","n,II,acc,pl","n,II,acc,pl","n,II,acc,pl","n,II,acc,pl","n,II,acc,pl","n,II,acc,pl"
"equus:genpl","m,II,gen,pl","n,II,gen,pl","n,II,acc,pl","f,II,acc,pl","f,II,acc,pl","f,II,acc,pl","n,II,acc,pl","n,II,acc,pl","n,II,acc,pl","n,II,acc,pl","n,II,acc,pl","n,II,acc,pl","n,II,acc,pl","n,III,acc,pl","n,II,acc,pl","n,II,acc,pl"
"equus:accpl","m,II,acc,pl","m,II,acc,pl","m,III,acc,sg","m,III,acc,pl","f,III,acc,pl","f,III,acc,sg","n,II,acc,sg","n,II,acc,pl","n,II,acc,pl","n,II,acc,pl","n,II,acc,pl","n,II,acc,pl","n,II,acc,pl","n,II,acc,pl","n,II,acc,pl","n,II,acc,pl"
"exemplum:nomsg","n,II,nom,sg","n,II,acc,sg","n,II,acc,sg","n,II,acc,sg","n,II,acc,sg","n,II,acc,sg","n,II,acc,sg","n,II,acc,sg","n,II,acc,sg","n,II,acc,sg","n,II,acc,sg","n,II,acc,sg","n,II,acc,sg","n,II,acc,sg","n,II,acc,sg","n,II,acc,sg"
"exemplum:gensg","n,II,gen,sg","n,II,acc,sg","n,II,acc,sg","n,II,acc,pl","n,II,acc,pl","n,II,acc,pl","n,II,acc,pl","n,II,acc,pl","n,II,acc,pl","n,II,acc,pl","n,II,acc,pl","n,II,acc,pl","n,II,acc,pl","n,II,acc,pl","n,II,acc,pl","n,II,acc,pl"
"exemplum:accsg","n,II,acc,sg","n,II,acc,sg","n,II,acc,sg","n,II,acc,sg","n,II,acc,sg","n,II,acc,sg","n,II,acc,sg","n,II,acc,sg","n,II,acc,sg","n,II,acc,sg","n,II,acc,sg","n,II,acc,sg","n,II,acc,sg","n,II,acc,sg","n,II,acc,sg","n,II,acc,sg"
"exemplum:nompl","n,II,nom,pl","n,II,acc,pl","f,II,acc,pl","f,I,acc,pl","f,I,acc,sg","f,I,acc,pl","f,I,acc,pl","f,I,acc,pl","f,I,acc,pl","f,I,acc,pl","f,I,acc,pl","f,I,acc,pl","f,I,acc,pl","f,I,acc,pl","f,I,acc,pl","f,III,acc,pl"
"exemplum:genpl","n,II,gen,pl","n,II,gen,pl","n,II,acc,pl","n,II,acc,pl","n,II,acc,pl","n,II,acc,pl","n,II,acc,pl","n,II,acc,pl","n,II,acc,pl","n,II,acc,pl","n,II,acc,pl","n,II,acc,pl","n,II,acc,pl","n,II,acc,pl","n,II,acc,pl","n,II,acc,pl"
"exemplum:accpl","n,II,acc,pl","n,II,acc,pl","f,II,acc,pl","f,I,acc,pl","f,I,acc,sg","f,I,acc,pl","f,I,acc,pl","f,I,acc,pl","f,I,acc,pl","f,I,acc,pl","f,I,acc,pl","f,I,acc,pl","f,I,acc,pl","f,I,acc,pl","f,I,acc,pl","f,III,acc,pl"
"exercitus:nomsg","m,IV,nom,sg","n,II,acc,sg","n,II,acc,sg","n,II,nom,sg","n,II,acc,sg","n,II,acc,sg","n,II,acc,pl","n,II,acc,sg","n,II,acc,sg","n,II,acc,sg","n,II,acc,sg","n,II,acc,sg","n,II,acc,sg","n,II,acc,sg","n,II,acc,sg","n,II,acc,sg"
"exercitus:gensg","m,IV,gen,sg","f,II,acc,pl","n,II,acc,sg","n,II,nom,pl","n,II,acc,pl","n,II,acc,pl","n,II,acc,pl","n,II,acc,pl","n,II,acc,pl","n,II,acc,sg","n,II,acc,pl","n,II,acc,pl","n,II,acc,pl","n,II,acc,pl","n,II,acc,pl","n,II,acc,pl"
"exercitus:accsg","m,IV,acc,sg","n,II,acc,sg","n,II,acc,sg","n,II,nom,sg","n,II,acc,sg","n,II,acc,sg","n,II,acc,sg","n,II,acc,sg","n,II,acc,sg","n,II,acc,sg","n,II,acc,sg","n,II,acc,sg","n,II,acc,sg","n,II,acc,sg","n,II,acc,sg","n,II,acc,sg"
"exercitus:nompl","m,IV,nom,pl","f,II,acc,pl","n,II,acc,sg","n,II,nom,pl","n,II,acc,pl","n,II,acc,pl","n,II,acc,pl","n,II,acc,pl","n,II,acc,pl","n,II,acc,sg","n,II,acc,pl","n,II,acc,pl","n,II,acc,pl","n,II,acc,pl","n,II,acc,pl","n,II,acc,pl"
"exercitus:genpl","m,IV,gen,pl","n,II,acc,pl","f,II,acc,sg","n,II,acc,sg","n,II,acc,pl","n,II,acc,pl","n,II,acc,pl","n,II,acc,sg","n,II,acc,sg","n,II,acc,sg","n,II,acc,sg","n,II,acc,sg","n,II,acc,sg","n,II,acc,sg","n,II,acc,sg","n,II,acc,sg"
"exercitus:accpl","m,IV,acc,pl","f,II,acc,pl","n,II,acc,sg","n,II,nom,pl","n,II,acc,pl","n,II,acc,pl","n,II,acc,pl","n,II,acc,pl","n,II,acc,pl","n,II,acc,sg","n,II,acc,pl","n,II,acc,pl","n,II,acc,pl","n,II,acc,pl","n,II,acc,pl","n,II,acc,pl"
"fabula:nomsg","f,I,nom,sg","f,II,acc,sg","f,I,acc,sg","f,I,acc,pl","f,I,acc,sg","f,I,acc,sg","f,I,acc,sg","f,I,acc,pl","f,I,acc,pl","f,I,acc,pl","f,I,acc,pl","f,I,acc,pl","f,I,acc,pl","f,I,acc,pl","f,I,acc,pl","f,I,acc,pl"
"fabula:gensg","f,I,gen,sg","f,I,acc,sg","f,I,acc,pl","f,I,acc,pl","f,I,acc,pl","f,I,acc,pl","f,I,acc,pl","f,I,acc,pl","f,I,acc,pl","f,I,acc,pl","f,I,acc,pl","f,I,acc,pl","f,I,acc,pl","f,I,acc,pl","f,I,acc,pl","f,I,acc,pl"
"fabula:accsg","f,I,acc,sg","f,I,acc,sg","f,I,acc,sg","f,I,acc,sg","f,I,acc,sg","f,I,acc,sg","f,I,acc,sg","f,I,acc,sg","f,I,acc,sg","f,I,acc,sg","f,I,acc,sg","f,I,acc,sg","f,I,acc,sg","f,I,acc,sg","f,I,acc,sg","f,I,acc,sg"
"fabula:nompl","f,I,nom,pl","f,I,acc,sg","f,I,acc,pl","f,I,acc,pl","f,I,acc,pl","f,I,acc,pl","f,I,acc,pl","f,I,acc,pl","f,I,acc,pl","f,I,acc,pl","f,I,acc,pl","f,I,acc,pl","f,I,acc,pl","f,I,acc,pl","f,I,acc,pl","f,I,acc,pl"
"fabula:genpl","f,I,gen,pl","f,I,gen,pl","f,I,acc,pl","f,I,acc,pl","f,I,acc,pl","f,I,acc,pl","f,I,acc,pl","f,I,acc,sg","f,I,acc,pl","f,I,acc,pl","f,I,acc,pl","f,I,acc,pl","f,I,acc,pl","f,I,acc,pl","f,I,acc,pl","f,I,acc,pl"
"fabula:accpl","f,I,acc,pl","f,I,acc,pl","f,I,acc,pl","f,I,acc,pl","f,I,acc,pl","f,I,acc,sg","f,I,acc,pl","f,I,acc,sg","f,I,acc,pl","f,I,acc,pl","f,I,acc,pl","f,I,acc,pl","f,I,acc,pl","f,I,acc,pl","f,I,acc,pl","f,I,acc,pl"
"facies:nomsg","f,V,nom,sg","f,III,acc,pl","f,I,acc,pl","f,I,acc,pl","f,I,acc,pl","f,III,acc,pl","f,III,acc,pl","f,III,acc,pl","f,III,acc,pl","f,III,acc,pl","f,III,acc,pl","f,III,acc,pl","f,III,acc,pl","f,III,acc,pl","f,III,acc,pl","f,III,acc,pl"
"facies:gensg","f,V,gen,sg","m,III,acc,pl","f,III,acc,pl","f,III,acc,pl","f,III,acc,pl","f,III,acc,pl","f,III,acc,pl","f,III,acc,pl","f,III,acc,pl","f,III,acc,pl","f,III,acc,pl","f,III,acc,pl","f,III,acc,pl","f,III,acc,pl","f,III,acc,pl","f,III,acc,pl"
"facies:accsg","f,V,acc,sg","f,III,acc,sg","f,I,acc,sg","f,I,acc,sg","f,I,acc,sg","f,III,acc,sg","f,III,acc,sg","f,III,acc,sg","f,III,acc,sg","f,III,acc,sg","f,III,acc,sg","f,III,acc,sg","f,III,acc,sg","f,III,acc,sg","f,III,acc,sg","f,III,acc,sg"
"facies:nompl","f,V,nom,pl","f,III,acc,pl","f,I,acc,pl","f,I,acc,pl","f,I,acc,pl","f,III,acc,pl","f,III,acc,pl","f,III,acc,pl","f,III,acc,pl","f,III,acc,pl","f,III,acc,pl","f,III,acc,pl","f,III,acc,pl","f,III,acc,pl","f,III,acc,pl","f,III,acc,pl"
"facies:genpl","f,V,gen,pl","f,III,gen,pl","f,I,acc,pl","f,I,acc,pl","f,II,acc,pl","f,III,acc,pl","f,III,acc,pl","f,III,acc,pl","f,III,acc,pl","f,III,acc,pl","f,III,acc,pl","f,III,acc,pl","n,II,acc,pl","f,III,acc,pl","f,III,acc,pl","f,III,acc,pl"
"facies:accpl","f,V,acc,pl","f,III,acc,pl","f,I,acc,pl","f,I,acc,pl","f,I,acc,pl","f,III,acc,pl","f,III,acc,pl","f,III,acc,pl","f,III,acc,pl","f,III,acc,pl","f,III,acc,pl","f,III,acc,pl","f,III,acc,pl","f,III,acc,pl","f,III,acc,pl","f,III,acc,pl"
"factum:nomsg","n,II,nom,sg","n,II,acc,sg","n,II,acc,sg","n,II,acc,sg","n,II,acc,sg","n,II,acc,sg","n,II,acc,sg","n,II,acc,sg","n,II,acc,sg","n,II,acc,sg","n,II,acc,sg","n,II,acc,sg","n,II,acc,sg","n,II,acc,sg","n,II,acc,sg","n,II,acc,sg"
"factum:gensg","n,II,gen,sg","n,II,gen,pl","n,II,acc,pl","n,II,acc,pl","n,II,acc,pl","n,II,acc,pl","n,II,acc,pl","n,II,acc,pl","n,II,acc,pl","n,II,acc,pl","n,II,acc,pl","n,II,acc,pl","n,II,acc,pl","n,II,acc,pl","n,II,acc,pl","n,II,acc,pl"
"factum:accsg","n,II,acc,sg","n,II,acc,sg","n,II,acc,sg","n,II,acc,sg","n,II,acc,sg","n,II,acc,sg","n,II,acc,sg","n,II,acc,sg","n,II,acc,sg","n,II,acc,sg","n,II,acc,sg","n,II,acc,sg","n,II,acc,sg","n,II,acc,sg","n,II,acc,sg","n,II,acc,sg"
"factum:nompl","n,II,nom,pl","n,II,acc,pl","f,II,nom,pl","f,I,acc,pl","f,I,acc,pl","f,I,acc,pl","f,I,acc,pl","f,I,acc,pl","f,I,acc,pl","f,I,acc,pl","f,I,acc,pl","f,I,acc,pl","f,I,acc,pl","f,I,acc,pl","f,I,acc,pl","f,I,acc,pl"
"factum:genpl","n,II,gen,pl","n,II,gen,pl","n,II,acc,pl","n,II,acc,pl","f,II,acc,pl","n,II,acc,pl","n,II,acc,pl","n,II,acc,pl","n,II,acc,pl","n,II,acc,pl","n,II,acc,pl","n,II,acc,pl","n,II,acc,pl","n,II,acc,pl","n,II,acc,pl","n,II,acc,pl"
"factum:accpl","n,II,acc,pl","n,II,acc,pl","f,II,nom,pl","f,I,acc,pl","f,I,acc,pl","f,I,acc,pl","f,I,acc,pl","f,I,acc,pl","f,I,acc,pl","f,I,acc,pl","f,I,acc,pl","f,I,acc,pl","f,I,acc,pl","f,I,acc,pl","f,I,acc,pl","f,I,acc,pl"
"faenum:nomsg","n,II,nom,sg","n,II,acc,sg","n,II,acc,sg","n,II,acc,sg","n,II,acc,sg","n,II,acc,sg","n,II,acc,sg","n,II,acc,sg","n,II,acc,sg","n,II,acc,sg","n,II,acc,sg","n,II,acc,sg","n,II,acc,sg","n,II,acc,sg","n,II,acc,sg","n,II,acc,sg"
"faenum:gensg","n,II,gen,sg","n,II,gen,pl","n,II,acc,pl","n,II,acc,pl","n,II,acc,pl","n,II,acc,pl","n,II,acc,pl","n,II,acc,pl","n,II,acc,pl","n,II,acc,pl","n,II,acc,pl","n,II,acc,pl","n,II,acc,pl","n,II,acc,pl","n,II,acc,pl","n,II,acc,pl"
"faenum:accsg","n,II,acc,sg","n,II,acc,sg","n,II,acc,sg","n,II,acc,sg","n,II,acc,sg","n,II,acc,sg","n,II,acc,sg","n,II,acc,sg","n,II,acc,sg","n,II,acc,sg","n,II,acc,sg","n,II,acc,sg","n,II,acc,sg","n,II,acc,sg","n,II,acc,sg","n,II,acc,sg"
"faenum:nompl","n,II,nom,pl","n,II,nom,pl","f,II,nom,pl","f,I,acc,pl","f,I,acc,pl","f,I,acc,pl","f,I,acc,pl","f,I,acc,pl","f,I,acc,pl","f,I,acc,pl","f,I,acc,pl","f,I,acc,pl","f,I,acc,pl","f,I,acc,pl","f,I,acc,pl","f,I,acc,pl"
"faenum:genpl","n,II,gen,pl","n,II,gen,pl","n,II,acc,pl","n,II,acc,pl","n,II,acc,pl","n,II,acc,pl","n,II,acc,pl","n,II,acc,pl","n,II,acc,pl","n,II,acc,pl","n,II,acc,pl","n,II,acc,pl","n,II,acc,pl","n,II,acc,pl","n,II,acc,pl","n,II,acc,pl"
"faenum:accpl","n,II,acc,pl","n,II,nom,pl","f,II,nom,pl","f,I,acc,pl","f,I,acc,pl","f,I,acc,pl","f,I,acc,pl","f,I,acc,pl","f,I,acc,pl","f,I,acc,pl","f,I,acc,pl","f,I,acc,pl","f,I,acc,pl","f,I,acc,pl","f,I,acc,pl","f,I,acc,pl"
"fallacia:nomsg","f,I,nom,sg","f,I,acc,sg","f,I,acc,sg","f,I,acc,sg","f,I,acc,pl","f,I,acc,pl","f,I,acc,pl","f,I,acc,pl","f,I,acc,pl","f,I,acc,pl","f,I,acc,sg","f,I,acc,sg","f,I,acc,pl","f,I,acc,pl","f,I,acc,pl","f,I,acc,pl"
"fallacia:gensg","f,I,gen,sg","f,I,acc,pl","f,I,acc,pl","f,I,acc,pl","f,II,acc,pl","f,I,acc,pl","f,I,acc,pl","f,I,acc,pl","f,I,acc,pl","f,I,acc,pl","f,I,acc,pl","f,I,acc,pl","f,I,acc,pl","f,I,acc,pl","f,I,acc,pl","f,I,acc,pl"
"fallacia:accsg","f,I,acc,sg","f,I,acc,sg","f,I,acc,sg","f,I,acc,sg","f,I,acc,sg","f,I,acc,sg","f,I,acc,sg","f,I,acc,sg","f,I,acc,sg","f,I,acc,sg","f,I,acc,sg","f,I,acc,sg","f,I,acc,sg","f,I,acc,sg","f,I,acc,pl","f,I,acc,sg"
"fallacia:nompl","f,I,nom,pl","f,I,acc,pl","f,I,acc,pl","f,I,acc,pl","f,II,acc,pl","f,I,acc,pl","f,I,acc,pl","f,I,acc,pl","f,I,acc,pl","f,I,acc,pl","f,I,acc,pl","f,I,acc,pl","f,I,acc,pl","f,I,acc,pl","f,I,acc,pl","f,I,acc,pl"
"fallacia:genpl","f,I,gen,pl","f,I,acc,pl","f,I,acc,pl","f,I,acc,pl","f,II,acc,pl","f,I,acc,pl","f,I,acc,pl","f,I,acc,pl","f,I,acc,pl","f,I,acc,pl","f,I,acc,pl","f,I,acc,sg","f,I,acc,pl","f,I,acc,pl","f,I,acc,pl","f,I,acc,pl"
"fallacia:accpl","f,I,acc,pl","f,I,acc,pl","f,I,acc,pl","f,I,acc,pl","f,II,acc,pl","f,I,acc,pl","f,I,acc,pl","f,I,acc,pl","f,I,acc,pl","f,I,acc,pl","f,I,acc,pl","f,I,acc,pl","f,I,acc,pl","f,I,acc,pl","f,I,acc,pl","f,I,acc,pl"
"fama:nomsg","f,I,nom,sg","f,II,nom,pl","n,II,nom,pl","f,I,acc,pl","f,I,acc,pl","f,I,acc,pl","f,I,acc,pl","f,I,acc,pl","f,I,acc,pl","f,I,acc,pl","f,I,acc,pl","f,I,acc,pl","f,I,acc,pl","f,I,acc,pl","f,I,acc,pl","f,I,acc,pl"
"fama:gensg","f,I,gen,sg","f,I,acc,pl","f,I,acc,pl","f,I,acc,pl","f,I,acc,pl","f,I,acc,pl","f,I,acc,pl","f,I,acc,pl","f,I,acc,pl","f,I,acc,pl","f,I,acc,pl","f,I,acc,pl","f,I,acc,pl","f,I,acc,pl","f,I,acc,pl","f,I,acc,pl"
"fama:accsg","f,I,acc,sg","f,I,acc,sg","f,I,acc,sg","f,I,acc,sg","f,I,acc,sg","f,I,acc,sg","f,I,acc,sg","f,I,acc,sg","f,I,acc,sg","f,I,acc,sg","f,I,acc,sg","f,I,acc,sg","f,I,acc,sg","f,I,acc,sg","f,I,acc,sg","f,I,acc,sg"
"fama:nompl","f,I,nom,pl","f,I,acc,pl","f,I,acc,pl","f,I,acc,pl","f,I,acc,pl","f,I,acc,pl","f,I,acc,pl","f,I,acc,pl","f,I,acc,pl","f,I,acc,pl","f,I,acc,pl","f,I,acc,pl","f,I,acc,pl","f,I,acc,pl","f,I,acc,pl","f,I,acc,pl"
"fama:genpl","f,I,gen,pl","f,III,gen,pl","f,I,acc,pl","f,I,acc,pl","f,I,acc,pl","f,I,acc,pl","f,I,acc,pl","f,I,acc,pl","f,I,acc,pl","f,I,acc,pl","f,I,acc,pl","f,I,acc,pl","f,I,acc,pl","f,I,acc,pl","f,I,acc,pl","f,I,acc,pl"
"fama:accpl","f,I,acc,pl","f,I,acc,pl","f,I,acc,pl","f,I,acc,pl","f,I,acc,pl","f,I,acc,pl","f,I,acc,pl","f,I,acc,pl","f,I,acc,pl","f,I,acc,pl","f,I,acc,pl","f,I,acc,pl","f,I,acc,pl","f,I,acc,pl","f,I,acc,pl","f,I,acc,pl"
"fames:nomsg","f,III,nom,sg","f,III,acc,pl","f,III,acc,pl","f,III,acc,pl","f,III,acc,pl","f,III,acc,pl","f,III,acc,pl","f,III,acc,pl","f,III,acc,pl","f,III,acc,pl","f,III,acc,pl","f,III,acc,pl","f,III,acc,pl","f,III,acc,pl","f,III,acc,pl","f,III,acc,pl"
"fames:gensg","f,III,gen,sg","f,III,gen,sg","f,III,acc,sg","f,III,acc,sg","f,III,acc,sg","f,III,acc,sg","f,III,acc,pl","f,III,acc,pl","f,III,acc,pl","f,III,acc,pl","f,III,acc,pl","f,III,acc,pl","f,III,acc,pl","f,III,acc,pl","f,III,acc,pl","f,III,acc,pl"
"fames:accsg","f,III,acc,sg","f,III,acc,sg","f,III,acc,sg","f,III,acc,sg","f,III,acc,sg","f,III,acc,sg","f,III,acc,sg","f,III,acc,sg","f,III,acc,sg","f,III,acc,sg","f,III,acc,sg","f,III,acc,sg","f,III,acc,sg","f,III,acc,sg","f,III,acc,sg","f,III,acc,sg"
"fames:nompl","f,III,nom,pl","f,III,acc,pl","f,III,acc,pl","f,III,acc,pl","f,III,acc,pl","f,III,acc,pl","f,III,acc,pl","f,III,acc,pl","f,III,acc,pl","f,III,acc,pl","f,III,acc,pl","f,III,acc,pl","f,III,acc,pl","f,III,acc,pl","f,III,acc,pl","f,III,acc,pl"
"fames:genpl","f,III,gen,pl","f,III,gen,pl","f,I,acc,pl","f,II,acc,pl","f,I,acc,pl","f,I,acc,sg","f,I,acc,pl","f,I,acc,sg","f,I,acc,pl","f,I,acc,sg","f,I,acc,sg","f,I,acc,sg","f,I,acc,pl","f,III,acc,sg","f,I,acc,pl","f,I,acc,pl"
"fames:accpl","f,III,acc,pl","f,III,acc,pl","f,III,acc,pl","f,III,acc,pl","f,III,acc,pl","f,III,acc,pl","f,III,acc,pl","f,III,acc,pl","f,III,acc,pl","f,III,acc,pl","f,III,acc,pl","f,III,acc,pl","f,III,acc,pl","f,III,acc,pl","f,III,acc,pl","f,III,acc,pl"
"familia:nomsg","f,I,nom,sg","f,I,acc,sg","f,I,acc,sg","f,I,acc,sg","f,I,acc,sg","f,I,acc,pl","f,I,acc,pl","f,I,acc,pl","f,I,acc,pl","f,I,acc,pl","f,I,acc,pl","f,I,acc,pl","f,I,acc,pl","f,I,acc,pl","f,I,acc,pl","f,I,acc,pl"
"familia:gensg","f,I,gen,sg","f,I,acc,sg","f,I,acc,sg","f,I,acc,pl","f,I,acc,pl","f,I,acc,pl","f,I,acc,pl","f,I,acc,pl","f,I,acc,pl","f,I,acc,pl","f,I,acc,pl","f,I,acc,pl","f,I,acc,pl","f,I,acc,pl","f,I,acc,pl","f,I,acc,pl"
"familia:accsg","f,I,acc,sg","f,I,acc,sg","f,I,acc,sg","f,I,acc,sg","f,I,acc,sg","f,I,acc,sg","f,I,acc,sg","f,I,acc,sg","f,I,acc,sg","f,I,acc,sg","f,I,acc,sg","f,I,acc,sg","f,I,acc,sg","f,I,acc,sg","f,I,acc,sg","f,I,acc,sg"
"familia:nompl","f,I,nom,pl","f,I,acc,sg","f,I,acc,sg","f,I,acc,pl","f,I,acc,pl","f,I,acc,pl","f,I,acc,pl","f,I,acc,pl","f,I,acc,pl","f,I,acc,pl","f,I,acc,pl","f,I,acc,pl","f,I,acc,pl","f,I,acc,pl","f,I,acc,pl","f,I,acc,pl"
"familia:genpl","f,I,gen,pl","f,I,acc,pl","f,I,acc,pl","f,I,acc,pl","f,I,acc,pl","f,I,acc,pl","f,I,acc,pl","f,I,acc,pl","f,I,acc,pl","f,I,acc,pl","f,I,acc,pl","f,I,acc,pl","f,I,acc,pl","f,I,acc,pl","f,I,acc,pl","f,I,acc,pl"
"familia:accpl","f,I,acc,pl","f,I,acc,pl","f,I,acc,pl","f,I,acc,pl","f,I,acc,pl","f,I,acc,pl","f,I,acc,pl","f,I,acc,pl","f,I,acc,pl","f,I,acc,pl","f,I,acc,pl","f,I,acc,pl","f,I,acc,pl","f,I,acc,pl","f,I,acc,pl","f,I,acc,pl"
"famula:nomsg","f,I,nom,sg","f,II,acc,sg","f,I,acc,sg","f,I,acc,sg","f,I,acc,sg","f,I,acc,sg","f,I,acc,sg","f,I,acc,pl","f,I,acc,pl","f,I,acc,pl","f,I,acc,pl","f,I,acc,pl","f,I,acc,pl","f,I,acc,pl","f,I,acc,pl","f,I,acc,pl"
"famula:gensg","f,I,gen,sg","f,I,acc,sg","f,I,acc,pl","f,I,acc,pl","f,I,acc,pl","f,I,acc,pl","f,I,acc,pl","f,I,acc,pl","f,I,acc,pl","f,I,acc,pl","f,I,acc,pl","f,I,acc,pl","f,I,acc,pl","f,I,acc,pl","f,I,acc,pl","f,I,acc,pl"
"famula:accsg","f,I,acc,sg","f,I,acc,sg","f,I,acc,sg","f,I,acc,sg","f,I,acc,sg","f,I,acc,sg","f,I,acc,sg","f,I,acc,sg","f,I,acc,sg","f,I,acc,sg","f,I,acc,sg","f,I,acc,sg","f,I,acc,sg","f,I,acc,sg","f,I,acc,sg","f,I,acc,sg"
"famula:nompl","f,I,nom,pl","f,I,acc,sg","f,I,acc,pl","f,I,acc,pl","f,I,acc,pl","f,I,acc,pl","f,I,acc,pl","f,I,acc,pl","f,I,acc,pl","f,I,acc,pl","f,I,acc,pl","f,I,acc,pl","f,I,acc,pl","f,I,acc,pl","f,I,acc,pl","f,I,acc,pl"
"famula:genpl","f,I,gen,pl","f,I,gen,pl","f,I,acc,pl","f,I,acc,pl","f,I,acc,pl","f,I,acc,pl","f,I,acc,pl","f,I,acc,pl","f,I,acc,pl","f,I,acc,pl","f,I,acc,pl","f,I,acc,pl","f,I,acc,pl","f,I,acc,pl","f,I,acc,pl","f,I,acc,pl"
"famula:accpl","f,I,acc,pl","f,I,acc,pl","f,I,acc,pl","f,I,acc,pl","f,I,acc,pl","f,I,acc,pl","f,I,acc,pl","f,I,acc,pl","f,I,acc,pl","f,I,acc,pl","f,I,acc,pl","f,I,acc,pl","f,I,acc,pl","f,I,acc,pl","f,I,acc,pl","f,I,acc,pl"
"farina:nomsg","f,I,nom,sg","f,II,nom,pl","f,I,acc,sg","f,I,acc,sg","f,I,acc,sg","f,I,acc,sg","f,I,acc,pl","f,I,acc,pl","f,I,acc,pl","f,I,acc,pl","f,I,acc,pl","f,I,acc,pl","f,I,acc,pl","f,I,acc,pl","f,I,acc,pl","f,I,acc,pl"
"farina:gensg","f,I,gen,sg","f,I,acc,sg","f,I,acc,pl","f,I,acc,pl","f,I,acc,pl","f,I,acc,pl","f,I,acc,pl","f,I,acc,pl","f,I,acc,pl","f,I,acc,pl","f,I,acc,pl","f,I,acc,pl","f,I,acc,pl","f,I,acc,pl","f,I,acc,pl","f,I,acc,pl"
"farina:accsg","f,I,acc,sg","f,I,acc,sg","f,I,acc,sg","f,I,acc,sg","f,I,acc,sg","f,I,acc,sg","f,I,acc,sg","f,I,acc,sg","f,I,acc,sg","f,I,acc,sg","f,I,acc,sg","f,I,acc,sg","f,I,acc,sg","f,I,acc,sg","f,I,acc,sg","f,I,acc,sg"
"farina:nompl","f,I,nom,pl","f,I,acc,sg","f,I,acc,pl","f,I,acc,pl","f,I,acc,pl","f,I,acc,pl","f,I,acc,pl","f,I,acc,pl","f,I,acc,pl","f,I,acc,pl","f,I,acc,pl","f,I,acc,pl","f,I,acc,pl","f,I,acc,pl","f,I,acc,pl","f,I,acc,pl"
"farina:genpl","f,I,gen,pl","f,I,gen,pl","f,I,acc,pl","f,I,acc,pl","f,I,acc,pl","f,I,acc,pl","f,I,acc,pl","f,I,acc,pl","f,I,acc,pl","f,I,acc,pl","f,I,acc,pl","f,I,acc,pl","f,I,acc,pl","f,I,acc,pl","f,I,acc,pl","f,I,acc,pl"
"farina:accpl","f,I,acc,pl","f,I,acc,pl","f,I,acc,pl","f,I,acc,pl","f,I,acc,pl","f,I,acc,pl","f,I,acc,pl","f,I,acc,pl","f,I,acc,pl","f,I,acc,pl","f,I,acc,pl","f,I,acc,pl","f,I,acc,pl","f,I,acc,pl","f,I,acc,pl","f,I,acc,pl"
"femina:nomsg","f,I,nom,sg","f,I,acc,sg","f,I,nom,sg","f,I,acc,sg","f,I,acc,sg","f,I,acc,sg","f,I,acc,sg","f,I,acc,pl","f,I,acc,pl","f,I,acc,pl","f,I,acc,pl","f,I,acc,pl","f,I,acc,pl","f,I,acc,pl","f,I,acc,pl","f,I,acc,pl"
"femina:gensg","f,I,gen,sg","f,I,acc,sg","f,I,acc,pl","f,I,acc,pl","f,I,acc,pl","f,I,acc,pl","f,I,acc,pl","f,I,acc,pl","f,I,acc,pl","f,I,acc,pl","f,I,acc,pl","f,I,acc,pl","f,I,acc,pl","f,I,acc,pl","f,I,acc,pl","f,I,acc,pl"
"femina:accsg","f,I,acc,sg","f,I,acc,sg","f,I,acc,sg","f,I,acc,sg","f,I,acc,sg","f,I,acc,sg","f,I,acc,sg","f,I,acc,sg","f,I,acc,sg","f,I,acc,sg","f,I,acc,sg","f,I,acc,sg","f,I,acc,sg","f,I,acc,sg","f,I,acc,sg","f,I,acc,sg"
"femina:nompl","f,I,nom,pl","f,I,acc,sg","f,I,acc,pl","f,I,acc,pl","f,I,acc,pl","f,I,acc,pl","f,I,acc,pl","f,I,acc,pl","f,I,acc,pl","f,I,acc,pl","f,I,acc,pl","f,I,acc,pl","f,I,acc,pl","f,I,acc,pl","f,I,acc,pl","f,I,acc,pl"
"femina:genpl","f,I,gen,pl","f,I,acc,pl","f,I,acc,pl","f,I,acc,pl","f,I,acc,pl","f,I,acc,pl","f,I,acc,pl","f,I,acc,pl","f,I,acc,pl","f,I,acc,pl","f,I,acc,pl","f,I,acc,pl","f,I,acc,pl","f,I,acc,pl","f,I,acc,pl","f,I,acc,pl"
"femina:accpl","f,I,acc,pl","f,I,acc,pl","f,I,acc,pl","f,I,acc,pl","f,I,acc,pl","f,I,acc,pl","f,I,acc,pl","f,I,acc,pl","f,I,acc,pl","f,I,acc,pl","f,I,acc,pl","f,I,acc,pl","f,I,acc,pl","f,I,acc,pl","f,I,acc,pl","f,I,acc,pl"
"ferrum:nomsg","n,II,nom,sg","n,II,acc,sg","n,II,acc,sg","n,II,acc,sg","n,II,acc,sg","n,II,acc,sg","n,II,acc,sg","n,II,acc,sg","n,II,acc,sg","n,II,acc,sg","n,II,acc,sg","n,II,acc,sg","n,II,acc,sg","n,II,acc,sg","n,II,acc,sg","n,II,acc,sg"
"ferrum:gensg","n,II,gen,sg","n,II,acc,sg","n,II,acc,pl","n,II,acc,pl","n,II,acc,pl","f,II,acc,pl","n,II,acc,pl","n,II,acc,pl","n,II,acc,pl","n,II,acc,pl","n,II,acc,pl","n,II,acc,pl","n,II,acc,pl","n,II,acc,pl","n,II,acc,pl","n,II,acc,pl"
"ferrum:accsg","n,II,acc,sg","n,II,acc,sg","n,II,acc,sg","n,II,acc,sg","n,II,acc,sg","n,II,acc,sg","n,II,acc,sg","n,II,acc,sg","n,II,acc,sg","n,II,acc,sg","n,II,acc,sg","n,II,acc,sg","n,II,acc,sg","n,II,acc,sg","n,II,acc,sg","n,II,acc,sg"
"ferrum:nompl","n,II,nom,pl","n,II,nom,pl","n,II,nom,pl","f,I,acc,pl","f,I,acc,pl","f,I,acc,pl","f,I,acc,pl","f,I,acc,pl","f,I,acc,pl","f,I,acc,pl","f,I,acc,pl","f,I,acc,pl","f,I,acc,pl","f,I,acc,pl","f,I,acc,pl","f,I,acc,pl"
"ferrum:genpl","n,II,gen,pl","n,II,gen,pl","n,II,acc,pl","n,II,acc,pl","f,II,acc,pl","f,III,acc,pl","n,II,acc,pl","n,II,acc,pl","n,II,acc,pl","n,II,acc,pl","n,II,acc,pl","n,II,acc,pl","n,II,acc,pl","n,II,acc,pl","n,II,acc,pl","n,II,acc,pl"
"ferrum:accpl","n,II,acc,pl","n,II,nom,pl","n,II,nom,pl","f,I,acc,pl","f,I,acc,pl","f,I,acc,pl","f,I,acc,pl","f,I,acc,pl","f,I,acc,pl","f,I,acc,pl","f,I,acc,pl","f,I,acc,pl","f,I,acc,pl","f,I,acc,pl","f,I,acc,pl","f,I,acc,pl"
"festuca:nomsg","f,I,nom,sg","f,II,nom,pl","f,II,acc,sg","f,I,acc,sg","f,I,acc,sg","f,I,acc,sg","f,I,acc,pl","f,I,acc,pl","f,I,acc,sg","f,I,acc,pl","f,I,acc,pl","f,I,acc,pl","f,I,acc,pl","f,I,acc,pl","f,I,acc,pl","f,I,acc,pl"
"festuca:gensg","f,I,gen,sg","f,I,acc,sg","f,II,acc,pl","f,I,acc,pl","f,I,acc,pl","f,I,acc,pl","f,I,acc,pl","f,I,acc,pl","f,I,acc,pl","f,I,acc,pl","f,I,acc,pl","f,I,acc,pl","f,I,acc,pl","f,I,acc,pl","f,I,acc,pl","f,I,acc,pl"
"festuca:accsg","f,I,acc,sg","f,I,acc,sg","f,II,acc,sg","f,I,acc,sg","f,I,acc,sg","f,I,acc,sg","f,I,acc,sg","f,I,acc,sg","f,I,acc,sg","f,I,acc,sg","f,I,acc,sg","f,I,acc,sg","f,I,acc,sg","f,I,acc,sg","f,I,acc,sg","f,I,acc,sg"
"festuca:nompl","f,I,nom,pl","f,I,acc,sg","f,II,acc,pl","f,I,acc,pl","f,I,acc,pl","f,I,acc,pl","f,I,acc,pl","f,I,acc,pl","f,I,acc,pl","f,I,acc,pl","f,I,acc,pl","f,I,acc,pl","f,I,acc,pl","f,I,acc,pl","f,I,acc,pl","f,I,acc,pl"
"festuca:genpl","f,I,gen,pl","f,I,gen,pl","f,I,acc,pl","f,I,acc,pl","f,I,acc,pl","f,I,acc,pl","f,I,acc,pl","f,I,acc,pl","f,I,acc,pl","f,I,acc,pl","f,I,acc,pl","f,I,acc,pl","f,I,acc,pl","f,I,acc,pl","f,I,acc,pl","f,III,acc,pl"
"festuca:accpl","f,I,acc,pl","f,I,acc,pl","f,I,acc,pl","f,I,acc,pl","f,I,acc,pl","f,I,acc,pl","f,I,acc,pl","f,I,acc,pl","f,I,acc,pl","f,I,acc,pl","f,I,acc,pl","f,I,acc,pl","f,I,acc,pl","f,I,acc,pl","f,I,acc,pl","f,I,acc,pl"
"festum:nomsg","n,II,nom,sg","n,II,acc,sg","n,II,acc,sg","n,II,acc,sg","n,II,acc,sg","n,II,acc,sg","n,II,acc,sg","n,II,acc,sg","n,II,acc,sg","n,II,acc,sg","n,II,acc,sg","n,II,acc,sg","n,II,acc,sg","n,II,acc,sg","n,II,acc,sg","n,II,acc,sg"
"festum:gensg","n,II,gen,sg","n,II,nom,pl","n,II,acc,pl","n,II,acc,pl","n,II,acc,pl","n,II,acc,pl","n,II,acc,pl","n,II,acc,pl","n,II,acc,pl","n,II,acc,sg","n,II,acc,pl","n,II,acc,pl","n,II,acc,pl","n,II,acc,pl","n,II,acc,pl","n,II,acc,pl"
"festum:accsg","n,II,acc,sg","n,II,acc,sg","n,II,acc,sg","n,II,acc,sg","n,II,acc,sg","n,II,acc,sg","n,II,acc,sg","n,II,acc,sg","n,II,acc,sg","n,II,acc,sg","n,II,acc,sg","n,II,acc,sg","n,II,acc,sg","n,II,acc,sg","n,II,acc,sg","n,II,acc,sg"
"festum:nompl","n,II,nom,pl","n,II,nom,pl","n,II,nom,pl","f,I,acc,pl","f,I,acc,pl","f,I,acc,pl","f,I,acc,pl","f,I,acc,pl","f,I,acc,pl","f,I,acc,sg","f,I,acc,pl","f,I,acc,pl","f,I,acc,pl","f,I,acc,pl","f,I,acc,pl","f,I,acc,pl"
"festum:genpl","n,II,gen,pl","n,III,gen,pl","n,II,acc,pl","n,II,acc,pl","f,II,acc,pl","f,III,acc,pl","n,II,acc,pl","n,II,acc,pl","n,II,acc,pl","n,II,acc,sg","n,II,acc,pl","n,II,acc,pl","n,II,acc,pl","n,II,acc,pl","n,II,acc,pl","n,II,acc,pl"
"festum:accpl","n,II,acc,pl","n,II,nom,pl","n,II,nom,pl","f,I,acc,pl","f,I,acc,pl","f,I,acc,pl","f,I,acc,pl","f,I,acc,pl","f,I,acc,pl","f,I,acc,sg","f,I,acc,pl","f,I,acc,pl","f,I,acc,pl","f,I,acc,pl","f,I,acc,pl","f,I,acc,pl"
"ficus:nomsg","m,II,nom,sg","m,II,nom,sg","m,II,nom,pl","n,II,nom,sg","n,II,acc,sg","n,II,acc,sg","n,II,acc,sg","n,II,acc,sg","n,II,acc,sg","n,II,acc,sg","n,II,acc,sg","n,II,acc,sg","n,II,acc,sg","n,II,acc,sg","n,II,acc,sg","n,II,acc,sg"
"ficus:gensg","m,II,gen,sg","n,II,gen,sg","n,II,acc,pl","n,II,acc,pl","n,II,acc,pl","n,II,acc,pl","n,II,acc,pl","n,II,acc,pl","n,II,acc,pl","n,II,acc,pl","n,II,acc,pl","n,II,acc,pl","n,II,acc,pl","n,II,acc,pl","n,II,acc,pl","n,II,acc,pl"
"ficus:accsg","m,II,acc,sg","n,II,acc,sg","n,II,acc,sg","n,II,acc,sg","n,II,acc,sg","n,II,acc,sg","n,II,acc,sg","n,II,acc,sg","n,II,acc,sg","n,II,acc,sg","n,II,acc,sg","n,II,acc,sg","n,II,acc,sg","n,II,acc,sg","n,II,acc,sg","n,II,acc,sg"
"ficus:nompl","m,II,nom,pl","n,II,gen,sg","n,II,acc,pl","n,II,acc,pl","n,II,acc,pl","n,II,acc,pl","n,II,acc,pl","n,II,acc,pl","n,II,acc,pl","n,II,acc,pl","n,II,acc,pl","n,II,acc,pl","n,II,acc,pl","n,II,acc,pl","n,II,acc,pl","n,II,acc,pl"
"ficus:genpl","m,II,gen,pl","n,II,gen,pl","n,II,acc,pl","f,II,acc,pl","f,II,acc,pl","n,II,acc,pl","n,II,acc,pl","n,II,acc,pl","n,II,acc,pl","n,II,acc,pl","n,II,acc,pl","n,II,acc,pl","n,II,acc,pl","n,II,acc,pl","n,II,acc,pl","n,II,acc,pl"
"ficus:accpl","m,II,acc,pl","m,II,acc,pl","m,III,acc,sg","f,III,acc,pl","f,II,acc,pl","n,II,acc,pl","n,II,acc,pl","n,II,acc,pl","n,II,acc,pl","n,II,acc,pl","n,II,acc,pl","n,II,acc,pl","n,II,acc,pl","n,II,acc,pl","n,II,acc,pl","n,II,acc,pl"
"fides:nomsg","f,V,nom,sg","f,III,acc,pl","f,III,acc,pl","f,III,acc,pl","f,III,acc,pl","f,III,acc,pl","f,III,acc,pl","f,III,acc,pl","f,III,acc,pl","f,III,acc,pl","f,III,acc,pl","f,III,acc,pl","f,III,acc,pl","f,III,acc,pl","f,III,acc,pl","f,III,acc,pl"
"fides:gensg","f,V,gen,sg","f,III,acc,pl","f,III,acc,pl","f,III,acc,pl","f,III,acc,pl","f,III,acc,sg","f,III,acc,pl","f,III,acc,pl","f,III,acc,pl","f,III,acc,sg","f,III,acc,sg","f,III,acc,pl","f,III,acc,sg","f,III,acc,sg","f,III,acc,sg","f,III,acc,sg"
"fides:accsg","f,V,acc,sg","f,III,acc,sg","f,III,acc,sg","f,III,acc,sg","f,III,acc,sg","f,III,acc,sg","f,III,acc,sg","f,III,acc,sg","f,III,acc,sg","f,III,acc,sg","f,III,acc,sg","f,III,acc,sg","f,III,acc,sg","f,III,acc,sg","f,III,acc,sg","f,III,acc,sg"
"fides:nompl","f,V,nom,pl","f,III,acc,pl","f,III,acc,pl","f,III,acc,pl","f,III,acc,pl","f,III,acc,pl","f,III,acc,pl","f,III,acc,pl","f,III,acc,pl","f,III,acc,pl","f,III,acc,pl","f,III,acc,pl","f,III,acc,pl","f,III,acc,pl","f,III,acc,pl","f,III,acc,pl"
"fides:genpl","f,V,gen,pl","n,III,gen,pl","f,III,acc,pl","f,III,acc,pl","f,III,acc,pl","f,III,acc,pl","f,III,acc,pl","f,I,acc,pl","f,III,acc,pl","f,III,acc,pl","f,III,acc,sg","f,III,acc,pl","n,II,acc,pl","f,III,acc,pl","f,III,acc,pl","f,III,acc,pl"
"fides:accpl","f,V,acc,pl","f,III,acc,pl","f,III,acc,pl","f,III,acc,pl","f,III,acc,pl","f,III,acc,pl","f,III,acc,pl","f,III,acc,pl","f,III,acc,pl","f,III,acc,pl","f,III,acc,pl","f,III,acc,pl","f,III,acc,pl","f,III,acc,pl","f,III,acc,pl","f,III,acc,pl"
"filia:nomsg","f,I,nom,sg","f,II,acc,sg","f,I,acc,sg","f,I,acc,sg","f,I,acc,sg","f,I,acc,sg","f,I,acc,pl","f,I,acc,pl","f,I,acc,pl","f,I,acc,pl","f,I,acc,pl","f,I,acc,pl","f,I,acc,pl","f,I,acc,pl","f,I,acc,pl","f,I,acc,pl"
"filia:gensg","f,I,gen,sg","f,I,acc,sg","f,I,acc,pl","f,I,acc,pl","f,I,acc,pl","f,I,acc,pl","f,I,acc,pl","f,I,acc,pl","f,I,acc,pl","f,I,acc,pl","f,I,acc,pl","f,I,acc,pl","f,I,acc,pl","f,I,acc,pl","f,I,acc,pl","f,I,acc,pl"
"filia:accsg","f,I,acc,sg","f,I,acc,sg","f,I,acc,sg","f,I,acc,sg","f,I,acc,sg","f,I,acc,sg","f,I,acc,sg","f,I,acc,sg","f,I,acc,sg","f,I,acc,sg","f,I,acc,sg","f,I,acc,sg","f,I,acc,sg","f,I,acc,sg","f,I,acc,sg","f,I,acc,sg"
"filia:nompl","f,I,nom,pl","f,I,acc,sg","f,I,acc,pl","f,I,acc,pl","f,I,acc,pl","f,I,acc,pl","f,I,acc,pl","f,I,acc,pl","f,I,acc,pl","f,I,acc,pl","f,I,acc,pl","f,I,acc,pl","f,I,acc,pl","f,I,acc,pl","f,I,acc,pl","f,I,acc,pl"
"filia:genpl","f,I,gen,pl","f,I,gen,pl","f,I,acc,pl","f,I,acc,pl","f,I,acc,pl","f,I,acc,pl","f,I,acc,pl","f,I,acc,pl","f,I,acc,pl","f,I,acc,pl","f,I,acc,pl","f,I,acc,pl","f,I,acc,pl","f,I,acc,pl","f,I,acc,pl","f,I,acc,pl"
"filia:accpl","f,I,acc,pl","f,I,acc,pl","f,I,acc,pl","f,I,acc,pl","f,I,acc,pl","f,I,acc,pl","f,I,acc,pl","f,I,acc,pl","f,I,acc,pl","f,I,acc,pl","f,I,acc,pl","f,I,acc,pl","f,I,acc,pl","f,I,acc,pl","f,I,acc,pl","f,I,acc,pl"
"filius:nomsg","m,II,nom,sg","m,II,nom,sg","m,II,acc,sg","n,II,acc,sg","n,II,acc,sg","n,II,acc,sg","n,II,acc,sg","n,II,acc,sg","n,II,acc,sg","n,II,acc,sg","n,II,acc,sg","n,II,acc,sg","n,II,acc,sg","n,II,acc,sg","n,II,acc,sg","n,II,acc,sg"
"filius:gensg","m,II,gen,sg","n,II,acc,pl","n,II,acc,pl","n,II,acc,sg","n,II,acc,pl","n,II,acc,pl","n,II,acc,pl","n,II,acc,pl","n,II,acc,pl","n,II,acc,pl","n,II,acc,pl","n,II,acc,pl","n,II,acc,pl","n,II,acc,pl","n,II,acc,pl","n,II,acc,pl"
"filius:accsg","m,II,acc,sg","n,II,acc,sg","n,II,acc,sg","n,II,acc,sg","n,II,acc,sg","n,II,acc,sg","n,II,acc,sg","n,II,acc,sg","n,II,acc,sg","n,II,acc,sg","n,II,acc,sg","n,II,acc,sg","n,II,acc,sg","n,II,acc,sg","n,II,acc,sg","n,II,acc,sg"
"filius:nompl","m,II,nom,pl","n,II,acc,pl","n,II,acc,pl","n,II,acc,sg","n,II,acc,pl","n,II,acc,pl","n,II,acc,pl","n,II,acc,pl","n,II,acc,pl","n,II,acc,pl","n,II,acc,pl","n,II,acc,pl","n,II,acc,pl","n,II,acc,pl","n,II,acc,pl","n,II,acc,pl"
"filius:genpl","m,II,gen,pl","n,II,gen,pl","n,II,acc,pl","n,II,acc,pl","n,II,acc,pl","n,II,acc,pl","n,II,acc,pl","n,II,acc,sg","n,II,acc,pl","n,II,acc,pl","n,II,acc,pl","n,II,acc,pl","n,II,acc,pl","n,II,acc,pl","n,II,acc,pl","n,II,acc,pl"
"filius:accpl","m,II,acc,pl","m,II,acc,pl","n,II,acc,pl","f,II,acc,sg","n,II,acc,sg","n,II,acc,sg","n,II,acc,sg","n,II,acc,pl","n,II,acc,pl","n,II,acc,pl","n,II,acc,pl","n,II,acc,pl","n,II,acc,pl","n,II,acc,pl","n,II,acc,pl","n,II,acc,pl"
"finis:nomsg","m,III,nom,sg","f,III,acc,sg","f,III,nom,pl","f,III,acc,pl","f,III,acc,sg","f,III,acc,sg","f,III,acc,sg","f,III,acc,sg","f,III,acc,sg","f,III,acc,sg","f,III,acc,sg","f,III,acc,sg","f,III,acc,sg","f,III,acc,sg","f,III,acc,sg","f,III,acc,sg"
"finis:gensg","m,III,gen,sg","f,III,acc,sg","f,III,nom,pl","f,III,acc,pl","f,III,acc,sg","f,III,acc,sg","f,III,acc,sg","f,III,acc,sg","f,III,acc,sg","f,III,acc,sg","f,III,acc,sg","f,III,acc,sg","f,III,acc,sg","f,III,acc,sg","f,III,acc,sg","f,III,acc,sg"
"finis:accsg","m,III,acc,sg","f,III,acc,sg","f,III,acc,sg","f,III,acc,sg","f,III,acc,sg","f,III,acc,sg","f,III,acc,sg","f,III,acc,sg","f,III,acc,sg","f,III,acc,sg","f,III,acc,sg","f,III,acc,sg","f,III,acc,sg","f,III,acc,sg","f,III,acc,sg","f,III,acc,sg"
"finis:nompl","m,III,nom,pl","f,III,acc,pl","f,III,acc,pl","f,III,acc,pl","f,III,acc,pl","f,III,acc,pl","f,III,acc,pl","f,III,acc,pl","f,III,acc,pl","f,III,acc,pl","f,III,acc,pl","f,III,acc,pl","f,III,acc,pl","f,III,acc,pl","f,III,acc,pl","f,III,acc,pl"
"finis:genpl","m,III,gen,pl","f,III,gen,pl","f,III,acc,pl","n,II,acc,pl","f,III,acc,sg","n,II,acc,sg","f,III,acc,sg","f,III,acc,sg","n,II,acc,sg","f,III,acc,sg","f,III,acc,sg","f,III,acc,sg","f,III,acc,sg","f,III,acc,sg","f,III,acc,sg","f,III,acc,sg"
"finis:accpl","m,III,acc,pl","f,III,acc,pl","f,III,acc,pl","f,III,acc,pl","f,III,acc,pl","f,III,acc,pl","f,III,acc,pl","f,III,acc,pl","f,III,acc,pl","f,III,acc,pl","f,III,acc,pl","f,III,acc,pl","f,III,acc,pl","f,III,acc,pl","f,III,acc,pl","f,III,acc,pl"
"fiscella:nomsg","f,I,nom,sg","n,II,acc,sg","n,II,acc,sg","f,I,acc,sg","f,I,acc,sg","f,I,acc,pl","f,I,acc,pl","f,I,acc,sg","f,I,acc,pl","f,I,acc,pl","f,I,acc,pl","f,I,acc,pl","f,I,acc,pl","f,I,acc,pl","f,I,acc,pl","f,I,acc,pl"
"fiscella:gensg","f,I,gen,sg","f,I,acc,sg","f,II,acc,pl","f,I,acc,pl","f,I,acc,pl","f,I,acc,pl","f,I,acc,pl","f,I,acc,pl","f,I,acc,pl","f,I,acc,pl","f,I,acc,pl","f,I,acc,pl","f,I,acc,pl","f,I,acc,pl","f,I,acc,pl","f,I,acc,pl"
"fiscella:accsg","f,I,acc,sg","f,I,acc,sg","f,I,acc,sg","f,I,acc,sg","f,I,acc,sg","f,I,acc,sg","f,I,acc,sg","f,I,acc,sg","f,I,acc,sg","f,I,acc,sg","f,I,acc,sg","f,I,acc,sg","f,I,acc,sg","f,I,acc,sg","f,I,acc,sg","f,I,acc,sg"
"fiscella:nompl","f,I,nom,pl","f,I,acc,sg","f,II,acc,pl","f,I,acc,pl","f,I,acc,pl","f,I,acc,pl","f,I,acc,pl","f,I,acc,pl","f,I,acc,pl","f,I,acc,pl","f,I,acc,pl","f,I,acc,pl","f,I,acc,pl","f,I,acc,pl","f,I,acc,pl","f,I,acc,pl"
"fiscella:genpl","f,I,gen,pl","n,II,gen,pl","f,II,acc,pl","f,I,acc,pl","f,I,acc,pl","f,I,acc,pl","f,I,acc,pl","f,I,acc,pl","f,I,acc,pl","f,I,acc,pl","f,I,acc,pl","f,I,acc,pl","f,I,acc,pl","f,I,acc,pl","f,I,acc,pl","f,I,acc,pl"
"fiscella:accpl","f,I,acc,pl","f,I,acc,pl","f,I,acc,pl","f,I,acc,pl","f,I,acc,pl","f,I,acc,pl","f,I,acc,pl","f,I,acc,pl","f,I,acc,pl","f,I,acc,pl","f,I,acc,pl","f,I,acc,pl","f,I,acc,pl","f,I,acc,pl","f,I,acc,pl","f,I,acc,pl"
"flamma:nomsg","f,I,nom,sg","n,II,nom,pl","n,II,nom,pl","f,I,acc,pl","f,I,acc,pl","f,I,acc,pl","f,I,acc,pl","f,I,acc,pl","f,I,acc,pl","f,I,acc,pl","f,I,acc,pl","f,I,acc,pl","f,I,acc,pl","f,I,acc,pl","f,I,acc,pl","f,I,acc,sg"
"flamma:gensg","f,I,gen,sg","f,I,acc,pl","f,I,acc,pl","f,I,acc,pl","f,I,acc,pl","f,I,acc,pl","f,I,acc,pl","f,I,acc,pl","f,I,acc,pl","f,I,acc,pl","f,I,acc,pl","f,I,acc,pl","f,I,acc,pl","f,I,acc,pl","f,I,acc,pl","f,I,acc,pl"
"flamma:accsg","f,I,acc,sg","f,I,acc,sg","f,I,acc,sg","f,I,acc,sg","f,I,acc,sg","f,I,acc,sg","f,I,acc,sg","f,I,acc,sg","f,I,acc,sg","f,I,acc,sg","f,I,acc,sg","f,I,acc,sg","f,I,acc,sg","f,I,acc,sg","f,I,acc,sg","f,I,acc,sg"
"flamma:nompl","f,I,nom,pl","f,I,acc,pl","f,I,acc,pl","f,I,acc,pl","f,I,acc,pl","f,I,acc,pl","f,I,acc,pl","f,I,acc,pl","f,I,acc,pl","f,I,acc,pl","f,I,acc,pl","f,I,acc,pl","f,I,acc,pl","f,I,acc,pl","f,I,acc,pl","f,I,acc,pl"
"flamma:genpl","f,I,gen,pl","f,III,gen,pl","f,I,acc,pl","f,I,acc,pl","f,I,acc,pl","f,I,acc,pl","f,I,acc,pl","f,I,acc,pl","f,I,acc,pl","f,I,acc,pl","f,I,acc,pl","f,I,acc,pl","f,I,acc,pl","f,I,acc,pl","f,I,acc,pl","f,I,acc,pl"
"flamma:accpl","f,I,acc,pl","f,I,acc,pl","f,I,acc,pl","f,I,acc,pl","f,I,acc,pl","f,I,acc,pl","f,I,acc,pl","f,I,acc,pl","f,I,acc,pl","f,I,acc,pl","f,I,acc,pl","f,I,acc,pl","f,I,acc,pl","f,I,acc,pl","f,I,acc,pl","f,I,acc,pl"
"flos:nomsg","m,III,nom,sg","m,IV,acc,sg","n,III,nom,sg","n,III,nom,sg","f,III,acc,sg","f,III,acc,sg","n,II,acc,sg","n,II,acc,sg","n,II,acc,pl","n,II,acc,pl","n,II,acc,pl","n,II,acc,pl","f,III,acc,pl","n,II,acc,pl","n,II,acc,pl","n,II,acc,pl"
"flos:gensg","m,III,gen,sg","f,III,gen,sg","f,III,acc,sg","f,III,acc,sg","f,III,acc,sg","f,III,acc,sg","f,III,acc,sg","f,III,acc,pl","f,III,acc,pl","f,III,acc,pl","f,III,acc,pl","f,III,acc,pl","f,III,acc,pl","f,III,acc,pl","f,III,acc,pl","f,III,acc,pl"
"flos:accsg","m,III,acc,sg","n,III,acc,sg","m,III,acc,sg","f,III,acc,sg","f,III,acc,sg","f,III,acc,sg","f,III,acc,sg","f,III,acc,sg","f,III,acc,sg","f,III,acc,sg","f,III,acc,sg","f,III,acc,pl","f,III,acc,pl","f,III,acc,sg","f,III,acc,sg","f,III,acc,sg"
"flos:nompl","m,III,nom,pl","n,III,gen,pl","f,III,acc,pl","f,III,acc,pl","f,III,acc,pl","f,III,acc,pl","f,III,acc,pl","f,III,acc,pl","f,III,acc,pl","f,III,acc,pl","f,III,acc,pl","f,III,acc,pl","f,III,acc,pl","f,III,acc,pl","f,III,acc,pl","f,III,acc,pl"
"flos:genpl","m,III,gen,pl","f,III,gen,pl","n,II,acc,sg","f,III,acc,pl","n,II,acc,pl","f,III,acc,pl","n,II,acc,pl","n,II,acc,pl","n,II,acc,pl","n,II,acc,pl","n,II,acc,pl","n,II,acc,pl","n,II,acc,pl","n,II,acc,pl","n,II,acc,pl","n,II,acc,pl"
"flos:accpl","m,III,acc,pl","n,III,gen,pl","f,III,acc,pl","f,III,acc,pl","f,III,acc,pl","f,III,acc,pl","f,III,acc,pl","f,III,acc,pl","f,III,acc,pl","f,III,acc,pl","f,III,acc,pl","f,III,acc,pl","f,III,acc,pl","f,III,acc,pl","f,III,acc,pl","f,III,acc,pl"
"flumen:nomsg","n,III,nom,sg","n,III,acc,sg","n,III,acc,sg","n,III,acc,sg","f,III,acc,sg","f,III,acc,sg","f,III,acc,sg","f,III,acc,sg","f,III,acc,sg","f,III,acc,sg","f,III,acc,sg","f,III,acc,sg","f,III,acc,sg","f,III,acc,sg","f,III,acc,sg","f,III,acc,sg"
"flumen:gensg","n,III,gen,sg","m,III,gen,sg","m,III,acc,sg","f,III,acc,sg","f,III,acc,sg","f,III,acc,sg","f,III,acc,sg","f,III,acc,sg","f,III,acc,sg","f,III,acc,sg","f,III,acc,sg","f,III,acc,sg","f,III,acc,sg","f,III,acc,sg","f,III,acc,sg","f,III,acc,sg"
"flumen:accsg","n,III,acc,sg","n,III,acc,sg","n,III,acc,sg","n,III,acc,sg","f,III,acc,sg","f,III,acc,sg","f,III,acc,sg","f,III,acc,sg","f,III,acc,sg","f,III,acc,sg","f,III,acc,sg","f,III,acc,sg","f,III,acc,sg","f,III,acc,sg","f,III,acc,sg","f,III,acc,sg"
"flumen:nompl","n,III,nom,pl","n,III,acc,pl","n,III,acc,pl","f,III,acc,pl","f,III,acc,pl","f,III,acc,pl","f,III,acc,pl","f,III,acc,pl","f,III,acc,sg","f,III,acc,sg","f,III,acc,sg","f,III,acc,sg","f,III,acc,sg","f,III,acc,sg","f,III,acc,sg","f,III,acc,sg"
"flumen:genpl","n,III,gen,pl","f,III,acc,pl","m,III,acc,pl","n,II,acc,pl","f,III,acc,sg","f,III,acc,pl","f,III,acc,pl","f,III,acc,sg","f,III,acc,sg","f,III,acc,sg","f,III,acc,sg","f,III,acc,sg","f,III,acc,sg","f,III,acc,sg","f,III,acc,sg","f,III,acc,sg"
"flumen:accpl","n,III,acc,pl","n,III,acc,pl","n,III,acc,pl","f,III,acc,pl","f,III,acc,pl","f,III,acc,pl","f,III,acc,pl","f,III,acc,pl","f,III,acc,sg","f,III,acc,sg","f,III,acc,sg","f,III,acc,sg","f,III,acc,sg","f,III,acc,sg","f,III,acc,sg","f,III,acc,sg"
"fluvius:nomsg","m,II,nom,sg","m,II,nom,sg","m,II,acc,sg","n,II,nom,sg","f,I,acc,sg","f,III,acc,sg","n,II,acc,sg","n,II,acc,sg","n,II,acc,sg","n,II,acc,sg","n,II,acc,sg","n,II,acc,sg","n,II,acc,sg","n,II,acc,sg","n,II,acc,sg","n,II,acc,sg"
"fluvius:gensg","m,II,gen,sg","n,II,acc,sg","n,II,acc,pl","f,I,acc,pl","f,I,acc,pl","f,III,acc,pl","n,II,acc,pl","n,II,acc,pl","n,II,acc,pl","n,II,acc,pl","n,II,acc,pl","n,II,acc,pl","n,II,acc,pl","n,II,acc,pl","n,II,acc,pl","n,II,acc,pl"
"fluvius:accsg","m,II,acc,sg","n,II,acc,sg","n,II,acc,sg","f,II,acc,sg","n,II,acc,sg","n,II,acc,sg","n,II,acc,sg","n,II,acc,sg","n,II,acc,sg","n,II,acc,sg","n,II,acc,sg","n,II,acc,sg","n,II,acc,sg","n,II,acc,sg","n,II,acc,sg","n,II,acc,sg"
"fluvius:nompl","m,II,nom,pl","n,II,acc,sg","n,II,acc,pl","f,I,acc,pl","f,I,acc,pl","f,III,acc,pl","n,II,acc,pl","n,II,acc,pl","n,II,acc,pl","n,II,acc,pl","n,II,acc,pl","n,II,acc,pl","n,II,acc,pl","n,II,acc,pl","n,II,acc,pl","n,II,acc,pl"
"fluvius:genpl","m,II,gen,pl","n,II,acc,pl","n,II,acc,pl","n,II,acc,pl","f,II,acc,pl","f,III,acc,pl","n,II,acc,pl","n,II,acc,pl","n,II,acc,pl","n,II,acc,pl","n,II,acc,pl","n,II,acc,pl","n,II,acc,pl","n,II,acc,pl","n,II,acc,pl","n,II,acc,pl"
"fluvius:accpl","m,II,acc,pl","m,II,acc,pl","n,II,acc,sg","n,II,acc,pl","f,II,acc,pl","f,III,acc,sg","n,II,acc,pl","n,II,acc,pl","n,II,acc,pl","n,II,acc,pl","n,II,acc,pl","n,II,acc,pl","n,II,acc,pl","n,II,acc,pl","n,II,acc,pl","n,II,acc,pl"
"fluxus:nomsg","m,II,nom,sg","m,II,nom,sg","n,II,nom,sg","n,II,nom,sg","n,II,acc,sg","n,II,acc,sg","n,II,acc,sg","n,II,acc,sg","n,II,acc,sg","n,II,acc,sg","n,II,acc,sg","n,II,acc,sg","n,II,acc,sg","n,II,acc,sg","n,II,acc,sg","n,II,acc,sg"
"fluxus:gensg","m,II,gen,sg","n,II,gen,pl","n,II,acc,pl","n,II,acc,pl","n,II,acc,pl","n,II,acc,pl","n,II,acc,pl","n,II,acc,pl","n,II,acc,pl","n,II,acc,pl","n,II,acc,pl","n,II,acc,pl","n,II,acc,pl","n,II,acc,pl","n,II,acc,pl","n,II,acc,pl"
"fluxus:accsg","m,II,acc,sg","n,II,acc,sg","n,II,acc,sg","n,II,acc,sg","n,II,acc,sg","n,II,acc,sg","n,II,acc,sg","n,II,acc,sg","n,II,acc,sg","n,II,acc,sg","n,II,acc,sg","n,II,acc,sg","n,II,acc,sg","n,II,acc,sg","n,II,acc,sg","n,II,acc,sg"
"fluxus:nompl","m,II,nom,pl","n,II,gen,pl","n,II,acc,pl","n,II,acc,pl","n,II,acc,pl","n,II,acc,pl","n,II,acc,pl","n,II,acc,pl","n,II,acc,pl","n,II,acc,pl","n,II,acc,pl","n,II,acc,pl","n,II,acc,pl","n,II,acc,pl","n,II,acc,pl","n,II,acc,pl"
"fluxus:genpl","m,II,gen,pl","n,III,gen,pl","n,II,acc,pl","f,II,acc,pl","n,II,acc,pl","f,II,acc,pl","n,II,acc,pl","n,II,acc,pl","n,II,acc,pl","n,II,acc,pl","n,II,acc,pl","n,II,acc,pl","n,II,acc,pl","f,I,acc,pl","n,II,acc,pl","n,II,acc,sg"
"fluxus:accpl","m,II,acc,pl","m,II,acc,pl","m,II,acc,pl","m,III,acc,pl","f,III,acc,pl","f,III,acc,pl","f,III,acc,pl","n,II,acc,pl","n,II,acc,pl","n,II,acc,pl","n,II,acc,pl","f,II,acc,pl","n,II,acc,pl","f,I,acc,pl","n,II,acc,pl","n,II,acc,pl"
"folium:nomsg","n,II,nom,sg","n,II,acc,sg","n,II,acc,sg","n,II,acc,sg","n,II,acc,sg","n,II,acc,sg","n,II,acc,sg","n,II,acc,sg","n,II,acc,sg","n,II,acc,sg","n,II,acc,sg","n,II,acc,sg","n,II,acc,sg","n,II,acc,sg","n,II,acc,sg","n,II,acc,sg"
"folium:gensg","n,II,gen,sg","n,II,acc,sg","n,II,acc,pl","n,II,acc,pl","n,II,acc,pl","n,II,acc,pl","n,II,acc,pl","n,II,acc,pl","n,II,acc,pl","n,II,acc,pl","n,II,acc,pl","n,II,acc,pl","n,II,acc,pl","n,II,acc,pl","n,II,acc,pl","n,II,acc,pl"
"folium:accsg","n,II,acc,sg","n,II,acc,sg","n,II,acc,sg","n,II,acc,sg","n,II,acc,sg","n,II,acc,sg","n,II,acc,sg","n,II,acc,sg","n,II,acc,sg","n,II,acc,sg","n,II,acc,sg","n,II,acc,sg","n,II,acc,sg","n,II,acc,sg","n,II,acc,sg","n,II,acc,sg"
"folium:nompl","n,II,nom,pl","n,II,acc,pl","f,I,acc,sg","f,I,acc,sg","f,I,acc,sg","f,I,acc,sg","f,I,acc,pl","f,I,acc,pl","f,I,acc,pl","f,I,acc,pl","f,I,acc,pl","f,I,acc,pl","f,I,acc,pl","f,I,acc,pl","f,I,acc,pl","f,I,acc,pl"
"folium:genpl","n,II,gen,pl","n,II,gen,pl","n,II,acc,pl","f,II,acc,pl","n,II,acc,pl","n,II,acc,pl","n,II,acc,pl","n,II,acc,pl","n,II,acc,pl","n,II,acc,pl","n,II,acc,pl","n,II,acc,pl","n,II,acc,pl","n,II,acc,pl","n,II,acc,pl","n,II,acc,pl"
"folium:accpl","n,II,acc,pl","n,II,acc,pl","f,I,acc,sg","f,I,acc,sg","f,I,acc,sg","f,I,acc,sg","f,I,acc,pl","f,I,acc,pl","f,I,acc,pl","f,I,acc,pl","f,I,acc,pl","f,I,acc,pl","f,I,acc,pl","f,I,acc,pl","f,I,acc,pl","f,I,acc,pl"
"fons:nomsg","m,III,nom,sg","n,III,nom,sg","n,III,nom,sg","f,III,acc,sg","f,III,acc,sg","f,III,acc,sg","f,III,acc,sg","f,III,acc,sg","f,III,acc,sg","f,III,acc,sg","f,III,acc,sg","f,III,acc,sg","f,III,acc,sg","f,III,acc,sg","f,II,acc,sg","f,II,acc,sg"
"fons:gensg","m,III,gen,sg","f,III,nom,sg","f,III,acc,sg","f,III,acc,sg","f,III,acc,sg","f,III,acc,sg","f,III,acc,sg","f,III,acc,sg","f,III,acc,sg","f,III,acc,sg","f,III,acc,sg","f,III,acc,sg","f,III,acc,sg","f,III,acc,sg","f,III,acc,sg","f,III,acc,sg"
"fons:accsg","m,III,acc,sg","f,III,acc,sg","f,III,acc,sg","f,III,acc,sg","f,III,acc,sg","f,III,acc,sg","f,III,acc,sg","f,III,acc,sg","f,III,acc,sg","f,III,acc,sg","f,III,acc,sg","f,III,acc,sg","f,III,acc,sg","f,III,acc,sg","f,III,acc,sg","f,III,acc,sg"
"fons:nompl","m,III,nom,pl","f,III,acc,pl","f,III,acc,pl","f,III,acc,pl","f,III,acc,pl","f,III,acc,pl","f,III,acc,pl","f,III,acc,pl","f,III,acc,pl","f,III,acc,pl","f,III,acc,pl","f,III,acc,pl","f,III,acc,pl","f,III,acc,pl","f,III,acc,pl","f,III,acc,pl"
"fons:genpl","m,III,gen,pl","m,III,gen,pl","f,III,acc,pl","f,III,acc,pl","f,III,acc,sg","f,III,acc,sg","f,III,acc,sg","f,III,acc,sg","f,III,acc,sg","f,III,acc,sg","f,III,acc,sg","f,III,acc,sg","f,III,acc,sg","f,III,acc,sg","f,III,acc,sg","f,III,acc,sg"
"fons:accpl","m,III,acc,pl","f,III,acc,pl","f,III,acc,pl","f,III,acc,pl","f,III,acc,pl","f,III,acc,pl","f,III,acc,pl","f,III,acc,pl","f,III,acc,pl","f,III,acc,pl","f,III,acc,pl","f,III,acc,pl","f,III,acc,pl","f,III,acc,pl","f,III,acc,pl","f,III,acc,pl"
"fores:nomsg","f,III,nom,sg","f,III,nom,sg","f,III,nom,sg","f,III,acc,pl","f,III,acc,sg","f,III,acc,sg","f,III,acc,sg","f,III,acc,sg","f,III,acc,sg","f,III,acc,sg","f,III,acc,sg","f,III,acc,sg","f,III,acc,sg","f,III,acc,sg","f,III,acc,sg","f,III,acc,sg"
"fores:gensg","f,III,gen,sg","f,III,nom,sg","f,III,nom,sg","f,III,acc,pl","f,III,acc,sg","f,III,acc,sg","f,III,acc,sg","f,III,acc,sg","f,III,acc,sg","f,III,acc,sg","f,III,acc,sg","f,III,acc,sg","f,III,acc,sg","f,III,acc,sg","f,III,acc,sg","f,III,acc,sg"
"fores:accsg","f,III,acc,sg","f,III,acc,sg","f,III,acc,sg","f,III,acc,sg","f,III,acc,sg","f,III,acc,sg","f,III,acc,sg","f,III,acc,sg","f,III,acc,sg","f,III,acc,sg","f,III,acc,sg","f,III,acc,sg","f,III,acc,sg","f,III,acc,sg","f,III,acc,sg","f,III,acc,sg"
"fores:nompl","f,III,nom,pl","f,III,acc,pl","f,III,acc,pl","f,III,acc,pl","f,III,acc,pl","f,III,acc,pl","f,III,acc,pl","f,III,acc,pl","f,III,acc,pl","f,III,acc,pl","f,III,acc,pl","f,III,acc,pl","f,III,acc,pl","f,III,acc,pl","f,III,acc,pl","f,III,acc,pl"
"fores:genpl","f,III,gen,pl","f,III,gen,pl","f,III,acc,pl","n,II,acc,pl","f,III,acc,sg","f,III,acc,sg","f,III,acc,sg","f,III,acc,sg","f,II,acc,sg","f,III,acc,sg","f,III,acc,sg","f,III,acc,sg","f,III,acc,sg","f,III,acc,sg","f,III,acc,sg","f,III,acc,sg"
"fores:accpl","f,III,acc,pl","f,III,acc,pl","f,III,acc,pl","f,III,acc,pl","f,III,acc,pl","f,III,acc,pl","f,III,acc,pl","f,III,acc,pl","f,III,acc,pl","f,III,acc,pl","f,III,acc,pl","f,III,acc,pl","f,III,acc,pl","f,III,acc,pl","f,III,acc,pl","f,III,acc,pl"
"formica:nomsg","f,I,nom,sg","f,I,acc,sg","f,I,acc,sg","f,I,acc,pl","f,I,acc,pl","f,I,acc,pl","f,I,acc,pl","f,I,acc,pl","f,I,acc,pl","f,I,acc,pl","f,I,acc,pl","f,I,acc,pl","f,I,acc,pl","f,I,acc,pl","f,I,acc,pl","f,I,acc,pl"
"formica:gensg","f,I,gen,sg","f,I,gen,pl","f,I,acc,pl","f,I,acc,pl","f,I,acc,pl","f,I,acc,pl","f,I,acc,pl","n,I,acc,pl","f,I,acc,pl","f,I,acc,pl","f,I,acc,pl","f,I,acc,pl","f,I,acc,pl","f,I,acc,pl","f,I,acc,pl","f,I,acc,pl"
"formica:accsg","f,I,acc,sg","f,I,acc,sg","f,I,acc,sg","f,I,acc,sg","f,I,acc,sg","f,I,acc,sg","f,I,acc,sg","f,I,acc,sg","f,I,acc,sg","f,I,acc,sg","f,I,acc,sg","f,I,acc,sg","f,I,acc,sg","f,I,acc,sg","f,I,acc,sg","f,I,acc,sg"
"formica:nompl","f,I,nom,pl","f,I,gen,pl","f,I,acc,pl","f,I,acc,pl","f,I,acc,pl","f,I,acc,pl","f,I,acc,pl","n,I,acc,pl","f,I,acc,pl","f,I,acc,pl","f,I,acc,pl","f,I,acc,pl","f,I,acc,pl","f,I,acc,pl","f,I,acc,pl","f,I,acc,pl"
"formica:genpl","f,I,gen,pl","f,I,gen,pl","f,I,acc,pl","f,I,acc,pl","f,I,acc,pl","f,I,acc,pl","f,I,acc,pl","f,I,acc,pl","f,I,acc,pl","f,I,acc,pl","f,I,acc,pl","f,I,acc,pl","f,I,acc,pl","f,I,acc,pl","f,I,acc,pl","f,I,acc,pl"
"formica:accpl","f,I,acc,pl","f,I,acc,sg","f,I,acc,pl","f,I,acc,pl","f,I,acc,pl","f,I,acc,pl","f,I,acc,pl","f,I,acc,pl","f,I,acc,pl","f,I,acc,pl","f,I,acc,pl","f,I,acc,pl","f,I,acc,pl","f,I,acc,pl","f,I,acc,pl","f,I,acc,pl"
"forum:nomsg","n,II,nom,sg","n,II,acc,sg","n,II,acc,sg","n,II,acc,sg","n,II,acc,sg","n,II,acc,sg","n,II,acc,sg","n,II,acc,sg","n,II,acc,sg","n,II,acc,sg","n,II,acc,sg","n,II,acc,sg","n,II,acc,sg","n,II,acc,sg","n,II,acc,sg","n,II,acc,sg"
"forum:gensg","n,II,gen,sg","n,II,acc,pl","n,II,acc,pl","n,II,acc,pl","n,II,acc,pl","n,II,acc,pl","n,II,acc,pl","n,II,acc,pl","n,II,acc,pl","n,II,acc,pl","n,II,acc,pl","n,II,acc,pl","n,II,acc,pl","n,II,acc,pl","n,II,acc,pl","n,II,acc,pl"
"forum:accsg","n,II,acc,sg","n,II,acc,sg","n,II,acc,sg","n,II,acc,sg","n,II,acc,sg","n,II,acc,sg","n,II,acc,sg","n,II,acc,sg","n,II,acc,sg","n,II,acc,sg","n,II,acc,sg","n,II,acc,sg","n,II,acc,sg","n,II,acc,sg","n,II,acc,sg","n,II,acc,sg"
"forum:nompl","n,II,nom,pl","f,II,acc,pl","f,II,nom,pl","f,I,acc,pl","f,I,acc,pl","f,I,acc,pl","f,I,acc,pl","f,I,acc,pl","f,I,acc,pl","f,I,acc,pl","f,I,acc,pl","f,I,acc,pl","f,I,acc,pl","f,I,acc,pl","f,I,acc,pl","f,I,acc,pl"
"forum:genpl","n,II,gen,pl","n,II,gen,pl","n,II,acc,pl","n,II,acc,pl","n,II,acc,pl","n,II,acc,pl","n,II,acc,pl","n,II,acc,pl","n,II,acc,pl","n,II,acc,pl","n,II,acc,pl","n,II,acc,pl","n,II,acc,pl","n,II,acc,pl","n,II,acc,pl","n,II,acc,pl"
"forum:accpl","n,II,acc,pl","f,II,acc,pl","f,II,nom,pl","f,I,acc,pl","f,I,acc,pl","f,I,acc,pl","f,I,acc,pl","f,I,acc,pl","f,I,acc,pl","f,I,acc,pl","f,I,acc,pl","f,I,acc,pl","f,I,acc,pl","f,I,acc,pl","f,I,acc,pl","f,I,acc,pl"
"frater:nomsg","m,III,nom,sg","n,III,gen,pl","f,III,acc,sg","f,III,acc,sg","f,III,acc,sg","f,III,acc,sg","f,III,acc,sg","f,III,acc,sg","f,III,acc,pl","f,III,acc,pl","f,III,acc,pl","f,III,acc,pl","f,III,acc,pl","f,III,acc,pl","f,III,acc,pl","f,III,acc,sg"
"frater:gensg","m,III,gen,sg","m,III,gen,sg","f,III,acc,sg","f,III,acc,sg","f,III,acc,sg","f,III,acc,sg","f,III,acc,sg","f,III,acc,sg","f,III,acc,pl","f,III,acc,pl","f,III,acc,pl","f,III,acc,pl","f,III,acc,pl","f,III,acc,pl","f,III,acc,pl","f,III,acc,pl"
"frater:accsg","m,III,acc,sg","f,III,acc,sg","f,III,acc,sg","f,III,acc,sg","f,III,acc,sg","f,III,acc,sg","f,III,acc,sg","f,III,acc,sg","f,III,acc,sg","f,III,acc,sg","f,III,acc,sg","f,III,acc,pl","f,III,acc,pl","f,III,acc,sg","f,III,acc,sg","f,III,acc,sg"
"frater:nompl","m,III,nom,pl","m,III,acc,pl","f,III,acc,pl","f,III,acc,pl","f,III,acc,pl","f,III,acc,pl","f,III,acc,pl","f,III,acc,pl","f,III,acc,pl","f,III,acc,pl","f,III,acc,pl","f,III,acc,pl","f,III,acc,pl","f,III,acc,pl","f,III,acc,pl","f,III,acc,pl"
"frater:genpl","m,III,gen,pl","f,III,gen,pl","f,I,acc,pl","f,I,acc,pl","f,I,acc,pl","f,I,acc,pl","f,I,acc,pl","f,I,acc,pl","n,II,acc,pl","f,III,acc,pl","n,II,acc,pl","f,III,acc,pl","f,I,acc,pl","f,II,acc,pl","n,II,acc,pl","f,I,acc,pl"
"frater:accpl","m,III,acc,pl","m,III,acc,pl","f,III,acc,pl","f,III,acc,pl","f,III,acc,pl","f,III,acc,pl","f,III,acc,pl","f,III,acc,pl","f,III,acc,pl","f,III,acc,pl","f,III,acc,pl","f,III,acc,pl","f,III,acc,pl","f,III,acc,pl","f,III,acc,pl","f,III,acc,pl"
"fraxinus:nomsg","f,II,nom,sg","m,II,nom,sg","f,II,acc,sg","n,II,acc,sg","n,II,acc,sg","n,II,acc,sg","n,II,acc,sg","n,II,acc,sg","n,II,acc,pl","n,II,acc,sg","n,II,acc,sg","n,II,acc,sg","n,II,acc,sg","n,II,acc,sg","n,II,acc,sg","n,II,acc,sg"
"fraxinus:gensg","f,II,gen,sg","n,II,acc,sg","n,II,acc,pl","n,II,acc,pl","n,II,acc,pl","n,II,acc,pl","n,II,acc,pl","n,II,acc,pl","n,II,acc,pl","n,II,acc,pl","n,II,acc,pl","n,II,acc,pl","n,II,acc,pl","n,II,acc,pl","f,II,acc,pl","n,II,acc,pl"
"fraxinus:accsg","f,II,acc,sg","n,II,acc,sg","n,II,acc,sg","n,II,acc,sg","n,II,acc,sg","n,II,acc,sg","n,II,acc,sg","n,II,acc,sg","n,II,acc,sg","n,II,acc,sg","n,II,acc,sg","n,II,acc,sg","n,II,acc,sg","n,II,acc,sg","n,II,acc,sg","n,II,acc,sg"
"fraxinus:nompl","f,II,nom,pl","n,II,acc,sg","n,II,acc,pl","n,II,acc,pl","n,II,acc,pl","n,II,acc,pl","n,II,acc,pl","n,II,acc,pl","n,II,acc,pl","n,II,acc,pl","n,II,acc,pl","n,II,acc,pl","n,II,acc,pl","n,II,acc,pl","f,II,acc,pl","n,II,acc,pl"
"fraxinus:genpl","f,II,gen,pl","n,II,acc,pl","n,II,acc,pl","f,II,acc,pl","n,II,acc,pl","n,II,acc,pl","n,II,acc,pl","n,II,acc,pl","n,II,acc,pl","n,II,acc,pl","f,III,acc,pl","n,II,acc,pl","n,II,acc,pl","n,II,acc,pl","n,II,acc,pl","n,II,acc,sg"
"fraxinus:accpl","f,II,acc,pl","m,II,acc,sg","n,II,acc,pl","n,II,acc,pl","n,II,acc,pl","f,II,acc,pl","n,II,acc,sg","f,I,acc,pl","n,II,acc,pl","n,II,acc,pl","n,II,acc,pl","n,II,acc,pl","n,II,acc,pl","n,II,acc,pl","n,II,acc,pl","n,II,acc,pl"
"fremitus:nomsg","m,IV,nom,sg","n,II,nom,sg","f,II,nom,sg","f,II,acc,sg","n,II,acc,sg","f,III,acc,sg","n,II,acc,sg","n,II,acc,sg","n,II,acc,sg","n,II,acc,sg","n,II,acc,sg","n,II,acc,sg","n,II,acc,sg","n,II,acc,sg","n,II,acc,sg","n,II,acc,sg"
"fremitus:gensg","m,IV,gen,sg","m,II,acc,sg","f,II,acc,pl","f,II,acc,pl","n,II,acc,pl","n,II,acc,pl","n,II,acc,sg","n,II,acc,sg","n,II,acc,pl","n,II,acc,pl","n,II,acc,pl","n,II,acc,pl","n,II,acc,pl","n,II,acc,pl","n,II,acc,pl","n,II,acc,pl"
"fremitus:accsg","m,IV,acc,sg","n,II,acc,sg","n,II,acc,sg","n,II,acc,sg","n,II,acc,sg","n,II,acc,sg","n,II,acc,sg","n,II,acc,sg","n,II,acc,sg","n,II,acc,sg","n,II,acc,sg","n,II,acc,sg","n,II,acc,sg","n,II,acc,sg","n,II,acc,sg","n,II,acc,sg"
"fremitus:nompl","m,IV,nom,pl","m,II,acc,sg","f,II,acc,pl","f,II,acc,pl","n,II,acc,pl","n,II,acc,pl","n,II,acc,sg","n,II,acc,sg","n,II,acc,pl","n,II,acc,pl","n,II,acc,pl","n,II,acc,pl","n,II,acc,pl","n,II,acc,pl","n,II,acc,pl","n,II,acc,pl"
"fremitus:genpl","m,IV,gen,pl","m,II,acc,sg","f,I,acc,pl","f,II,acc,sg","n,II,acc,sg","n,II,acc,sg","n,II,acc,sg","n,II,acc,sg","n,II,acc,sg","n,II,acc,sg","n,II,acc,sg","n,II,acc,sg","n,II,acc,sg","n,II,acc,sg","n,II,acc,sg","n,II,acc,sg"
"fremitus:accpl","m,IV,acc,pl","m,II,acc,sg","f,II,acc,pl","f,II,acc,pl","n,II,acc,pl","n,II,acc,pl","n,II,acc,sg","n,II,acc,sg","n,II,acc,pl","n,II,acc,pl","n,II,acc,pl","n,II,acc,pl","n,II,acc,pl","n,II,acc,pl","n,II,acc,pl","n,II,acc,pl"
"frenum:nomsg","n,II,nom,sg","n,II,acc,sg","n,II,acc,sg","n,II,acc,sg","n,II,acc,sg","n,II,acc,sg","n,II,acc,sg","n,II,acc,sg","n,II,acc,sg","n,II,acc,sg","n,II,acc,sg","n,II,acc,sg","n,II,acc,sg","n,II,acc,sg","n,II,acc,sg","n,II,acc,sg"
"frenum:gensg","n,II,gen,sg","n,II,acc,pl","n,II,acc,pl","n,II,acc,pl","n,II,acc,pl","n,II,acc,pl","n,II,acc,pl","n,II,acc,pl","n,II,acc,pl","n,II,acc,pl","n,II,acc,pl","n,II,acc,pl","n,II,acc,pl","n,II,acc,pl","n,II,acc,pl","n,II,acc,pl"
"frenum:accsg","n,II,acc,sg","n,II,acc,sg","n,II,acc,sg","n,II,acc,sg","n,II,acc,sg","n,II,acc,sg","n,II,acc,sg","n,II,acc,sg","n,II,acc,sg","n,II,acc,sg","n,II,acc,sg","n,II,acc,sg","n,II,acc,sg","n,II,acc,sg","n,II,acc,sg","n,II,acc,sg"
"frenum:nompl","n,II,nom,pl","n,II,nom,pl","n,II,nom,pl","f,I,acc,pl","f,I,acc,pl","f,I,acc,pl","f,I,acc,pl","f,I,acc,pl","f,I,acc,pl","f,I,acc,pl","f,I,acc,pl","f,I,acc,pl","f,I,acc,pl","f,I,acc,pl","f,I,acc,pl","f,I,acc,pl"
"frenum:genpl","n,II,gen,pl","n,II,acc,pl","n,II,acc,pl","n,II,acc,pl","n,II,acc,pl","n,II,acc,pl","n,II,acc,pl","n,II,acc,pl","n,II,acc,pl","n,II,acc,sg","n,II,acc,pl","n,III,acc,pl","n,II,acc,pl","n,II,acc,pl","n,II,acc,pl","n,II,acc,pl"
"frenum:accpl","n,II,acc,pl","n,II,nom,pl","n,II,nom,pl","f,I,acc,pl","f,I,acc,pl","f,I,acc,pl","f,I,acc,pl","f,I,acc,pl","f,I,acc,pl","f,I,acc,pl","f,I,acc,pl","f,I,acc,pl","f,I,acc,pl","f,I,acc,pl","f,I,acc,pl","f,I,acc,pl"
"frons:nomsg","f,III,nom,sg","n,II,acc,sg","n,II,acc,sg","n,II,nom,pl","f,III,acc,pl","f,III,acc,pl","f,III,acc,pl","f,III,acc,sg","f,III,acc,sg","f,III,acc,sg","f,III,acc,sg","f,III,acc,sg","f,I,acc,pl","n,II,acc,sg","n,II,acc,sg","n,II,acc,sg"
"frons:gensg","f,III,gen,sg","n,III,nom,sg","f,III,nom,pl","f,III,acc,pl","f,III,nom,sg","f,III,acc,sg","f,III,acc,sg","f,III,acc,sg","f,III,acc,sg","f,III,acc,sg","f,III,acc,sg","f,III,acc,sg","f,III,acc,sg","f,III,acc,sg","f,III,acc,sg","f,III,acc,sg"
"frons:accsg","f,III,acc,sg","f,III,acc,sg","f,III,acc,sg","f,III,acc,sg","f,III,acc,sg","f,III,acc,sg","f,III,acc,sg","f,III,acc,sg","f,III,acc,sg","f,III,acc,sg","f,III,acc,sg","f,III,acc,sg","f,III,acc,sg","f,III,acc,sg","f,III,acc,sg","f,III,acc,sg"
"frons:nompl","f,III,nom,pl","f,III,acc,pl","f,III,acc,pl","f,III,acc,pl","f,III,acc,pl","f,III,acc,pl","f,III,acc,pl","f,III,acc,pl","f,III,acc,pl","f,III,acc,pl","f,III,acc,pl","f,III,acc,pl","f,III,acc,pl","f,III,acc,pl","f,III,acc,pl","f,III,acc,pl"
"frons:genpl","f,III,gen,pl","f,III,acc,pl","f,III,acc,pl","f,III,acc,pl","f,III,acc,sg","f,III,acc,sg","f,III,acc,sg","f,III,acc,sg","f,III,acc,sg","f,III,acc,sg","f,III,acc,sg","f,III,acc,sg","f,III,acc,sg","f,III,acc,sg","f,III,acc,sg","f,III,acc,sg"
"frons:accpl","f,III,acc,pl","f,III,acc,pl","f,III,acc,pl","f,III,acc,pl","f,III,acc,pl","f,III,acc,pl","f,III,acc,pl","f,III,acc,pl","f,III,acc,pl","f,III,acc,pl","f,III,acc,pl","f,III,acc,pl","f,III,acc,pl","f,III,acc,pl","f,III,acc,pl","f,III,acc,pl"
"frons2:nomsg","f,III,nom,sg","n,II,nom,pl","n,III,nom,sg","n,III,nom,sg","f,III,acc,pl","f,III,acc,pl","f,III,acc,sg","f,III,acc,sg","f,III,acc,sg","f,III,acc,sg","f,III,acc,sg","f,III,acc,sg","f,III,acc,sg","n,II,acc,sg","n,II,acc,sg","n,II,acc,sg"
"frons2:gensg","f,III,gen,sg","f,III,nom,sg","f,III,acc,pl","f,III,nom,pl","f,III,acc,sg","f,III,acc,sg","f,III,acc,sg","f,III,acc,sg","f,III,acc,sg","f,III,acc,sg","f,III,acc,sg","f,III,acc,sg","f,III,acc,sg","f,III,acc,sg","f,III,acc,sg","f,III,acc,sg"
"frons2:accsg","f,III,acc,sg","f,III,acc,sg","f,III,acc,sg","f,III,acc,sg","f,III,acc,sg","f,III,acc,sg","f,III,acc,sg","f,III,acc,sg","f,III,acc,sg","f,III,acc,sg","f,III,acc,sg","f,III,acc,sg","f,III,acc,sg","f,III,acc,sg","f,III,acc,sg","f,III,acc,sg"
"frons2:nompl","f,III,nom,pl","f,III,acc,pl","f,III,acc,pl","f,III,acc,pl","f,III,acc,pl","f,III,acc,pl","f,III,acc,pl","f,III,acc,pl","f,III,acc,pl","f,III,acc,pl","f,III,acc,pl","f,III,acc,pl","f,III,acc,pl","f,III,acc,pl","f,III,acc,pl","f,III,acc,pl"
"frons2:genpl","f,III,gen,pl","n,III,gen,pl","f,III,acc,pl","f,III,acc,pl","f,III,acc,sg","f,III,acc,sg","f,III,acc,sg","f,III,acc,sg","f,III,acc,sg","f,III,acc,sg","f,III,acc,sg","f,III,acc,sg","f,III,acc,sg","f,III,acc,sg","f,III,acc,sg","f,III,acc,sg"
"frons2:accpl","f,III,acc,pl","f,III,acc,pl","f,III,acc,pl","f,III,acc,pl","f,III,acc,pl","f,III,acc,pl","f,III,acc,pl","f,III,acc,pl","f,III,acc,pl","f,III,acc,pl","f,III,acc,pl","f,III,acc,pl","f,III,acc,pl","f,III,acc,pl","f,III,acc,pl","f,III,acc,pl"
"frux:nomsg","f,III,nom,sg","f,III,nom,sg","m,IV,nom,sg","f,I,nom,sg","n,II,nom,sg","n,II,acc,sg","n,II,acc,sg","n,II,acc,sg","n,II,acc,pl","n,II,acc,pl","n,II,acc,pl","n,II,acc,pl","n,II,acc,pl","n,II,acc,pl","n,II,acc,pl","n,II,acc,pl"
"frux:gensg","f,III,gen,sg","f,III,gen,sg","f,III,gen,sg","f,III,acc,sg","f,III,acc,sg","f,III,acc,pl","f,III,acc,pl","f,III,acc,pl","f,III,acc,pl","f,III,acc,pl","f,III,acc,pl","f,III,acc,pl","f,III,acc,pl","f,III,acc,pl","f,III,acc,pl","f,III,acc,pl"
"frux:accsg","f,III,acc,sg","f,III,acc,sg","f,III,acc,sg","f,III,acc,sg","f,III,acc,sg","f,III,acc,sg","f,III,acc,sg","f,III,acc,sg","f,III,acc,sg","f,III,acc,sg","f,III,acc,sg","f,III,acc,sg","f,III,acc,sg","f,III,acc,sg","f,III,acc,sg","f,III,acc,sg"
"frux:nompl","f,III,nom,pl","f,III,acc,pl","f,III,acc,pl","f,III,acc,pl","f,III,acc,pl","f,III,acc,pl","f,III,acc,pl","f,III,acc,pl","f,III,acc,pl","f,III,acc,pl","f,III,acc,pl","f,III,acc,pl","f,III,acc,pl","f,III,acc,pl","f,III,acc,pl","f,III,acc,pl"
"frux:genpl","f,III,gen,pl","f,III,gen,pl","m,II,gen,pl","f,II,acc,pl","n,II,acc,pl","n,II,acc,pl","n,II,acc,pl","n,II,acc,pl","n,II,acc,pl","n,II,acc,pl","n,II,acc,pl","n,II,acc,pl","n,II,acc,pl","n,II,acc,pl","n,II,acc,pl","n,II,acc,pl"
"frux:accpl","f,III,acc,pl","f,III,acc,pl","f,III,acc,pl","f,III,acc,pl","f,III,acc,pl","f,III,acc,pl","f,III,acc,pl","f,III,acc,pl","f,III,acc,pl","f,III,acc,pl","f,III,acc,pl","f,III,acc,pl","f,III,acc,pl","f,III,acc,pl","f,III,acc,pl","f,III,acc,pl"
"fulgur:nomsg","n,III,nom,sg","n,III,acc,sg","n,III,acc,sg","n,II,acc,sg","n,II,acc,sg","n,II,acc,sg","n,II,acc,sg","n,II,acc,sg","n,II,acc,sg","n,II,acc,sg","n,II,acc,sg","n,II,acc,sg","n,II,acc,sg","n,II,acc,sg","n,II,acc,sg","n,II,acc,sg"
"fulgur:gensg","n,III,gen,sg","f,III,acc,sg","f,III,acc,sg","f,III,acc,sg","f,III,acc,sg","f,III,acc,sg","f,III,acc,sg","f,III,acc,sg","f,III,acc,sg","f,I,acc,sg","f,III,acc,sg","f,III,acc,sg","f,III,acc,sg","f,III,acc,sg","f,III,acc,sg","f,III,acc,sg"
"fulgur:accsg","n,III,acc,sg","n,III,acc,sg","n,III,acc,sg","n,II,acc,sg","n,II,acc,sg","n,II,acc,sg","n,II,acc,sg","n,II,acc,sg","n,II,acc,sg","n,II,acc,sg","n,II,acc,sg","n,II,acc,sg","n,II,acc,sg","n,II,acc,sg","n,II,acc,sg","n,II,acc,sg"
"fulgur:nompl","n,III,nom,pl","n,II,acc,pl","n,II,acc,pl","n,II,acc,pl","n,II,acc,pl","n,II,acc,pl","n,II,acc,pl","n,II,acc,sg","n,II,acc,sg","n,II,acc,pl","n,II,acc,pl","n,II,acc,sg","n,II,acc,sg","n,II,acc,pl","n,II,acc,sg","n,II,acc,sg"
"fulgur:genpl","n,III,gen,pl","f,II,gen,pl","n,II,acc,pl","n,II,acc,sg","n,II,acc,pl","n,II,acc,pl","n,II,acc,pl","n,II,acc,pl","n,II,acc,sg","n,II,acc,sg","n,II,acc,sg","n,III,acc,sg","n,II,acc,sg","n,II,acc,sg","n,II,acc,sg","n,II,acc,sg"
"fulgur:accpl","n,III,acc,pl","n,II,acc,pl","n,II,acc,pl","n,II,acc,pl","n,II,acc,pl","n,II,acc,pl","n,II,acc,pl","n,II,acc,sg","n,II,acc,sg","n,II,acc,pl","n,II,acc,pl","n,II,acc,sg","n,II,acc,sg","n,II,acc,pl","n,II,acc,sg","n,II,acc,sg"
"fumus:nomsg","m,II,nom,sg","n,II,nom,sg","m,II,acc,sg","n,II,acc,sg","n,II,acc,sg","n,II,acc,sg","n,II,acc,sg","n,II,acc,sg","n,II,acc,sg","n,II,acc,sg","n,II,acc,sg","n,II,acc,sg","n,II,acc,sg","n,II,acc,sg","n,II,acc,sg","n,II,acc,sg"
"fumus:gensg","m,II,gen,sg","n,II,gen,pl","n,II,acc,pl","n,II,acc,pl","n,II,acc,pl","n,II,acc,pl","n,II,acc,pl","n,II,acc,pl","n,II,acc,pl","n,II,acc,pl","n,II,acc,pl","n,II,acc,pl","n,II,acc,pl","n,II,acc,pl","n,II,acc,pl","n,II,acc,pl"
"fumus:accsg","m,II,acc,sg","n,II,acc,sg","n,II,acc,sg","n,II,acc,sg","n,II,acc,sg","n,II,acc,sg","n,II,acc,sg","n,II,acc,sg","n,II,acc,sg","n,II,acc,sg","n,II,acc,sg","n,II,acc,sg","n,II,acc,sg","n,II,acc,sg","n,II,acc,sg","n,II,acc,sg"
"fumus:nompl","m,II,nom,pl","n,II,gen,pl","n,II,acc,pl","n,II,acc,pl","n,II,acc,pl","n,II,acc,pl","n,II,acc,pl","n,II,acc,pl","n,II,acc,pl","n,II,acc,pl","n,II,acc,pl","n,II,acc,pl","n,II,acc,pl","n,II,acc,pl","n,II,acc,pl","n,II,acc,pl"
"fumus:genpl","m,II,gen,pl","n,II,gen,pl","n,II,acc,pl","n,II,acc,pl","n,II,acc,pl","n,II,acc,pl","n,II,acc,pl","n,II,acc,pl","n,II,acc,pl","n,II,acc,pl","n,II,acc,pl","n,II,acc,pl","n,II,acc,pl","n,II,acc,pl","n,II,acc,pl","n,II,acc,pl"
"fumus:accpl","m,II,acc,pl","m,II,acc,pl","m,III,acc,pl","f,III,acc,pl","n,II,acc,pl","n,II,acc,pl","n,II,acc,pl","n,II,acc,pl","n,II,acc,pl","n,II,acc,pl","n,II,acc,pl","n,II,acc,pl","n,II,acc,pl","n,II,acc,pl","n,II,acc,pl","n,II,acc,pl"
"fundus:nomsg","m,II,nom,sg","n,II,nom,sg","n,II,nom,sg","n,II,nom,sg","n,II,acc,sg","n,II,acc,sg","n,II,acc,sg","n,II,acc,sg","n,II,acc,sg","n,II,acc,sg","n,II,acc,sg","n,II,acc,sg","n,II,acc,sg","n,II,acc,sg","n,II,acc,sg","n,II,acc,sg"
"fundus:gensg","m,II,gen,sg","n,II,gen,sg","n,II,acc,pl","n,II,acc,pl","n,II,acc,pl","n,II,acc,pl","n,II,acc,pl","n,II,acc,pl","n,II,acc,pl","n,II,acc,pl","n,II,acc,pl","n,II,acc,pl","n,II,acc,pl","n,II,acc,pl","n,II,acc,pl","n,II,acc,pl"
"fundus:accsg","m,II,acc,sg","n,II,acc,sg","n,II,acc,sg","n,II,acc,sg","n,II,acc,sg","n,II,acc,sg","n,II,acc,sg","n,II,acc,sg","n,II,acc,sg","n,II,acc,sg","n,II,acc,sg","n,II,acc,sg","n,II,acc,sg","n,II,acc,sg","n,II,acc,sg","n,II,acc,sg"
"fundus:nompl","m,II,nom,pl","n,II,gen,sg","n,II,acc,pl","n,II,acc,pl","n,II,acc,pl","n,II,acc,pl","n,II,acc,pl","n,II,acc,pl","n,II,acc,pl","n,II,acc,pl","n,II,acc,pl","n,II,acc,pl","n,II,acc,pl","n,II,acc,pl","n,II,acc,pl","n,II,acc,pl"
"fundus:genpl","m,II,gen,pl","n,II,gen,pl","n,II,acc,pl","f,II,acc,pl","n,II,acc,pl","n,II,acc,pl","n,II,acc,pl","n,II,acc,pl","n,II,acc,pl","n,II,acc,pl","n,II,acc,pl","n,II,acc,pl","n,II,acc,pl","n,II,acc,pl","n,II,acc,pl","n,II,acc,pl"
"fundus:accpl","m,II,acc,pl","m,II,acc,pl","m,III,acc,pl","f,III,acc,pl","f,II,acc,pl","n,II,acc,pl","f,III,acc,pl","f,I,acc,pl","n,II,acc,pl","n,II,acc,pl","n,II,acc,pl","n,II,acc,pl","n,II,acc,pl","n,II,acc,pl","n,II,acc,pl","n,II,acc,pl"
"funiculus:nomsg","m,II,nom,sg","m,II,acc,pl","f,II,acc,pl","n,II,acc,sg","n,II,nom,sg","n,II,acc,sg","n,II,acc,sg","n,II,acc,sg","n,II,acc,sg","n,II,acc,sg","n,II,acc,sg","n,II,acc,sg","n,II,acc,sg","n,II,acc,sg","n,II,acc,sg","n,II,acc,sg"
"funiculus:gensg","m,II,gen,sg","n,II,gen,pl","n,II,acc,pl","n,II,acc,pl","n,II,acc,pl","n,II,acc,pl","n,II,acc,pl","n,II,acc,pl","n,II,acc,pl","n,II,acc,pl","n,II,acc,pl","n,II,acc,pl","n,II,acc,pl","n,II,acc,pl","n,II,acc,pl","n,II,acc,pl"
"funiculus:accsg","m,II,acc,sg","n,II,acc,sg","n,II,acc,sg","n,II,acc,sg","n,II,acc,sg","n,II,acc,sg","n,II,acc,sg","n,II,acc,sg","n,II,acc,sg","n,II,acc,sg","n,II,acc,sg","n,II,acc,sg","n,II,acc,sg","n,II,acc,sg","n,II,acc,sg","n,II,acc,sg"
"funiculus:nompl","m,II,nom,pl","n,II,gen,pl","n,II,acc,pl","n,II,acc,pl","n,II,acc,pl","n,II,acc,pl","n,II,acc,pl","n,II,acc,pl","n,II,acc,pl","n,II,acc,pl","n,II,acc,pl","n,II,acc,pl","n,II,acc,pl","n,II,acc,pl","n,II,acc,pl","n,II,acc,pl"
"funiculus:genpl","m,II,gen,pl","m,II,gen,pl","n,II,acc,pl","f,II,acc,pl","n,II,acc,pl","n,II,acc,pl","n,II,acc,pl","n,II,acc,pl","n,II,acc,pl","n,II,acc,sg","n,II,acc,pl","n,II,acc,pl","n,II,acc,pl","n,II,acc,sg","n,II,acc,pl","n,II,acc,pl"
"funiculus:accpl","m,II,acc,pl","m,II,acc,pl","n,II,acc,pl","f,II,acc,pl","n,II,acc,pl","f,II,acc,pl","n,II,acc,pl","n,II,acc,pl","n,II,acc,pl","n,II,acc,pl","n,II,acc,pl","n,II,acc,pl","n,II,acc,pl","n,II,acc,sg","n,II,acc,pl","n,II,acc,pl"
"funis:nomsg","m,III,nom,sg","n,III,nom,sg","f,III,acc,sg","f,III,acc,sg","f,III,acc,sg","f,III,acc,sg","f,III,acc,sg","f,III,acc,sg","f,III,acc,sg","f,III,acc,sg","f,III,acc,sg","f,III,acc,sg","f,III,acc,sg","f,III,acc,sg","f,III,acc,sg","f,III,acc,sg"
"funis:gensg","m,III,gen,sg","n,III,nom,sg","f,III,acc,sg","f,III,acc,sg","f,III,acc,sg","f,III,acc,sg","f,III,acc,sg","f,III,acc,sg","f,III,acc,sg","f,III,acc,sg","f,III,acc,sg","f,III,acc,sg","f,III,acc,sg","f,III,acc,sg","f,III,acc,sg","f,III,acc,sg"
"funis:accsg","m,III,acc,sg","f,III,acc,sg","f,III,acc,sg","f,III,acc,sg","f,III,acc,sg","f,III,acc,sg","f,III,acc,sg","f,III,acc,sg","f,III,acc,sg","f,III,acc,sg","f,III,acc,sg","f,III,acc,sg","f,III,acc,sg","f,III,acc,sg","f,III,acc,sg","f,III,acc,sg"
"funis:nompl","m,III,nom,pl","f,III,acc,pl","f,III,acc,pl","f,III,acc,pl","f,III,acc,pl","f,III,acc,pl","f,III,acc,pl","f,III,acc,pl","f,III,acc,pl","f,III,acc,pl","f,III,acc,pl","f,III,acc,pl","f,III,acc,pl","f,III,acc,pl","f,III,acc,pl","f,III,acc,pl"
"funis:genpl","m,III,gen,pl","m,III,gen,pl","f,III,acc,pl","n,II,acc,sg","f,II,acc,sg","n,II,acc,sg","f,III,acc,sg","f,III,acc,sg","f,III,acc,sg","n,III,acc,sg","f,III,acc,sg","f,III,acc,sg","f,III,acc,sg","f,III,acc,sg","f,III,acc,sg","f,III,acc,sg"
"funis:accpl","m,III,acc,pl","f,III,acc,pl","f,III,acc,pl","f,III,acc,pl","f,III,acc,pl","f,III,acc,pl","f,III,acc,pl","f,III,acc,pl","f,III,acc,pl","f,III,acc,pl","f,III,acc,pl","f,III,acc,pl","f,III,acc,pl","f,III,acc,pl","f,III,acc,pl","f,III,acc,pl"
"furnus:nomsg","m,II,nom,sg","n,II,nom,sg","n,II,nom,sg","n,II,nom,sg","n,II,acc,sg","n,II,acc,sg","n,II,acc,sg","n,II,acc,sg","n,II,acc,sg","n,II,acc,sg","n,II,acc,sg","n,II,acc,sg","n,II,acc,sg","n,II,acc,sg","n,II,acc,sg","n,II,acc,sg"
"furnus:gensg","m,II,gen,sg","n,II,gen,sg","n,II,acc,pl","n,II,acc,pl","n,II,acc,pl","n,II,acc,pl","n,II,acc,pl","n,II,acc,pl","n,II,acc,pl","n,II,acc,pl","n,II,acc,pl","n,II,acc,pl","n,II,acc,pl","n,II,acc,pl","n,II,acc,pl","n,II,acc,pl"
"furnus:accsg","m,II,acc,sg","n,II,acc,sg","n,II,acc,sg","n,II,acc,sg","n,II,acc,sg","n,II,acc,sg","n,II,acc,sg","n,II,acc,sg","n,II,acc,sg","n,II,acc,sg","n,II,acc,sg","n,II,acc,sg","n,II,acc,sg","n,II,acc,sg","n,II,acc,sg","n,II,acc,sg"
"furnus:nompl","m,II,nom,pl","n,II,gen,sg","n,II,acc,pl","n,II,acc,pl","n,II,acc,pl","n,II,acc,pl","n,II,acc,pl","n,II,acc,pl","n,II,acc,pl","n,II,acc,pl","n,II,acc,pl","n,II,acc,pl","n,II,acc,pl","n,II,acc,pl","n,II,acc,pl","n,II,acc,pl"
"furnus:genpl","m,II,gen,pl","n,II,gen,pl","n,II,acc,pl","n,II,acc,pl","f,II,acc,pl","f,III,acc,pl","n,II,acc,pl","n,II,acc,pl","n,II,acc,pl","n,II,acc,pl","n,II,acc,pl","n,II,acc,pl","n,II,acc,pl","n,II,acc,pl","n,II,acc,pl","n,II,acc,pl"
"furnus:accpl","m,II,acc,pl","m,II,acc,pl","m,III,acc,sg","n,III,acc,pl","f,III,acc,pl","f,III,acc,pl","n,II,acc,pl","f,I,acc,pl","n,II,acc,pl","n,II,acc,pl","n,II,acc,pl","n,II,acc,pl","n,II,acc,pl","n,II,acc,pl","n,II,acc,pl","n,II,acc,pl"
"furor:nomsg","m,III,nom,sg","n,III,acc,sg","n,III,acc,sg","n,II,nom,sg","n,II,acc,sg","f,III,acc,sg","f,III,acc,sg","f,III,acc,sg","f,III,acc,sg","f,III,acc,sg","f,III,acc,sg","f,III,acc,sg","f,III,acc,sg","f,III,acc,sg","f,III,acc,sg","f,III,acc,sg"
"furor:gensg","m,III,gen,sg","m,III,gen,sg","m,III,acc,pl","f,III,acc,pl","f,III,acc,pl","f,III,acc,pl","f,III,acc,pl","f,III,acc,pl","f,III,acc,pl","f,III,acc,pl","f,III,acc,pl","f,III,acc,pl","f,III,acc,pl","f,III,acc,pl","f,III,acc,pl","f,III,acc,pl"
"furor:accsg","m,III,acc,sg","f,III,acc,sg","f,III,acc,sg","f,III,acc,sg","f,III,acc,sg","f,III,acc,sg","f,III,acc,sg","f,III,acc,sg","f,III,acc,sg","f,III,acc,sg","f,III,acc,sg","f,III,acc,sg","f,III,acc,sg","f,III,acc,sg","f,III,acc,sg","f,III,acc,sg"
"furor:nompl","m,III,nom,pl","n,III,acc,pl","f,III,acc,pl","f,III,acc,pl","f,III,acc,pl","f,III,acc,pl","f,III,acc,pl","f,III,acc,pl","f,III,acc,pl","f,III,acc,pl","f,III,acc,pl","f,III,acc,pl","f,III,acc,pl","f,III,acc,pl","f,III,acc,pl","f,III,acc,sg"
"furor:genpl","m,III,gen,pl","n,III,gen,pl","n,II,acc,pl","n,II,acc,pl","n,II,acc,pl","n,II,acc,pl","n,II,acc,pl","n,II,acc,pl","n,II,acc,pl","n,II,acc,pl","n,II,acc,pl","n,II,acc,pl","n,II,acc,pl","n,II,acc,pl","n,II,acc,pl","n,II,acc,sg"
"furor:accpl","m,III,acc,pl","n,III,acc,pl","f,III,acc,pl","f,III,acc,pl","f,III,acc,pl","f,III,acc,pl","f,III,acc,pl","f,III,acc,pl","f,III,acc,pl","f,III,acc,pl","f,III,acc,pl","f,III,acc,pl","f,III,acc,pl","f,III,acc,pl","f,III,acc,pl","f,III,acc,sg"
"furtum:nomsg","n,II,nom,sg","n,II,acc,sg","n,II,acc,sg","n,II,acc,sg","n,II,acc,sg","n,II,acc,sg","n,II,acc,sg","n,II,acc,sg","n,II,acc,sg","n,II,acc,sg","n,II,acc,sg","n,II,acc,sg","n,II,acc,sg","n,II,acc,sg","n,II,acc,sg","n,II,acc,sg"
"furtum:gensg","n,II,gen,sg","n,II,gen,sg","f,II,acc,pl","n,II,acc,pl","n,II,acc,pl","n,II,acc,pl","n,II,acc,pl","n,II,acc,pl","n,II,acc,pl","n,II,acc,pl","n,II,acc,pl","n,II,acc,pl","n,II,acc,pl","n,II,acc,pl","n,II,acc,pl","n,II,acc,pl"
"furtum:accsg","n,II,acc,sg","n,II,acc,sg","n,II,acc,sg","n,II,acc,sg","n,II,acc,sg","n,II,acc,sg","n,II,acc,sg","n,II,acc,sg","n,II,acc,sg","n,II,acc,sg","n,II,acc,sg","n,II,acc,sg","n,II,acc,sg","n,II,acc,sg","n,II,acc,sg","n,II,acc,sg"
"furtum:nompl","n,II,nom,pl","f,I,nom,sg","f,II,nom,pl","f,I,acc,pl","f,I,acc,pl","f,I,acc,pl","f,I,acc,pl","f,I,acc,pl","f,I,acc,pl","f,I,acc,pl","f,I,acc,pl","f,I,acc,pl","f,I,acc,pl","f,I,acc,pl","f,I,acc,pl","f,I,acc,pl"
"furtum:genpl","n,II,gen,pl","n,II,gen,pl","n,II,acc,pl","f,III,acc,pl","n,II,acc,pl","n,II,acc,pl","n,II,acc,pl","n,II,acc,pl","n,II,acc,pl","n,II,acc,pl","n,II,acc,pl","n,II,acc,pl","n,II,acc,pl","n,II,acc,pl","n,II,acc,pl","n,II,acc,pl"
"furtum:accpl","n,II,acc,pl","f,I,nom,sg","f,II,nom,pl","f,I,acc,pl","f,I,acc,pl","f,I,acc,pl","f,I,acc,pl","f,I,acc,pl","f,I,acc,pl","f,I,acc,pl","f,I,acc,pl","f,I,acc,pl","f,I,acc,pl","f,I,acc,pl","f,I,acc,pl","f,I,acc,pl"
"gaudium:nomsg","n,II,nom,sg","n,II,acc,sg","n,II,acc,sg","n,II,acc,sg","n,II,acc,sg","n,II,acc,sg","n,II,acc,sg","n,II,acc,sg","n,II,acc,sg","n,II,acc,sg","n,II,acc,sg","n,II,acc,sg","n,II,acc,sg","n,II,acc,sg","n,II,acc,sg","n,II,acc,sg"
"gaudium:gensg","n,II,gen,sg","n,II,gen,pl","n,II,acc,pl","n,II,acc,pl","n,II,acc,pl","n,II,acc,pl","n,II,acc,pl","n,II,acc,pl","n,II,acc,pl","n,II,acc,pl","n,II,acc,pl","n,II,acc,pl","n,II,acc,pl","n,II,acc,pl","n,II,acc,pl","n,II,acc,pl"
"gaudium:accsg","n,II,acc,sg","n,II,acc,sg","n,II,acc,sg","n,II,acc,sg","n,II,acc,sg","n,II,acc,sg","n,II,acc,sg","n,II,acc,sg","n,II,acc,sg","n,II,acc,sg","n,II,acc,sg","n,II,acc,sg","n,II,acc,sg","n,II,acc,sg","n,II,acc,sg","n,II,acc,sg"
"gaudium:nompl","n,II,nom,pl","f,II,acc,sg","f,II,acc,pl","f,I,acc,pl","f,I,acc,pl","f,I,acc,pl","f,I,acc,pl","f,I,acc,pl","f,I,acc,pl","f,I,acc,pl","f,I,acc,pl","f,I,acc,pl","f,I,acc,pl","f,I,acc,pl","f,I,acc,pl","f,I,acc,pl"
"gaudium:genpl","n,II,gen,pl","n,II,gen,pl","n,II,acc,pl","f,II,acc,pl","n,II,acc,pl","n,II,acc,pl","n,II,acc,pl","n,II,acc,pl","n,II,acc,pl","n,II,acc,pl","n,II,acc,pl","n,II,acc,pl","n,II,acc,pl","n,II,acc,pl","n,II,acc,pl","n,II,acc,pl"
"gaudium:accpl","n,II,acc,pl","f,II,acc,sg","f,II,acc,pl","f,I,acc,pl","f,I,acc,pl","f,I,acc,pl","f,I,acc,pl","f,I,acc,pl","f,I,acc,pl","f,I,acc,pl","f,I,acc,pl","f,I,acc,pl","f,I,acc,pl","f,I,acc,pl","f,I,acc,pl","f,I,acc,pl"
"gens:nomsg","f,III,nom,sg","n,II,nom,sg","n,II,nom,sg","n,III,nom,sg","f,III,acc,sg","f,III,acc,sg","f,III,acc,sg","f,III,acc,sg","f,III,acc,sg","f,III,acc,sg","f,III,acc,sg","f,III,acc,sg","f,I,acc,sg","n,II,acc,sg","n,II,acc,sg","n,II,acc,sg"
"gens:gensg","f,III,gen,sg","f,III,nom,sg","n,III,nom,sg","f,III,acc,sg","f,III,nom,sg","f,III,acc,sg","f,III,acc,sg","f,III,acc,sg","f,III,acc,sg","f,III,acc,sg","f,III,acc,sg","f,III,acc,sg","f,III,acc,sg","f,III,acc,sg","f,III,acc,sg","f,III,acc,sg"
"gens:accsg","f,III,acc,sg","f,III,acc,sg","f,III,acc,sg","f,III,acc,sg","f,III,acc,sg","f,III,acc,sg","f,III,acc,sg","f,III,acc,sg","f,III,acc,sg","f,III,acc,sg","f,III,acc,sg","f,III,acc,sg","f,III,acc,sg","f,III,acc,sg","f,III,acc,sg","f,III,acc,sg"
"gens:nompl","f,III,nom,pl","f,III,acc,pl","f,III,acc,pl","f,III,acc,pl","f,III,acc,pl","f,III,acc,pl","f,III,acc,pl","f,III,acc,pl","f,III,acc,pl","f,III,acc,pl","f,III,acc,pl","f,III,acc,pl","f,III,acc,pl","f,III,acc,pl","f,III,acc,pl","f,III,acc,pl"
"gens:genpl","f,III,gen,pl","m,III,gen,pl","f,III,acc,pl","f,III,acc,sg","f,III,acc,sg","f,III,acc,sg","f,III,acc,sg","f,III,acc,sg","f,III,acc,sg","f,III,acc,sg","f,III,acc,sg","f,III,acc,sg","f,III,acc,sg","f,III,acc,sg","f,III,acc,sg","f,III,acc,sg"
"gens:accpl","f,III,acc,pl","f,III,acc,pl","f,III,acc,pl","f,III,acc,pl","f,III,acc,pl","f,III,acc,pl","f,III,acc,pl","f,III,acc,pl","f,III,acc,pl","f,III,acc,pl","f,III,acc,pl","f,III,acc,pl","f,III,acc,pl","f,III,acc,pl","f,III,acc,pl","f,III,acc,pl"
"genus:nomsg","n,III,nom,sg","n,II,nom,sg","n,II,nom,sg","n,II,acc,sg","n,II,nom,sg","n,II,acc,sg","n,II,acc,sg","n,II,acc,sg","n,II,acc,sg","n,II,acc,sg","n,II,acc,sg","n,II,acc,sg","n,II,acc,sg","n,II,acc,sg","n,II,acc,sg","n,II,acc,sg"
"genus:gensg","n,III,gen,sg","m,III,gen,sg","m,III,acc,sg","f,III,acc,sg","f,III,acc,sg","f,III,acc,sg","f,III,acc,sg","f,III,acc,sg","f,III,acc,sg","f,III,acc,sg","f,III,acc,sg","f,III,acc,sg","f,III,acc,sg","f,III,acc,sg","f,III,acc,sg","f,III,acc,sg"
"genus:accsg","n,III,acc,sg","n,II,nom,sg","n,II,nom,sg","n,II,acc,sg","n,II,nom,sg","n,II,acc,sg","n,II,acc,sg","n,II,acc,sg","n,II,acc,sg","n,II,acc,sg","n,II,acc,sg","n,II,acc,sg","n,II,acc,sg","n,II,acc,sg","n,II,acc,sg","n,II,acc,sg"
"genus:nompl","n,III,nom,pl","n,III,acc,pl","n,III,acc,pl","f,III,acc,pl","f,III,acc,pl","f,III,acc,pl","f,III,acc,pl","f,III,acc,pl","f,III,acc,pl","f,III,acc,sg","f,III,acc,sg","f,III,acc,sg","f,III,acc,sg","f,III,acc,sg","f,III,acc,sg","f,III,acc,sg"
"genus:genpl","n,III,gen,pl","n,III,gen,pl","f,III,acc,pl","f,III,acc,pl","f,III,acc,pl","f,III,acc,pl","f,III,acc,pl","f,III,acc,sg","f,III,acc,sg","f,III,acc,sg","f,III,acc,sg","f,III,acc,sg","f,III,acc,sg","f,III,acc,sg","f,III,acc,sg","f,III,acc,sg"
"genus:accpl","n,III,acc,pl","n,III,acc,pl","n,III,acc,pl","f,III,acc,pl","f,III,acc,pl","f,III,acc,pl","f,III,acc,pl","f,III,acc,pl","f,III,acc,pl","f,III,acc,sg","f,III,acc,sg","f,III,acc,sg","f,III,acc,sg","f,III,acc,sg","f,III,acc,sg","f,III,acc,sg"
"gladius:nomsg","m,II,nom,sg","m,II,nom,sg","n,II,nom,sg","n,II,acc,sg","n,II,nom,sg","n,II,acc,sg","n,II,acc,sg","n,II,acc,sg","n,II,acc,sg","n,II,acc,sg","n,II,acc,sg","n,II,acc,sg","n,II,acc,sg","n,II,acc,sg","n,II,acc,sg","n,II,acc,sg"
"gladius:gensg","m,II,gen,sg","n,II,acc,sg","n,II,acc,pl","n,II,acc,pl","n,II,acc,pl","n,II,acc,pl","n,II,acc,pl","n,II,acc,pl","n,II,acc,pl","n,II,acc,pl","n,II,acc,pl","n,II,acc,pl","n,II,acc,pl","n,II,acc,pl","n,II,acc,pl","n,II,acc,pl"
"gladius:accsg","m,II,acc,sg","n,II,acc,sg","n,II,acc,sg","n,II,acc,sg","n,II,acc,sg","n,II,acc,sg","n,II,acc,sg","n,II,acc,sg","n,II,acc,sg","n,II,acc,sg","n,II,acc,sg","n,II,acc,sg","n,II,acc,sg","n,II,acc,sg","n,II,acc,sg","n,II,acc,sg"
"gladius:nompl","m,II,nom,pl","n,II,acc,sg","n,II,acc,pl","n,II,acc,pl","n,II,acc,pl","n,II,acc,pl","n,II,acc,pl","n,II,acc,pl","n,II,acc,pl","n,II,acc,pl","n,II,acc,pl","n,II,acc,pl","n,II,acc,pl","n,II,acc,pl","n,II,acc,pl","n,II,acc,pl"
"gladius:genpl","m,II,gen,pl","n,II,gen,pl","n,II,acc,pl","f,II,acc,pl","f,II,acc,pl","n,II,acc,pl","n,II,acc,pl","n,II,acc,pl","n,II,acc,pl","n,II,acc,pl","n,II,acc,pl","n,II,acc,pl","n,II,acc,pl","n,II,acc,pl","n,II,acc,pl","n,II,acc,pl"
"gladius:accpl","m,II,acc,pl","m,II,acc,pl","m,II,acc,pl","f,II,acc,pl","n,II,acc,pl","f,II,acc,pl","f,III,acc,pl","f,I,acc,pl","n,II,acc,pl","n,II,acc,pl","n,II,acc,pl","n,II,acc,pl","n,II,acc,pl","n,II,acc,pl","n,II,acc,pl","n,II,acc,pl"
"gloria:nomsg","f,I,nom,sg","f,I,acc,pl","f,I,acc,sg","f,I,acc,sg","f,I,acc,sg","f,I,acc,sg","f,I,acc,sg","f,I,acc,pl","f,I,acc,pl","f,I,acc,pl","f,I,acc,pl","f,I,acc,pl","f,I,acc,pl","f,I,acc,pl","f,I,acc,pl","f,I,acc,pl"
"gloria:gensg","f,I,gen,sg","f,I,acc,sg","f,I,acc,sg","f,I,acc,pl","f,I,acc,pl","f,I,acc,pl","f,I,acc,pl","f,I,acc,pl","f,I,acc,pl","f,I,acc,pl","f,I,acc,pl","f,I,acc,pl","f,I,acc,pl","f,I,acc,pl","f,I,acc,pl","f,I,acc,pl"
"gloria:accsg","f,I,acc,sg","f,I,acc,sg","f,I,acc,sg","f,I,acc,sg","f,I,acc,sg","f,I,acc,sg","f,I,acc,sg","f,I,acc,sg","f,I,acc,sg","f,I,acc,sg","f,I,acc,sg","f,I,acc,sg","f,I,acc,sg","f,I,acc,sg","f,I,acc,sg","f,I,acc,sg"
"gloria:nompl","f,I,nom,pl","f,I,acc,sg","f,I,acc,sg","f,I,acc,pl","f,I,acc,pl","f,I,acc,pl","f,I,acc,pl","f,I,acc,pl","f,I,acc,pl","f,I,acc,pl","f,I,acc,pl","f,I,acc,pl","f,I,acc,pl","f,I,acc,pl","f,I,acc,pl","f,I,acc,pl"
"gloria:genpl","f,I,gen,pl","f,I,acc,pl","f,I,acc,pl","f,I,acc,pl","f,I,acc,pl","f,I,acc,pl","f,I,acc,pl","f,I,acc,pl","f,I,acc,pl","f,I,acc,pl","f,I,acc,pl","f,I,acc,pl","f,I,acc,pl","f,I,acc,pl","f,I,acc,pl","f,I,acc,pl"
"gloria:accpl","f,I,acc,pl","f,I,acc,pl","f,I,acc,pl","f,I,acc,pl","f,I,acc,pl","f,I,acc,pl","f,I,acc,pl","f,I,acc,pl","f,I,acc,pl","f,I,acc,pl","f,I,acc,pl","f,I,acc,pl","f,I,acc,pl","f,I,acc,pl","f,I,acc,pl","f,I,acc,pl"
"gradus:nomsg","m,IV,nom,sg","n,II,nom,sg","n,II,nom,pl","n,II,nom,sg","n,II,nom,sg","n,II,acc,sg","n,II,acc,sg","n,II,acc,sg","n,II,acc,sg","n,II,acc,sg","n,II,acc,sg","n,II,acc,sg","n,II,acc,sg","n,II,acc,sg","n,II,acc,sg","n,II,acc,sg"
"gradus:gensg","m,IV,gen,sg","f,II,acc,pl","n,II,acc,pl","n,II,acc,pl","n,II,nom,pl","n,II,acc,pl","n,II,acc,pl","n,II,acc,pl","n,II,acc,pl","n,II,acc,pl","n,II,acc,pl","n,II,acc,pl","n,II,acc,pl","n,II,acc,pl","n,II,acc,pl","n,II,acc,pl"
"gradus:accsg","m,IV,acc,sg","n,II,acc,sg","n,II,acc,sg","n,II,acc,sg","n,II,acc,sg","n,II,acc,sg","n,II,acc,sg","n,II,acc,sg","n,II,acc,sg","n,II,acc,sg","n,II,acc,sg","n,II,acc,sg","n,II,acc,sg","n,II,acc,sg","n,II,acc,sg","n,II,acc,sg"
"gradus:nompl","m,IV,nom,pl","f,II,acc,pl","n,II,acc,pl","n,II,acc,pl","n,II,nom,pl","n,II,acc,pl","n,II,acc,pl","n,II,acc,pl","n,II,acc,pl","n,II,acc,pl","n,II,acc,pl","n,II,acc,pl","n,II,acc,pl","n,II,acc,pl","n,II,acc,pl","n,II,acc,pl"
"gradus:genpl","m,IV,gen,pl","m,II,acc,pl","f,II,nom,pl","n,II,acc,sg","n,II,acc,sg","n,II,acc,sg","n,II,acc,pl","n,II,acc,sg","n,II,acc,sg","n,II,acc,sg","n,II,acc,sg","n,II,acc,sg","n,II,acc,sg","n,II,acc,sg","n,II,acc,sg","n,II,acc,sg"
"gradus:accpl","m,IV,acc,pl","f,II,acc,pl","n,II,acc,pl","n,II,acc,pl","n,II,nom,pl","n,II,acc,pl","n,II,acc,pl","n,II,acc,pl","n,II,acc,pl","n,II,acc,pl","n,II,acc,pl","n,II,acc,pl","n,II,acc,pl","n,II,acc,pl","n,II,acc,pl","n,II,acc,pl"
"granum:nomsg","n,II,nom,sg","n,II,acc,sg","n,II,acc,sg","n,II,acc,sg","n,II,acc,sg","n,II,acc,sg","n,II,acc,sg","n,II,acc,sg","n,II,acc,sg","n,II,acc,sg","n,II,acc,sg","n,II,acc,sg","n,II,acc,sg","n,II,acc,sg","n,II,acc,sg","n,II,acc,sg"
"granum:gensg","n,II,gen,sg","n,II,acc,pl","n,II,acc,pl","n,II,acc,pl","n,II,acc,pl","n,II,acc,pl","n,II,acc,pl","n,II,acc,pl","n,II,acc,pl","n,II,acc,pl","n,II,acc,pl","n,II,acc,pl","n,II,acc,pl","n,II,acc,pl","n,II,acc,pl","n,II,acc,pl"
"granum:accsg","n,II,acc,sg","n,II,acc,sg","n,II,acc,sg","n,II,acc,sg","n,II,acc,sg","n,II,acc,sg","n,II,acc,sg","n,II,acc,sg","n,II,acc,sg","n,II,acc,sg","n,II,acc,sg","n,II,acc,sg","n,II,acc,sg","n,II,acc,sg","n,II,acc,sg","n,II,acc,sg"
"granum:nompl","n,II,nom,pl","f,II,nom,sg","n,II,nom,pl","f,I,acc,pl","f,I,acc,pl","f,I,acc,pl","f,I,acc,pl","f,I,acc,pl","f,I,acc,pl","f,I,acc,pl","f,I,acc,pl","f,I,acc,pl","f,I,acc,pl","f,I,acc,pl","f,I,acc,pl","f,I,acc,pl"
"granum:genpl","n,II,gen,pl","n,III,gen,pl","n,II,acc,pl","n,II,acc,pl","n,II,acc,pl","n,II,acc,pl","n,II,acc,pl","n,II,acc,pl","n,II,acc,pl","n,II,acc,pl","n,II,acc,pl","n,II,acc,pl","n,II,acc,pl","n,II,acc,pl","n,II,acc,pl","n,II,acc,pl"
"granum:accpl","n,II,acc,pl","f,II,nom,sg","n,II,nom,pl","f,I,acc,pl","f,I,acc,pl","f,I,acc,pl","f,I,acc,pl","f,I,acc,pl","f,I,acc,pl","f,I,acc,pl","f,I,acc,pl","f,I,acc,pl","f,I,acc,pl","f,I,acc,pl","f,I,acc,pl","f,I,acc,pl"
"grex:nomsg","m,III,nom,sg","f,III,nom,sg","f,III,nom,sg","f,III,nom,sg","f,III,nom,sg","f,III,acc,sg","f,III,acc,sg","f,III,acc,sg","f,III,acc,sg","f,III,acc,sg","f,III,acc,sg","f,III,acc,sg","f,III,acc,sg","f,III,acc,sg","f,III,acc,sg","f,III,acc,pl"
"grex:gensg","m,III,gen,sg","f,III,gen,sg","f,III,acc,sg","f,III,acc,sg","f,III,acc,sg","f,III,acc,sg","f,III,acc,sg","f,III,acc,sg","f,III,acc,sg","f,III,acc,sg","f,III,acc,pl","f,III,acc,pl","f,III,acc,sg","f,III,acc,sg","f,III,acc,sg","f,III,acc,sg"
"grex:accsg","m,III,acc,sg","n,III,acc,sg","m,III,acc,sg","f,III,acc,sg","f,III,acc,sg","f,III,acc,sg","f,III,acc,sg","f,III,acc,sg","f,III,acc,sg","f,III,acc,sg","f,III,acc,sg","f,III,acc,sg","f,III,acc,sg","f,III,acc,sg","f,III,acc,sg","f,III,acc,sg"
"grex:nompl","m,III,nom,pl","n,III,acc,pl","f,III,acc,pl","f,III,acc,pl","f,III,acc,sg","f,III,acc,pl","f,III,acc,pl","f,III,acc,pl","f,III,acc,pl","f,III,acc,pl","f,III,acc,pl","f,III,acc,sg","f,III,acc,sg","f,III,acc,sg","f,III,acc,sg","f,III,acc,sg"
"grex:genpl","m,III,gen,pl","f,III,gen,pl","f,III,acc,pl","f,III,acc,pl","f,III,acc,pl","f,III,acc,sg","f,III,acc,sg","f,III,acc,sg","f,III,acc,sg","f,III,acc,sg","f,III,acc,sg","f,III,acc,sg","f,III,acc,sg","f,III,acc,sg","f,III,acc,sg","f,III,acc,sg"
"grex:accpl","m,III,acc,pl","n,III,acc,pl","f,III,acc,pl","f,III,acc,pl","f,III,acc,sg","f,III,acc,pl","f,III,acc,pl","f,III,acc,pl","f,III,acc,pl","f,III,acc,pl","f,III,acc,pl","f,III,acc,sg","f,III,acc,sg","f,III,acc,sg","f,III,acc,sg","f,III,acc,sg"
"gula:nomsg","f,I,nom,sg","f,II,nom,pl","f,II,acc,pl","f,I,acc,pl","f,I,acc,pl","f,I,acc,sg","f,I,acc,pl","f,I,acc,sg","f,I,acc,pl","f,I,acc,pl","f,I,acc,pl","f,I,acc,pl","f,I,acc,pl","f,I,acc,pl","f,I,acc,pl","f,I,acc,pl"
"gula:gensg","f,I,gen,sg","f,I,acc,pl","f,I,acc,pl","f,I,acc,pl","f,I,acc,pl","f,I,acc,pl","f,I,acc,pl","f,I,acc,pl","f,I,acc,pl","f,I,acc,pl","f,I,acc,pl","f,I,acc,pl","f,I,acc,pl","f,I,acc,pl","f,I,acc,pl","f,I,acc,pl"
"gula:accsg","f,I,acc,sg","f,I,acc,sg","f,I,acc,sg","f,I,acc,sg","f,I,acc,sg","f,I,acc,sg","f,I,acc,sg","f,I,acc,sg","f,I,acc,sg","f,I,acc,sg","f,I,acc,sg","f,I,acc,sg","f,I,acc,sg","f,I,acc,sg","f,I,acc,sg","f,I,acc,sg"
"gula:nompl","f,I,nom,pl","f,I,acc,pl","f,I,acc,pl","f,I,acc,pl","f,I,acc,pl","f,I,acc,pl","f,I,acc,pl","f,I,acc,pl","f,I,acc,pl","f,I,acc,pl","f,I,acc,pl","f,I,acc,pl","f,I,acc,pl","f,I,acc,pl","f,I,acc,pl","f,I,acc,pl"
"gula:genpl","f,I,gen,pl","f,III,gen,pl","f,I,acc,pl","f,I,acc,pl","f,I,acc,pl","f,I,acc,pl","f,I,acc,pl","f,I,acc,pl","f,I,acc,pl","f,I,acc,pl","f,I,acc,pl","f,I,acc,pl","f,I,acc,pl","f,I,acc,pl","f,I,acc,pl","f,I,acc,pl"
"gula:accpl","f,I,acc,pl","f,I,acc,pl","f,I,acc,pl","f,I,acc,pl","f,I,acc,pl","f,I,acc,pl","f,I,acc,pl","f,I,acc,pl","f,I,acc,pl","f,I,acc,pl","f,I,acc,pl","f,I,acc,pl","f,I,acc,pl","f,I,acc,pl","f,I,acc,pl","f,I,acc,pl"
"gustus:nomsg","m,IV,nom,sg","f,II,nom,sg","n,II,nom,sg","n,II,nom,sg","n,II,acc,sg","n,II,acc,sg","n,II,acc,sg","n,II,acc,sg","n,II,acc,sg","n,II,acc,sg","n,II,acc,sg","n,II,acc,sg","n,II,acc,sg","n,II,acc,sg","n,II,acc,sg","n,II,acc,sg"
"gustus:gensg","m,IV,gen,sg","f,III,nom,sg","m,II,acc,pl","n,II,acc,pl","n,II,acc,pl","n,II,acc,pl","n,II,acc,pl","n,II,acc,pl","n,II,acc,pl","n,II,acc,pl","n,II,acc,pl","n,II,acc,pl","n,II,acc,pl","n,II,acc,pl","n,II,acc,pl","n,II,acc,pl"
"gustus:accsg","m,IV,acc,sg","n,II,acc,sg","n,II,acc,sg","n,II,acc,sg","n,II,acc,sg","n,II,acc,sg","n,II,acc,sg","n,II,acc,sg","n,II,acc,sg","n,II,acc,sg","n,II,acc,sg","n,II,acc,sg","n,II,acc,sg","n,II,acc,sg","n,II,acc,sg","n,II,acc,sg"
"gustus:nompl","m,IV,nom,pl","f,III,nom,sg","m,II,acc,pl","n,II,acc,pl","n,II,acc,pl","n,II,acc,pl","n,II,acc,pl","n,II,acc,pl","n,II,acc,pl","n,II,acc,pl","n,II,acc,pl","n,II,acc,pl","n,II,acc,pl","n,II,acc,pl","n,II,acc,pl","n,II,acc,pl"
"gustus:genpl","m,IV,gen,pl","m,II,gen,pl","n,II,acc,pl","n,II,acc,sg","n,II,acc,sg","n,II,acc,sg","n,II,acc,sg","n,II,acc,sg","n,II,acc,pl","n,II,acc,sg","n,II,acc,sg","n,II,acc,sg","n,II,acc,sg","n,II,acc,sg","n,II,acc,sg","n,II,acc,sg"
"gustus:accpl","m,IV,acc,pl","f,III,nom,sg","m,II,acc,pl","n,II,acc,pl","n,II,acc,pl","n,II,acc,pl","n,II,acc,pl","n,II,acc,pl","n,II,acc,pl","n,II,acc,pl","n,II,acc,pl","n,II,acc,pl","n,II,acc,pl","n,II,acc,pl","n,II,acc,pl","n,II,acc,pl"
"gyrus:nomsg","m,II,nom,sg","m,II,nom,sg","m,II,nom,sg","n,II,nom,sg","n,II,nom,sg","n,II,acc,sg","n,II,acc,sg","n,II,acc,sg","n,II,acc,sg","n,II,acc,sg","n,II,acc,sg","n,II,acc,sg","n,II,acc,sg","n,II,acc,sg","n,II,acc,sg","n,II,acc,sg"
"gyrus:gensg","m,II,gen,sg","n,II,gen,pl","n,II,acc,pl","n,II,acc,pl","n,II,acc,pl","n,II,acc,pl","n,II,acc,pl","n,II,acc,pl","n,II,acc,pl","n,II,acc,pl","n,II,acc,pl","n,II,acc,pl","n,II,acc,pl","n,II,acc,pl","n,II,acc,pl","n,II,acc,pl"
"gyrus:accsg","m,II,acc,sg","n,II,acc,sg","n,II,acc,sg","n,II,acc,sg","n,II,acc,sg","n,II,acc,sg","n,II,acc,sg","n,II,acc,sg","n,II,acc,sg","n,II,acc,sg","n,II,acc,sg","n,II,acc,sg","n,II,acc,sg","n,II,acc,sg","n,II,acc,sg","n,II,acc,sg"
"gyrus:nompl","m,II,nom,pl","n,II,gen,pl","n,II,acc,pl","n,II,acc,pl","n,II,acc,pl","n,II,acc,pl","n,II,acc,pl","n,II,acc,pl","n,II,acc,pl","n,II,acc,pl","n,II,acc,pl","n,II,acc,pl","n,II,acc,pl","n,II,acc,pl","n,II,acc,pl","n,II,acc,pl"
"gyrus:genpl","m,II,gen,pl","n,II,gen,pl","n,II,acc,pl","n,II,acc,pl","n,II,acc,pl","n,II,acc,pl","n,II,acc,pl","n,II,acc,pl","n,II,acc,pl","n,II,acc,pl","n,II,acc,pl","n,II,acc,pl","n,II,acc,pl","n,II,acc,pl","n,II,acc,pl","n,II,acc,pl"
"gyrus:accpl","m,II,acc,pl","m,II,acc,pl","m,II,acc,pl","n,II,acc,pl","n,II,acc,pl","n,II,acc,pl","n,II,acc,pl","n,II,acc,pl","n,II,acc,pl","n,II,acc,pl","n,II,acc,pl","n,II,acc,pl","n,II,acc,pl","n,II,acc,pl","n,II,acc,pl","n,II,acc,pl"
"homo:nomsg","m,III,nom,sg","m,III,acc,pl","m,II,acc,pl","n,II,acc,pl","n,II,acc,pl","n,II,acc,pl","n,II,acc,pl","n,II,acc,pl","n,II,acc,pl","n,II,acc,pl","n,II,acc,pl","n,II,acc,pl","n,II,acc,pl","n,II,acc,pl","n,II,acc,pl","n,II,acc,pl"
"homo:gensg","m,III,gen,sg","m,III,gen,sg","f,III,acc,sg","f,III,acc,sg","f,III,acc,sg","f,III,acc,sg","f,III,acc,sg","f,III,acc,sg","f,III,acc,sg","f,III,acc,sg","f,III,acc,sg","f,III,acc,sg","f,III,acc,sg","f,III,acc,sg","f,III,acc,sg","f,III,acc,sg"
"homo:accsg","m,III,acc,sg","m,III,acc,sg","f,III,acc,sg","f,III,acc,sg","f,III,acc,sg","f,III,acc,sg","f,III,acc,sg","f,III,acc,sg","f,III,acc,sg","f,III,acc,sg","f,III,acc,sg","f,III,acc,sg","f,III,acc,sg","f,III,acc,sg","f,III,acc,sg","f,III,acc,sg"
"homo:nompl","m,III,nom,pl","m,III,acc,pl","f,III,acc,pl","f,III,acc,pl","f,III,acc,sg","f,III,acc,pl","f,III,acc,pl","f,III,acc,sg","f,III,acc,sg","f,III,acc,sg","f,III,acc,sg","f,III,acc,sg","f,III,acc,sg","f,III,acc,sg","f,III,acc,sg","f,III,acc,sg"
"homo:genpl","m,III,gen,pl","f,III,gen,pl","f,III,acc,pl","f,III,acc,sg","f,III,acc,pl","f,III,acc,pl","f,III,acc,sg","f,III,acc,sg","f,III,acc,sg","f,III,acc,sg","f,III,acc,sg","f,III,acc,sg","f,III,acc,sg","f,III,acc,sg","f,III,acc,sg","f,III,acc,sg"
"homo:accpl","m,III,acc,pl","m,III,acc,pl","f,III,acc,pl","f,III,acc,pl","f,III,acc,sg","f,III,acc,pl","f,III,acc,pl","f,III,acc,sg","f,III,acc,sg","f,III,acc,sg","f,III,acc,sg","f,III,acc,sg","f,III,acc,sg","f,III,acc,sg","f,III,acc,sg","f,III,acc,sg"
"hora:nomsg","f,I,nom,sg","n,II,acc,pl","n,II,nom,pl","f,I,acc,pl","f,I,acc,pl","f,I,acc,pl","f,I,acc,pl","f,I,acc,pl","f,I,acc,pl","f,I,acc,pl","f,I,acc,pl","f,I,acc,pl","f,I,acc,pl","f,I,acc,pl","f,I,acc,pl","f,I,acc,pl"
"hora:gensg","f,I,gen,sg","f,I,nom,pl","f,I,acc,pl","f,I,acc,pl","f,I,acc,pl","f,I,acc,pl","f,I,acc,pl","f,I,acc,pl","f,I,acc,pl","f,I,acc,pl","f,I,acc,pl","f,I,acc,pl","f,I,acc,pl","f,I,acc,pl","f,I,acc,pl","f,I,acc,pl"
"hora:accsg","f,I,acc,sg","f,I,acc,sg","f,I,acc,sg","f,I,acc,sg","f,I,acc,sg","f,I,acc,sg","f,I,acc,sg","f,I,acc,sg","f,I,acc,sg","f,I,acc,sg","f,I,acc,sg","f,I,acc,sg","f,I,acc,sg","f,I,acc,sg","f,I,acc,sg","f,I,acc,sg"
"hora:nompl","f,I,nom,pl","f,I,nom,pl","f,I,acc,pl","f,I,acc,pl","f,I,acc,pl","f,I,acc,pl","f,I,acc,pl","f,I,acc,pl","f,I,acc,pl","f,I,acc,pl","f,I,acc,pl","f,I,acc,pl","f,I,acc,pl","f,I,acc,pl","f,I,acc,pl","f,I,acc,pl"
"hora:genpl","f,I,gen,pl","f,I,acc,pl","f,I,acc,pl","f,I,acc,pl","f,I,acc,pl","f,I,acc,pl","f,I,acc,pl","f,I,acc,pl","f,I,acc,pl","f,I,acc,pl","f,I,acc,pl","f,I,acc,pl","f,I,acc,pl","f,I,acc,pl","f,I,acc,pl","f,I,acc,pl"
"hora:accpl","f,I,acc,pl","f,I,acc,pl","f,I,acc,pl","f,I,acc,pl","f,I,acc,pl","f,I,acc,pl","f,I,acc,pl","f,I,acc,pl","f,I,acc,pl","f,I,acc,pl","f,I,acc,pl","f,I,acc,pl","f,I,acc,pl","f,I,acc,pl","f,I,acc,pl","f,I,acc,pl"
"horrea:nomsg","n,II,nom,sg","n,II,acc,sg","n,II,acc,sg","n,II,acc,sg","n,II,acc,sg","n,II,acc,sg","n,II,acc,sg","n,II,acc,sg","n,II,acc,sg","n,II,acc,sg","n,II,acc,sg","n,II,acc,sg","n,II,acc,sg","n,II,acc,sg","n,II,acc,sg","n,II,acc,sg"
"horrea:gensg","n,II,gen,sg","n,II,gen,sg","n,II,acc,sg","n,II,acc,pl","n,II,acc,pl","n,II,acc,pl","n,II,acc,pl","n,II,acc,pl","n,II,acc,sg","n,II,acc,pl","n,II,acc,pl","n,II,acc,pl","n,II,acc,pl","n,II,acc,pl","n,II,acc,pl","n,II,acc,pl"
"horrea:accsg","n,II,acc,sg","n,II,acc,sg","n,II,acc,sg","n,II,acc,sg","n,II,acc,sg","n,II,acc,sg","n,II,acc,sg","n,II,acc,sg","n,II,acc,sg","n,II,acc,sg","n,II,acc,sg","n,II,acc,sg","n,II,acc,sg","n,II,acc,sg","n,II,acc,sg","n,II,acc,sg"
"horrea:nompl","n,II,nom,pl","n,II,acc,pl","f,I,acc,sg","f,I,acc,pl","f,I,acc,sg","f,I,acc,sg","f,I,acc,pl","f,I,acc,sg","f,I,acc,sg","f,I,acc,sg","f,I,acc,pl","f,I,acc,pl","f,I,acc,pl","f,I,acc,pl","f,I,acc,pl","f,I,acc,pl"
"horrea:genpl","n,II,gen,pl","n,III,gen,pl","n,II,acc,pl","f,II,acc,pl","f,II,acc,pl","f,III,acc,pl","n,II,acc,pl","n,II,acc,pl","n,II,acc,sg","n,II,acc,sg","n,II,acc,pl","n,II,acc,pl","n,II,acc,pl","n,II,acc,pl","n,II,acc,pl","n,II,acc,pl"
"horrea:accpl","n,II,acc,pl","n,II,acc,pl","f,I,acc,sg","f,I,acc,pl","f,I,acc,sg","f,I,acc,sg","f,I,acc,pl","f,I,acc,sg","f,I,acc,sg","f,I,acc,sg","f,I,acc,pl","f,I,acc,pl","f,I,acc,pl","f,I,acc,pl","f,I,acc,pl","f,I,acc,pl"
"hospes:nomsg","m,III,nom,sg","f,III,nom,sg","f,III,acc,sg","f,III,acc,sg","f,III,acc,sg","f,III,acc,sg","f,III,acc,sg","f,III,acc,pl","f,III,acc,sg","f,III,acc,sg","f,III,acc,sg","f,III,acc,sg","f,III,acc,sg","f,III,acc,sg","f,III,acc,sg","f,III,acc,pl"
"hospes:gensg","m,III,gen,sg","m,III,gen,sg","f,III,acc,sg","f,III,acc,sg","f,III,acc,sg","f,III,acc,sg","f,III,acc,sg","f,III,acc,sg","f,III,acc,sg","f,III,acc,sg","f,III,acc,sg","f,III,acc,sg","f,III,acc,sg","f,III,acc,sg","f,III,acc,sg","f,III,acc,sg"
"hospes:accsg","m,III,acc,sg","m,III,acc,sg","f,III,acc,sg","f,III,acc,sg","f,III,acc,sg","f,III,acc,sg","f,III,acc,sg","f,III,acc,sg","f,III,acc,sg","f,III,acc,sg","f,III,acc,sg","f,III,acc,sg","f,III,acc,sg","f,III,acc,sg","f,III,acc,sg","f,III,acc,sg"
"hospes:nompl","m,III,nom,pl","m,III,acc,pl","f,III,acc,pl","f,III,acc,pl","f,III,acc,sg","f,III,acc,sg","f,III,acc,sg","f,III,acc,sg","f,III,acc,sg","f,III,acc,sg","f,III,acc,sg","f,III,acc,sg","f,III,acc,sg","f,III,acc,sg","f,III,acc,sg","f,III,acc,sg"
"hospes:genpl","m,III,gen,pl","f,III,gen,pl","f,III,acc,pl","f,III,acc,sg","f,III,acc,sg","f,III,acc,sg","f,III,acc,sg","f,III,acc,sg","f,III,acc,sg","f,III,acc,sg","f,III,acc,sg","f,III,acc,sg","f,III,acc,sg","f,III,acc,sg","f,III,acc,sg","f,III,acc,sg"
"hospes:accpl","m,III,acc,pl","m,III,acc,pl","f,III,acc,pl","f,III,acc,pl","f,III,acc,sg","f,III,acc,sg","f,III,acc,sg","f,III,acc,sg","f,III,acc,sg","f,III,acc,sg","f,III,acc,sg","f,III,acc,sg","f,III,acc,sg","f,III,acc,sg","f,III,acc,sg","f,III,acc,sg"
"hospes2:nomsg","f,III,nom,sg","f,III,nom,sg","f,III,acc,sg","f,III,acc,sg","f,III,acc,sg","f,III,acc,sg","f,III,acc,pl","f,III,acc,pl","f,III,acc,pl","f,III,acc,sg","f,III,acc,sg","f,III,acc,sg","f,III,acc,sg","f,III,acc,sg","f,III,acc,sg","f,III,acc,pl"
"hospes2:gensg","f,III,gen,sg","m,III,acc,sg","f,III,acc,sg","f,III,acc,sg","f,III,acc,sg","f,III,acc,sg","f,III,acc,sg","f,III,acc,sg","f,III,acc,sg","f,III,acc,sg","f,III,acc,sg","f,III,acc,sg","f,III,acc,sg","f,III,acc,sg","f,III,acc,sg","f,III,acc,sg"
"hospes2:accsg","f,III,acc,sg","f,III,acc,sg","f,III,acc,sg","f,III,acc,sg","f,III,acc,sg","f,III,acc,sg","f,III,acc,sg","f,III,acc,sg","f,III,acc,sg","f,III,acc,sg","f,III,acc,sg","f,III,acc,sg","f,III,acc,sg","f,III,acc,sg","f,III,acc,sg","f,III,acc,sg"
"hospes2:nompl","f,III,nom,pl","f,III,acc,pl","f,III,acc,sg","f,III,acc,pl","f,III,acc,sg","f,III,acc,sg","f,III,acc,sg","f,III,acc,pl","f,III,acc,sg","f,III,acc,sg","f,III,acc,sg","f,III,acc,sg","f,III,acc,sg","f,III,acc,sg","f,III,acc,sg","f,III,acc,sg"
"hospes2:genpl","f,III,gen,pl","f,III,gen,pl","f,III,acc,pl","f,III,acc,sg","f,III,acc,sg","f,III,acc,sg","f,III,acc,sg","f,III,acc,sg","f,III,acc,sg","f,III,acc,sg","f,III,acc,sg","f,III,acc,sg","f,III,acc,sg","f,III,acc,sg","f,III,acc,sg","f,III,acc,sg"
"hospes2:accpl","f,III,acc,pl","f,III,acc,pl","f,III,acc,sg","f,III,acc,pl","f,III,acc,sg","f,III,acc,sg","f,III,acc,sg","f,III,acc,pl","f,III,acc,sg","f,III,acc,sg","f,III,acc,sg","f,III,acc,sg","f,III,acc,sg","f,III,acc,sg","f,III,acc,sg","f,III,acc,sg"
"hostis:nomsg","m,III,nom,sg","f,III,nom,sg","n,III,acc,sg","f,III,acc,sg","f,III,acc,sg","f,III,acc,sg","f,III,acc,sg","f,III,acc,sg","f,III,acc,sg","f,III,acc,sg","n,II,acc,sg","f,III,acc,sg","f,III,acc,sg","f,III,acc,sg","f,III,acc,sg","f,III,acc,sg"
"hostis:gensg","m,III,gen,sg","f,III,nom,sg","n,III,acc,sg","f,III,acc,sg","f,III,acc,sg","f,III,acc,sg","f,III,acc,sg","f,III,acc,sg","f,III,acc,sg","f,III,acc,sg","n,II,acc,sg","f,III,acc,sg","f,III,acc,sg","f,III,acc,sg","f,III,acc,sg","f,III,acc,sg"
"hostis:accsg","m,III,acc,sg","f,III,acc,sg","n,III,acc,sg","f,III,acc,sg","f,III,acc,sg","f,III,acc,sg","f,III,acc,sg","f,III,acc,sg","f,III,acc,sg","f,III,acc,sg","f,III,acc,sg","f,III,acc,sg","f,III,acc,sg","f,III,acc,sg","f,III,acc,sg","f,III,acc,sg"
"hostis:nompl","m,III,nom,pl","f,III,acc,pl","f,III,acc,pl","f,III,acc,pl","f,III,acc,pl","f,III,acc,pl","f,III,acc,pl","f,III,acc,pl","f,III,acc,pl","f,III,acc,pl","f,III,acc,pl","f,III,acc,pl","f,III,acc,pl","f,III,acc,pl","f,III,acc,pl","f,III,acc,pl"
"hostis:genpl","m,III,gen,pl","n,III,gen,pl","f,III,acc,pl","f,III,acc,sg","f,III,acc,sg","f,III,acc,sg","f,III,acc,sg","f,III,acc,sg","n,II,acc,sg","f,III,acc,sg","f,III,acc,sg","f,III,acc,sg","f,III,acc,sg","f,III,acc,sg","f,III,acc,sg","f,III,acc,sg"
"hostis:accpl","m,III,acc,pl","f,III,acc,pl","f,III,acc,pl","f,III,acc,pl","f,III,acc,pl","f,III,acc,pl","f,III,acc,pl","f,III,acc,pl","f,III,acc,pl","f,III,acc,pl","f,III,acc,pl","f,III,acc,pl","f,III,acc,pl","f,III,acc,pl","f,III,acc,pl","f,III,acc,pl"
"hostis2:nomsg","f,III,nom,sg","f,III,acc,sg","f,III,acc,sg","f,III,acc,sg","f,III,acc,sg","f,III,acc,sg","f,III,acc,sg","f,III,acc,sg","f,III,acc,sg","f,III,acc,sg","f,III,acc,sg","f,III,acc,sg","f,III,acc,sg","f,III,acc,sg","f,III,acc,sg","f,III,acc,pl"
"hostis2:gensg","f,III,gen,sg","f,III,acc,sg","f,III,acc,sg","f,III,acc,sg","f,III,acc,sg","f,III,acc,sg","f,III,acc,sg","f,III,acc,sg","f,III,acc,sg","f,III,acc,sg","f,III,acc,sg","f,III,acc,sg","f,III,acc,sg","f,III,acc,sg","f,III,acc,sg","f,III,acc,pl"
"hostis2:accsg","f,III,acc,sg","f,III,acc,sg","f,III,acc,sg","f,III,acc,sg","f,III,acc,sg","f,III,acc,sg","f,III,acc,sg","f,III,acc,sg","f,III,acc,sg","f,III,acc,sg","f,III,acc,sg","f,III,acc,sg","f,III,acc,sg","f,III,acc,sg","f,III,acc,sg","f,III,acc,sg"
"hostis2:nompl","f,III,nom,pl","f,III,acc,pl","f,III,acc,pl","f,III,acc,pl","f,III,acc,pl","f,III,acc,pl","f,III,acc,pl","f,III,acc,pl","f,III,acc,pl","f,III,acc,pl","f,III,acc,pl","f,II,acc,pl","f,III,acc,pl","f,III,acc,pl","f,III,acc,pl","f,III,acc,pl"
"hostis2:genpl","f,III,gen,pl","f,III,gen,pl","f,III,acc,pl","n,III,acc,sg","f,III,acc,sg","f,III,acc,sg","f,III,acc,sg","f,III,acc,pl","f,III,acc,sg","f,III,acc,sg","f,III,acc,sg","f,III,acc,sg","f,III,acc,sg","f,III,acc,sg","f,III,acc,sg","f,III,acc,pl"
"hostis2:accpl","f,III,acc,pl","f,III,acc,pl","f,III,acc,pl","f,III,acc,pl","f,III,acc,pl","f,III,acc,pl","f,III,acc,pl","f,III,acc,pl","f,III,acc,pl","f,III,acc,pl","f,III,acc,pl","f,II,acc,pl","f,III,acc,pl","f,III,acc,pl","f,III,acc,pl","f,III,acc,pl"
"humus:nomsg","f,II,nom,sg","f,II,nom,sg","f,I,acc,sg","f,II,acc,sg","n,II,acc,sg","n,II,acc,sg","n,II,acc,sg","n,II,acc,sg","n,II,acc,sg","n,II,acc,sg","n,II,acc,sg","n,II,acc,sg","n,II,acc,sg","n,II,acc,sg","n,II,acc,sg","n,II,acc,sg"
"humus:gensg","f,II,gen,sg","n,II,gen,pl","n,II,acc,pl","n,II,acc,pl","n,II,acc,pl","n,II,acc,pl","n,II,acc,pl","n,II,acc,pl","n,II,acc,pl","n,II,acc,pl","n,II,acc,pl","n,II,acc,pl","n,II,acc,pl","n,II,acc,pl","n,II,acc,pl","n,II,acc,pl"
"humus:accsg","f,II,acc,sg","n,II,acc,sg","n,II,acc,sg","n,II,acc,sg","n,II,acc,sg","n,II,acc,sg","n,II,acc,sg","n,II,acc,sg","n,II,acc,sg","n,II,acc,sg","n,II,acc,sg","n,II,acc,sg","n,II,acc,sg","n,II,acc,sg","n,II,acc,sg","n,II,acc,sg"
"humus:nompl","f,II,nom,pl","n,II,gen,pl","n,II,acc,pl","n,II,acc,pl","n,II,acc,pl","n,II,acc,pl","n,II,acc,pl","n,II,acc,pl","n,II,acc,pl","n,II,acc,pl","n,II,acc,pl","n,II,acc,pl","n,II,acc,pl","n,II,acc,pl","n,II,acc,pl","n,II,acc,pl"
"humus:genpl","f,II,gen,pl","n,III,gen,pl","n,II,acc,pl","n,II,acc,pl","f,II,acc,pl","f,III,acc,pl","n,II,acc,pl","n,II,acc,pl","n,II,acc,pl","n,II,acc,pl","n,II,acc,pl","n,II,acc,pl","n,II,acc,pl","n,II,acc,pl","n,II,acc,pl","n,II,acc,pl"
"humus:accpl","f,II,acc,pl","m,II,acc,pl","f,III,acc,sg","f,III,acc,pl","f,III,acc,pl","f,III,acc,pl","f,III,acc,pl","n,II,acc,pl","n,II,acc,pl","n,II,acc,pl","n,II,acc,pl","n,II,acc,pl","n,II,acc,pl","n,II,acc,pl","n,II,acc,pl","n,II,acc,pl"
"hypocrita:nomsg","f,I,nom,sg","f,I,acc,sg","f,I,acc,sg","f,I,acc,sg","f,I,acc,pl","f,I,acc,pl","f,I,acc,pl","f,I,acc,pl","f,I,acc,pl","f,I,acc,pl","f,I,acc,sg","f,I,acc,pl","f,I,acc,pl","f,I,acc,pl","f,I,acc,pl","f,I,acc,pl"
"hypocrita:gensg","f,I,gen,sg","f,I,acc,sg","f,I,acc,sg","f,I,acc,pl","f,I,acc,pl","f,I,acc,pl","f,I,acc,pl","f,I,acc,pl","f,I,acc,pl","f,I,acc,pl","f,I,acc,pl","f,I,acc,pl","f,I,acc,pl","f,I,acc,pl","f,I,acc,pl","f,I,acc,pl"
"hypocrita:accsg","f,I,acc,sg","f,I,acc,sg","f,I,acc,sg","f,I,acc,sg","f,I,acc,sg","f,I,acc,sg","f,I,acc,sg","f,I,acc,pl","f,I,acc,sg","f,I,acc,sg","f,I,acc,sg","f,I,acc,sg","f,I,acc,sg","f,I,acc,sg","f,I,acc,sg","f,I,acc,sg"
"hypocrita:nompl","f,I,nom,pl","f,I,acc,sg","f,I,acc,sg","f,I,acc,pl","f,I,acc,pl","f,I,acc,pl","f,I,acc,pl","f,I,acc,pl","f,I,acc,pl","f,I,acc,pl","f,I,acc,pl","f,I,acc,pl","f,I,acc,pl","f,I,acc,pl","f,I,acc,pl","f,I,acc,pl"
"hypocrita:genpl","f,I,gen,pl","f,I,acc,pl","f,I,acc,pl","f,I,acc,pl","f,I,acc,pl","f,I,acc,pl","f,I,acc,pl","f,I,acc,pl","f,III,acc,pl","f,I,acc,pl","f,I,acc,pl","f,I,acc,pl","f,I,acc,pl","f,I,acc,pl","f,I,acc,pl","f,I,acc,pl"
"hypocrita:accpl","f,I,acc,pl","f,I,acc,sg","f,I,acc,pl","f,I,acc,pl","f,I,acc,pl","f,I,acc,pl","f,I,acc,pl","f,I,acc,pl","f,I,acc,pl","f,I,acc,pl","f,I,acc,pl","f,I,acc,pl","f,I,acc,pl","f,I,acc,pl","f,I,acc,pl","f,I,acc,pl"
"hypocrita2:nomsg","m,I,nom,sg","f,II,acc,sg","f,I,acc,sg","f,I,acc,sg","f,I,acc,pl","f,I,acc,pl","f,I,acc,pl","f,I,acc,pl","f,I,acc,pl","f,I,acc,pl","f,I,acc,sg","f,I,acc,pl","f,I,acc,pl","f,I,acc,pl","f,I,acc,pl","f,I,acc,pl"
"hypocrita2:gensg","m,I,gen,sg","f,I,acc,sg","f,I,acc,sg","f,I,acc,pl","f,I,acc,pl","n,I,acc,pl","f,I,acc,pl","f,I,acc,pl","f,I,acc,pl","f,I,acc,pl","f,I,acc,pl","f,I,acc,pl","f,I,acc,pl","f,I,acc,pl","f,I,acc,pl","f,I,acc,pl"
"hypocrita2:accsg","m,I,acc,sg","f,I,acc,sg","f,I,acc,sg","f,I,acc,sg","f,I,acc,sg","f,I,acc,sg","f,I,acc,sg","f,I,acc,pl","f,I,acc,sg","f,I,acc,sg","f,I,acc,sg","f,I,acc,sg","f,I,acc,sg","f,I,acc,sg","f,I,acc,sg","f,I,acc,sg"
"hypocrita2:nompl","m,I,nom,pl","f,I,acc,sg","f,I,acc,sg","f,I,acc,pl","f,I,acc,pl","n,I,acc,pl","f,I,acc,pl","f,I,acc,pl","f,I,acc,pl","f,I,acc,pl","f,I,acc,pl","f,I,acc,pl","f,I,acc,pl","f,I,acc,pl","f,I,acc,pl","f,I,acc,pl"
"hypocrita2:genpl","m,I,gen,pl","f,II,gen,pl","f,I,acc,pl","f,I,acc,pl","f,I,acc,pl","f,I,acc,pl","f,I,acc,pl","f,I,acc,pl","n,II,acc,pl","f,I,acc,pl","f,I,acc,pl","f,I,acc,pl","f,I,acc,pl","f,I,acc,pl","f,I,acc,pl","f,I,acc,pl"
"hypocrita2:accpl","m,I,acc,pl","f,I,acc,pl","f,I,acc,pl","f,I,acc,pl","f,I,acc,pl","f,I,acc,pl","f,I,acc,pl","f,I,acc,pl","f,I,acc,pl","f,I,acc,pl","f,I,acc,pl","f,I,acc,pl","f,I,acc,pl","f,I,acc,pl","f,I,acc,pl","f,I,acc,pl"
"ignis:nomsg","m,III,nom,sg","n,III,acc,sg","n,III,nom,sg","f,III,nom,sg","f,III,nom,sg","f,III,acc,sg","f,III,acc,sg","f,III,acc,sg","f,III,acc,sg","f,III,acc,sg","f,III,acc,sg","f,III,acc,sg","f,III,acc,sg","f,III,acc,sg","f,III,acc,sg","f,III,acc,sg"
"ignis:gensg","m,III,gen,sg","n,III,acc,sg","n,III,nom,sg","f,III,nom,sg","f,III,nom,sg","f,III,acc,sg","f,III,acc,sg","f,III,acc,sg","f,III,acc,sg","f,III,acc,sg","f,III,acc,sg","f,III,acc,sg","f,III,acc,sg","f,III,acc,sg","f,III,acc,sg","f,III,acc,sg"
"ignis:accsg","m,III,acc,sg","n,III,acc,sg","n,III,acc,sg","f,III,acc,sg","f,III,acc,sg","f,III,acc,sg","f,III,acc,sg","f,III,acc,sg","f,III,acc,sg","f,III,acc,sg","f,III,acc,sg","f,III,acc,sg","f,III,acc,sg","f,III,acc,sg","f,III,acc,sg","f,III,acc,sg"
"ignis:nompl","m,III,nom,pl","f,III,acc,pl","f,III,acc,pl","f,III,acc,pl","f,III,acc,pl","f,III,acc,pl","f,III,acc,pl","f,III,acc,pl","f,III,acc,pl","f,III,acc,pl","f,III,acc,pl","f,III,acc,pl","f,III,acc,pl","f,III,acc,pl","f,III,acc,pl","f,III,acc,pl"
"ignis:genpl","m,III,gen,pl","m,III,acc,pl","f,III,acc,pl","n,II,acc,sg","f,III,acc,sg","f,III,acc,sg","f,III,acc,sg","f,III,acc,sg","n,II,acc,sg","f,III,acc,sg","f,III,acc,sg","n,II,acc,sg","f,III,acc,sg","f,III,acc,sg","f,III,acc,sg","f,III,acc,sg"
"ignis:accpl","m,III,acc,pl","f,III,acc,pl","f,III,acc,pl","f,III,acc,pl","f,III,acc,pl","f,III,acc,pl","f,III,acc,pl","f,III,acc,pl","f,III,acc,pl","f,III,acc,pl","f,III,acc,pl","f,III,acc,pl","f,III,acc,pl","f,III,acc,pl","f,III,acc,pl","f,III,acc,pl"
"incensum:nomsg","m,IV,nom,sg","m,IV,nom,sg","m,IV,acc,sg","n,II,nom,sg","n,II,nom,sg","n,II,acc,sg","n,II,acc,sg","n,II,acc,sg","n,II,acc,sg","n,II,acc,sg","n,II,acc,sg","n,II,acc,sg","n,II,acc,sg","n,II,acc,sg","n,II,acc,sg","n,II,acc,sg"
"incensum:gensg","m,IV,gen,sg","m,IV,acc,pl","m,IV,acc,pl","n,II,nom,pl","n,II,acc,pl","n,II,acc,pl","n,II,acc,pl","n,II,acc,pl","n,II,acc,pl","n,II,acc,pl","n,II,acc,pl","n,II,acc,pl","n,II,acc,pl","n,II,acc,pl","n,II,acc,pl","n,II,acc,pl"
"incensum:accsg","m,IV,acc,sg","m,IV,acc,sg","m,IV,acc,sg","n,II,acc,sg","n,II,acc,sg","n,II,acc,sg","n,II,acc,sg","n,II,acc,sg","n,II,acc,sg","n,II,acc,sg","n,II,acc,sg","n,II,acc,sg","n,II,acc,sg","n,II,acc,sg","n,II,acc,sg","n,II,acc,sg"
"incensum:nompl","m,IV,nom,pl","m,IV,acc,pl","m,IV,acc,pl","n,II,nom,pl","n,II,acc,pl","n,II,acc,pl","n,II,acc,pl","n,II,acc,pl","n,II,acc,pl","n,II,acc,pl","n,II,acc,pl","n,II,acc,pl","n,II,acc,pl","n,II,acc,pl","n,II,acc,pl","n,II,acc,pl"
"incensum:genpl","m,IV,gen,pl","n,II,gen,pl","m,IV,acc,pl","n,II,acc,sg","n,II,acc,sg","n,II,acc,sg","n,II,acc,pl","n,II,acc,pl","n,II,acc,sg","n,II,acc,sg","n,II,acc,sg","n,II,acc,sg","n,II,acc,sg","n,II,acc,sg","n,II,acc,sg","n,II,acc,sg"
"incensum:accpl","m,IV,acc,pl","m,IV,acc,pl","m,IV,acc,pl","n,II,nom,pl","n,II,acc,pl","n,II,acc,pl","n,II,acc,pl","n,II,acc,pl","n,II,acc,pl","n,II,acc,pl","n,II,acc,pl","n,II,acc,pl","n,II,acc,pl","n,II,acc,pl","n,II,acc,pl","n,II,acc,pl"
"infernum:nomsg","n,II,nom,sg","n,II,acc,sg","n,II,acc,sg","n,II,acc,sg","n,II,acc,sg","n,II,acc,sg","n,II,acc,sg","n,II,acc,sg","n,II,acc,sg","n,II,acc,sg","n,II,acc,sg","n,II,acc,sg","n,II,acc,sg","n,II,acc,sg","n,II,acc,sg","n,II,acc,sg"
"infernum:gensg","n,II,gen,sg","m,III,acc,sg","n,III,acc,sg","n,III,acc,sg","f,III,acc,sg","f,III,acc,sg","f,III,acc,sg","f,III,acc,sg","n,II,acc,sg","f,III,acc,sg","f,III,acc,sg","f,III,acc,sg","f,III,acc,sg","f,III,acc,sg","f,III,acc,sg","f,III,acc,sg"
"infernum:accsg","n,II,acc,sg","n,II,acc,sg","n,II,acc,sg","n,II,acc,sg","n,II,acc,sg","n,II,acc,sg","n,II,acc,sg","n,II,acc,sg","n,II,acc,sg","n,II,acc,sg","n,II,acc,sg","n,II,acc,sg","n,II,acc,sg","n,II,acc,sg","n,II,acc,sg","n,II,acc,sg"
"infernum:nompl","n,II,nom,pl","n,II,nom,pl","f,II,nom,pl","f,I,acc,pl","f,I,acc,pl","f,I,acc,pl","f,I,acc,pl","f,I,acc,pl","f,I,acc,pl","f,I,acc,pl","f,I,acc,pl","f,I,acc,pl","f,I,acc,pl","f,I,acc,pl","f,I,acc,pl","f,I,acc,pl"
"infernum:genpl","n,II,gen,pl","n,II,acc,pl","n,II,acc,pl","n,II,acc,pl","f,II,acc,pl","f,III,acc,pl","n,II,acc,pl","n,II,acc,pl","n,II,acc,pl","n,II,acc,pl","n,II,acc,pl","n,II,acc,pl","f,II,acc,pl","n,II,acc,pl","n,II,acc,pl","n,II,acc,pl"
"infernum:accpl","n,II,acc,pl","n,II,nom,pl","f,II,nom,pl","f,I,acc,pl","f,I,acc,pl","f,I,acc,pl","f,I,acc,pl","f,I,acc,pl","f,I,acc,pl","f,I,acc,pl","f,I,acc,pl","f,I,acc,pl","f,I,acc,pl","f,I,acc,pl","f,I,acc,pl","f,I,acc,pl"
"inimicus:nomsg","m,II,nom,sg","m,II,nom,sg","m,II,nom,sg","n,II,acc,sg","n,II,acc,sg","n,II,acc,sg","n,II,acc,sg","n,II,acc,sg","n,II,acc,sg","n,II,acc,sg","n,II,acc,sg","n,II,acc,sg","n,II,acc,sg","n,II,acc,sg","n,II,acc,sg","n,II,acc,sg"
"inimicus:gensg","m,II,gen,sg","n,II,acc,sg","n,II,acc,pl","n,II,acc,pl","n,II,acc,pl","n,II,acc,pl","n,II,acc,pl","n,II,acc,pl","n,II,acc,pl","n,II,acc,pl","n,II,acc,pl","n,II,acc,pl","n,II,acc,pl","n,II,acc,pl","n,II,acc,pl","n,II,acc,pl"
"inimicus:accsg","m,II,acc,sg","n,II,acc,sg","n,II,acc,sg","n,II,acc,sg","n,II,acc,sg","n,II,acc,sg","n,II,acc,sg","n,II,acc,sg","n,II,acc,sg","n,II,acc,sg","n,II,acc,sg","n,II,acc,sg","n,II,acc,sg","n,II,acc,sg","n,II,acc,sg","n,II,acc,sg"
"inimicus:nompl","m,II,nom,pl","n,II,acc,sg","n,II,acc,pl","n,II,acc,pl","n,II,acc,pl","n,II,acc,pl","n,II,acc,pl","n,II,acc,pl","n,II,acc,pl","n,II,acc,pl","n,II,acc,pl","n,II,acc,pl","n,II,acc,pl","n,II,acc,pl","n,II,acc,pl","n,II,acc,pl"
"inimicus:genpl","m,II,gen,pl","n,II,acc,pl","m,II,acc,pl","f,II,acc,pl","n,II,acc,pl","n,II,acc,pl","f,II,acc,pl","n,II,acc,pl","n,II,acc,pl","n,II,acc,pl","n,II,acc,pl","n,II,acc,pl","n,II,acc,pl","n,II,acc,pl","n,II,acc,pl","n,II,acc,pl"
"inimicus:accpl","m,II,acc,pl","m,II,acc,pl","n,II,acc,pl","n,II,acc,pl","n,II,acc,pl","n,II,acc,pl","n,II,acc,pl","n,II,acc,pl","n,II,acc,pl","n,II,acc,pl","n,II,acc,pl","n,II,acc,pl","n,II,acc,pl","n,II,acc,pl","n,II,acc,pl","n,II,acc,pl"
"injuria:nomsg","f,I,nom,sg","n,II,gen,sg","f,I,acc,sg","f,I,acc,pl","f,I,acc,pl","n,I,acc,pl","n,I,acc,pl","f,I,acc,pl","f,I,acc,sg","f,I,acc,pl","f,I,acc,sg","f,I,acc,pl","f,I,acc,pl","f,I,acc,pl","f,I,acc,pl","f,I,acc,pl"
"injuria:gensg","f,I,gen,sg","f,I,gen,sg","f,I,acc,sg","f,I,acc,sg","f,I,acc,sg","f,I,acc,sg","f,I,acc,sg","f,III,acc,sg","f,I,acc,sg","f,I,acc,sg","f,I,acc,sg","f,I,acc,sg","f,I,acc,sg","f,I,acc,pl","f,III,acc,pl","f,I,acc,pl"
"injuria:accsg","f,I,acc,sg","f,I,acc,sg","f,I,acc,sg","f,I,acc,sg","f,I,acc,sg","n,I,acc,sg","f,I,acc,sg","f,I,acc,sg","f,I,acc,sg","f,I,acc,sg","f,I,acc,sg","f,I,acc,sg","f,I,acc,sg","f,I,acc,sg","f,I,acc,sg","f,I,acc,sg"
"injuria:nompl","f,I,nom,pl","f,I,gen,sg","f,I,acc,sg","f,I,acc,sg","f,I,acc,sg","f,I,acc,sg","f,I,acc,sg","f,III,acc,sg","f,I,acc,sg","f,I,acc,sg","f,I,acc,sg","f,I,acc,sg","f,I,acc,sg","f,I,acc,pl","f,III,acc,pl","f,I,acc,pl"
"injuria:genpl","f,I,gen,pl","f,I,gen,pl","f,I,acc,pl","f,III,acc,pl","f,I,acc,pl","f,I,acc,pl","f,I,acc,pl","f,I,acc,pl","f,I,acc,pl","f,I,acc,pl","f,I,acc,pl","f,I,acc,pl","f,I,acc,pl","f,I,acc,pl","f,I,acc,pl","f,I,acc,pl"
"injuria:accpl","f,I,acc,pl","f,I,acc,pl","f,I,acc,pl","f,I,acc,pl","f,I,acc,pl","f,I,acc,pl","f,I,acc,pl","f,I,acc,pl","f,I,acc,pl","f,I,acc,pl","f,I,acc,pl","f,I,acc,pl","f,I,acc,pl","f,I,acc,pl","f,I,acc,pl","f,I,acc,pl"
"intestina:nomsg","n,II,nom,sg","n,II,acc,sg","n,II,acc,sg","n,II,acc,sg","n,II,acc,sg","n,II,acc,sg","n,II,acc,sg","n,II,acc,sg","n,II,acc,sg","n,II,acc,sg","n,II,acc,sg","n,II,acc,sg","n,II,acc,sg","n,II,acc,sg","n,II,acc,sg","n,II,acc,sg"
"intestina:gensg","n,II,gen,sg","n,II,acc,sg","n,II,acc,sg","n,II,acc,sg","n,II,acc,sg","n,II,acc,sg","n,II,acc,sg","n,II,acc,sg","n,II,acc,sg","n,II,acc,sg","n,II,acc,sg","n,II,acc,sg","n,II,acc,sg","n,II,acc,sg","n,II,acc,sg","n,II,acc,sg"
"intestina:accsg","n,II,acc,sg","n,II,acc,sg","n,II,acc,sg","n,II,acc,sg","n,II,acc,sg","n,II,acc,sg","n,II,acc,sg","n,II,acc,sg","n,II,acc,sg","n,II,acc,sg","n,II,acc,sg","n,II,acc,sg","n,II,acc,sg","n,II,acc,sg","n,II,acc,sg","n,II,acc,sg"
"intestina:nompl","n,II,nom,pl","n,II,nom,sg","m,II,acc,sg","f,II,acc,pl","f,I,acc,pl","f,I,acc,pl","f,I,acc,pl","f,I,acc,pl","f,I,acc,sg","f,I,acc,pl","f,I,acc,pl","f,I,acc,pl","f,I,acc,pl","f,I,acc,pl","f,I,acc,pl","f,I,acc,pl"
"intestina:genpl","n,II,gen,pl","n,II,gen,pl","m,II,acc,pl","n,II,acc,pl","n,II,acc,pl","n,II,acc,pl","n,II,acc,pl","n,II,acc,pl","n,II,acc,sg","n,II,acc,sg","n,II,acc,pl","n,II,acc,pl","n,II,acc,pl","n,II,acc,pl","n,II,acc,pl","n,II,acc,pl"
"intestina:accpl","n,II,acc,pl","n,II,nom,sg","m,II,acc,sg","f,II,acc,pl","f,I,acc,pl","f,I,acc,pl","f,I,acc,pl","f,I,acc,pl","f,I,acc,sg","f,I,acc,pl","f,I,acc,pl","f,I,acc,pl","f,I,acc,pl","f,I,acc,pl","f,I,acc,pl","f,I,acc,pl"
"ira:nomsg","f,I,nom,sg","f,I,nom,pl","f,II,nom,pl","f,I,acc,pl","f,I,acc,pl","f,I,acc,pl","f,I,acc,pl","f,I,acc,pl","f,I,acc,pl","f,I,acc,pl","f,I,acc,pl","f,I,acc,pl","f,I,acc,pl","f,I,acc,pl","f,I,acc,pl","f,I,acc,pl"
"ira:gensg","f,I,gen,sg","f,I,acc,pl","f,I,acc,pl","f,I,acc,pl","f,I,acc,pl","f,I,acc,pl","f,I,acc,pl","f,I,acc,pl","f,I,acc,pl","f,I,acc,pl","f,I,acc,pl","f,I,acc,pl","f,I,acc,pl","f,I,acc,pl","f,I,acc,pl","f,I,acc,pl"
"ira:accsg","f,I,acc,sg","f,I,acc,sg","f,I,acc,sg","f,I,acc,sg","f,I,acc,sg","f,I,acc,sg","f,I,acc,sg","f,I,acc,sg","f,I,acc,sg","f,I,acc,sg","f,I,acc,sg","f,I,acc,sg","f,I,acc,sg","f,I,acc,sg","f,I,acc,sg","f,I,acc,sg"
"ira:nompl","f,I,nom,pl","f,I,acc,pl","f,I,acc,pl","f,I,acc,pl","f,I,acc,pl","f,I,acc,pl","f,I,acc,pl","f,I,acc,pl","f,I,acc,pl","f,I,acc,pl","f,I,acc,pl","f,I,acc,pl","f,I,acc,pl","f,I,acc,pl","f,I,acc,pl","f,I,acc,pl"
"ira:genpl","f,I,gen,pl","f,I,gen,pl","f,I,acc,pl","f,I,acc,pl","f,I,acc,pl","f,I,acc,pl","f,I,acc,pl","f,I,acc,pl","f,I,acc,pl","f,I,acc,pl","f,I,acc,pl","f,I,acc,pl","f,I,acc,pl","f,I,acc,pl","f,I,acc,pl","f,I,acc,pl"
"ira:accpl","f,I,acc,pl","f,I,acc,pl","f,I,acc,pl","f,I,acc,pl","f,I,acc,pl","f,I,acc,pl","f,I,acc,pl","f,I,acc,pl","f,I,acc,pl","f,I,acc,pl","f,I,acc,pl","f,I,acc,pl","f,I,acc,pl","f,I,acc,pl","f,I,acc,pl","f,I,acc,pl"
"jugum:nomsg","n,II,nom,sg","n,II,acc,sg","n,II,acc,sg","n,II,acc,sg","n,II,acc,sg","n,II,acc,sg","n,II,acc,sg","n,II,acc,sg","n,II,acc,sg","n,II,acc,sg","n,II,acc,sg","n,II,acc,sg","n,II,acc,sg","n,II,acc,sg","n,II,acc,sg","n,II,acc,sg"
"jugum:gensg","n,II,gen,sg","n,II,acc,pl","n,II,acc,pl","n,II,acc,pl","n,II,acc,pl","n,II,acc,pl","n,II,acc,pl","n,II,acc,pl","n,II,acc,pl","n,II,acc,pl","n,II,acc,pl","n,II,acc,pl","n,II,acc,pl","n,II,acc,pl","n,II,acc,pl","n,II,acc,pl"
"jugum:accsg","n,II,acc,sg","n,II,acc,sg","n,II,acc,sg","n,II,acc,sg","n,II,acc,sg","n,II,acc,sg","n,II,acc,sg","n,II,acc,sg","n,II,acc,sg","n,II,acc,sg","n,II,acc,sg","n,II,acc,sg","n,II,acc,sg","n,II,acc,sg","n,II,acc,sg","n,II,acc,sg"
"jugum:nompl","n,II,nom,pl","f,I,nom,sg","f,I,acc,sg","f,I,acc,sg","f,I,acc,sg","f,I,acc,sg","f,I,acc,pl","f,I,acc,pl","f,I,acc,pl","f,I,acc,pl","f,I,acc,pl","f,I,acc,pl","f,I,acc,pl","f,I,acc,pl","f,I,acc,pl","f,I,acc,pl"
"jugum:genpl","n,II,gen,pl","n,III,gen,pl","n,II,acc,pl","f,II,acc,pl","f,II,acc,pl","f,III,acc,pl","n,II,acc,pl","n,II,acc,pl","n,II,acc,pl","n,II,acc,pl","n,II,acc,pl","n,II,acc,pl","n,II,acc,pl","n,II,acc,pl","n,II,acc,pl","n,II,acc,pl"
"jugum:accpl","n,II,acc,pl","f,I,nom,sg","f,I,acc,sg","f,I,acc,sg","f,I,acc,sg","f,I,acc,sg","f,I,acc,pl","f,I,acc,pl","f,I,acc,pl","f,I,acc,pl","f,I,acc,pl","f,I,acc,pl","f,I,acc,pl","f,I,acc,pl","f,I,acc,pl","f,I,acc,pl"
"jus:nomsg","n,III,nom,sg","n,III,nom,sg","n,II,nom,sg","n,II,nom,sg","n,II,nom,pl","n,II,acc,pl","n,II,acc,pl","n,II,acc,pl","n,II,acc,pl","n,II,acc,pl","n,II,acc,pl","n,II,acc,pl","n,II,acc,pl","n,II,acc,pl","n,II,acc,pl","n,II,acc,pl"
"jus:gensg","n,III,gen,sg","f,III,acc,pl","f,III,gen,pl","f,III,acc,pl","f,III,acc,pl","f,III,acc,pl","n,II,acc,pl","n,II,acc,pl","f,III,acc,pl","f,III,acc,pl","f,III,acc,pl","f,III,acc,pl","f,III,acc,pl","f,III,acc,pl","f,III,acc,pl","f,III,acc,sg"
"jus:accsg","n,III,acc,sg","n,III,nom,sg","n,II,nom,sg","n,II,nom,sg","n,II,nom,pl","n,II,acc,pl","n,II,acc,pl","n,II,acc,pl","n,II,acc,pl","n,II,acc,pl","n,II,acc,pl","n,II,acc,pl","n,II,acc,pl","n,II,acc,pl","n,II,acc,pl","n,II,acc,pl"
"jus:nompl","n,III,nom,pl","n,III,acc,pl","n,II,nom,pl","n,II,acc,pl","n,II,acc,pl","n,II,acc,pl","n,II,acc,pl","n,II,acc,pl","n,II,acc,pl","n,II,acc,pl","n,II,acc,pl","n,II,acc,pl","n,II,acc,pl","n,II,acc,pl","n,II,acc,pl","n,II,acc,pl"
"jus:genpl","n,III,gen,pl","n,III,gen,pl","n,II,acc,pl","n,II,acc,pl","n,II,acc,pl","n,II,acc,pl","n,II,acc,pl","n,II,acc,pl","n,II,acc,pl","n,II,acc,pl","n,II,acc,pl","n,II,acc,pl","n,II,acc,pl","n,II,acc,pl","n,II,acc,pl","n,II,acc,sg"
"jus:accpl","n,III,acc,pl","n,III,acc,pl","n,II,nom,pl","n,II,acc,pl","n,II,acc,pl","n,II,acc,pl","n,II,acc,pl","n,II,acc,pl","n,II,acc,pl","n,II,acc,pl","n,II,acc,pl","n,II,acc,pl","n,II,acc,pl","n,II,acc,pl","n,II,acc,pl","n,II,acc,pl"
"labium:nomsg","n,II,nom,sg","n,II,acc,sg","n,II,acc,sg","n,II,acc,sg","n,II,acc,sg","n,II,acc,sg","n,II,acc,sg","n,II,acc,sg","n,II,acc,sg","n,II,acc,sg","n,II,acc,sg","n,II,acc,sg","n,II,acc,sg","n,II,acc,sg","n,II,acc,sg","n,II,acc,sg"
"labium:gensg","n,II,gen,sg","n,II,gen,sg","n,II,acc,pl","n,II,acc,pl","n,II,acc,pl","n,II,acc,pl","n,II,acc,pl","n,II,acc,pl","n,II,acc,pl","n,II,acc,pl","n,II,acc,pl","n,II,acc,pl","n,II,acc,pl","n,II,acc,pl","n,II,acc,pl","n,II,acc,pl"
"labium:accsg","n,II,acc,sg","n,II,acc,sg","n,II,acc,sg","n,II,acc,sg","n,II,acc,sg","n,II,acc,sg","n,II,acc,sg","n,II,acc,sg","n,II,acc,sg","n,II,acc,sg","n,II,acc,sg","n,II,acc,sg","n,II,acc,sg","n,II,acc,sg","n,II,acc,sg","n,II,acc,sg"
"labium:nompl","n,II,nom,pl","f,II,nom,sg","f,I,acc,sg","f,I,acc,pl","f,I,acc,pl","f,I,acc,pl","f,I,acc,pl","f,I,acc,pl","f,I,acc,pl","f,I,acc,pl","f,I,acc,pl","f,I,acc,pl","f,I,acc,pl","f,I,acc,pl","f,I,acc,pl","f,I,acc,pl"
"labium:genpl","n,II,gen,pl","n,II,gen,pl","n,II,acc,pl","n,II,acc,pl","n,II,acc,pl","n,II,acc,pl","n,II,acc,pl","n,II,acc,pl","n,II,acc,pl","n,II,acc,pl","n,II,acc,pl","n,II,acc,pl","n,II,acc,pl","n,II,acc,pl","n,II,acc,pl","n,II,acc,pl"
"labium:accpl","n,II,acc,pl","f,II,nom,sg","f,I,acc,sg","f,I,acc,pl","f,I,acc,pl","f,I,acc,pl","f,I,acc,pl","f,I,acc,pl","f,I,acc,pl","f,I,acc,pl","f,I,acc,pl","f,I,acc,pl","f,I,acc,pl","f,I,acc,pl","f,I,acc,pl","f,I,acc,pl"
"labor:nomsg","m,III,nom,sg","n,II,nom,sg","n,III,nom,sg","n,III,nom,sg","f,III,acc,sg","f,III,acc,sg","f,III,acc,sg","f,III,acc,sg","f,III,acc,sg","f,III,acc,sg","f,III,acc,sg","f,III,acc,sg","f,III,acc,sg","f,III,acc,sg","f,III,acc,sg","f,III,acc,sg"
"labor:gensg","m,III,gen,sg","n,III,gen,sg","f,III,acc,pl","f,III,acc,pl","f,III,acc,pl","f,III,acc,pl","f,III,acc,pl","f,III,acc,pl","f,III,acc,pl","f,III,acc,pl","f,III,acc,pl","f,III,acc,pl","f,III,acc,pl","f,III,acc,pl","f,III,acc,pl","f,III,acc,pl"
"labor:accsg","m,III,acc,sg","n,III,acc,sg","f,III,acc,sg","f,III,acc,sg","f,III,acc,sg","f,III,acc,sg","f,III,acc,sg","f,III,acc,sg","f,III,acc,sg","f,III,acc,sg","f,III,acc,sg","f,III,acc,sg","f,III,acc,sg","f,III,acc,sg","f,III,acc,sg","f,III,acc,sg"
"labor:nompl","m,III,nom,pl","n,III,acc,pl","f,III,acc,pl","f,III,acc,pl","f,III,acc,pl","f,III,acc,pl","f,III,acc,pl","f,III,acc,pl","f,III,acc,pl","f,III,acc,pl","f,III,acc,pl","f,III,acc,pl","f,III,acc,pl","f,III,acc,pl","f,III,acc,pl","f,III,acc,pl"
"labor:genpl","m,III,gen,pl","n,II,gen,pl","n,II,acc,pl","n,II,acc,pl","f,II,acc,pl","n,II,acc,pl","n,II,acc,pl","n,II,acc,pl","n,II,acc,pl","n,II,acc,sg","n,II,acc,pl","n,II,acc,pl","n,II,acc,pl","n,II,acc,pl","n,II,acc,pl","n,II,acc,pl"
"labor:accpl","m,III,acc,pl","n,III,acc,pl","f,III,acc,pl","f,III,acc,pl","f,III,acc,pl","f,III,acc,pl","f,III,acc,pl","f,III,acc,pl","f,III,acc,pl","f,III,acc,pl","f,III,acc,pl","f,III,acc,pl","f,III,acc,pl","f,III,acc,pl","f,III,acc,pl","f,III,acc,pl"
"lac:nomsg","n,III,nom,sg","f,I,acc,sg","f,I,acc,sg","f,I,acc,sg","f,I,acc,sg","f,I,acc,sg","f,I,acc,sg","f,I,acc,sg","f,I,acc,sg","f,I,acc,sg","f,I,acc,sg","f,I,acc,sg","f,I,acc,sg","f,I,acc,sg","f,I,acc,sg","f,I,acc,sg"
"lac:gensg","n,III,gen,sg","f,III,acc,sg","f,III,acc,sg","f,III,acc,sg","f,III,acc,sg","f,III,acc,sg","f,III,acc,sg","f,III,acc,sg","f,III,acc,sg","f,III,acc,sg","f,III,acc,sg","f,III,acc,sg","f,III,acc,sg","f,III,acc,sg","f,III,acc,sg","f,III,acc,sg"
"lac:accsg","n,III,acc,sg","f,I,acc,sg","f,I,acc,sg","f,I,acc,sg","f,I,acc,sg","f,I,acc,sg","f,I,acc,sg","f,I,acc,sg","f,I,acc,sg","f,I,acc,sg","f,I,acc,sg","f,I,acc,sg","f,I,acc,sg","f,I,acc,sg","f,I,acc,sg","f,I,acc,sg"
"lac:nompl","n,III,nom,pl","n,III,acc,pl","f,III,acc,pl","f,I,acc,pl","f,I,acc,pl","f,I,acc,sg","f,I,acc,sg","f,I,acc,sg","f,I,acc,sg","f,I,acc,sg","f,I,acc,sg","f,III,acc,sg","f,I,acc,sg","f,I,acc,sg","f,III,acc,sg","f,III,acc,sg"
"lac:genpl","n,III,gen,pl","f,III,acc,pl","f,III,acc,pl","f,I,acc,pl","f,I,acc,sg","f,I,acc,sg","f,I,acc,sg","f,I,acc,sg","f,I,acc,sg","f,I,acc,sg","f,I,acc,sg","f,III,acc,sg","f,III,acc,sg","f,I,acc,sg","f,I,acc,sg","f,III,acc,sg"
"lac:accpl","n,III,acc,pl","n,III,acc,pl","f,III,acc,pl","f,I,acc,pl","f,I,acc,pl","f,I,acc,sg","f,I,acc,sg","f,I,acc,sg","f,I,acc,sg","f,I,acc,sg","f,I,acc,sg","f,III,acc,sg","f,I,acc,sg","f,I,acc,sg","f,III,acc,sg","f,III,acc,sg"
"lacrima:nomsg","f,I,nom,sg","f,II,nom,sg","f,I,acc,sg","f,I,acc,pl","f,I,acc,pl","f,I,acc,pl","f,I,acc,pl","f,I,acc,pl","f,I,acc,pl","f,I,acc,pl","f,I,acc,pl","f,I,acc,pl","f,I,acc,pl","f,I,acc,pl","f,I,acc,pl","f,I,acc,pl"
"lacrima:gensg","f,I,gen,sg","f,I,nom,pl","f,I,acc,pl","f,I,acc,pl","f,I,acc,pl","f,I,acc,pl","f,I,acc,pl","f,I,acc,pl","f,I,acc,pl","f,I,acc,pl","f,I,acc,pl","f,I,acc,pl","f,I,acc,pl","f,I,acc,pl","f,I,acc,pl","f,I,acc,pl"
"lacrima:accsg","f,I,acc,sg","f,I,acc,sg","f,I,acc,sg","f,I,acc,sg","f,I,acc,sg","f,I,acc,sg","f,I,acc,sg","f,I,acc,sg","f,I,acc,sg","f,I,acc,sg","f,I,acc,sg","f,I,acc,sg","f,I,acc,sg","f,I,acc,sg","f,I,acc,sg","f,I,acc,sg"
"lacrima:nompl","f,I,nom,pl","f,I,nom,pl","f,I,acc,pl","f,I,acc,pl","f,I,acc,pl","f,I,acc,pl","f,I,acc,pl","f,I,acc,pl","f,I,acc,pl","f,I,acc,pl","f,I,acc,pl","f,I,acc,pl","f,I,acc,pl","f,I,acc,pl","f,I,acc,pl","f,I,acc,pl"
"lacrima:genpl","f,I,gen,pl","f,I,gen,pl","f,I,acc,pl","f,I,acc,pl","f,I,acc,pl","f,I,acc,pl","f,I,acc,pl","f,I,acc,pl","f,I,acc,pl","f,I,acc,pl","f,I,acc,pl","f,I,acc,pl","f,I,acc,pl","f,I,acc,pl","f,I,acc,pl","f,I,acc,pl"
"lacrima:accpl","f,I,acc,pl","f,I,acc,pl","f,I,acc,pl","f,I,acc,pl","f,I,acc,pl","f,I,acc,pl","f,I,acc,pl","f,I,acc,pl","f,I,acc,pl","f,I,acc,pl","f,I,acc,pl","f,I,acc,pl","f,I,acc,pl","f,I,acc,pl","f,I,acc,pl","f,I,acc,pl"
"lacuna:nomsg","f,I,nom,sg","f,II,nom,sg","f,I,acc,pl","f,I,acc,sg","f,I,acc,pl","f,I,acc,pl","f,I,acc,pl","f,I,acc,pl","f,I,acc,pl","f,I,acc,pl","f,I,acc,pl","f,I,acc,pl","f,I,acc,pl","f,I,acc,pl","f,I,acc,pl","f,I,acc,pl"
"lacuna:gensg","f,I,gen,sg","f,II,nom,pl","f,I,acc,pl","f,I,acc,pl","f,I,acc,pl","f,I,acc,pl","f,I,acc,pl","f,I,acc,pl","f,I,acc,pl","f,I,acc,pl","f,I,acc,pl","f,I,acc,pl","f,I,acc,pl","f,I,acc,pl","f,I,acc,pl","f,I,acc,pl"
"lacuna:accsg","f,I,acc,sg","f,I,acc,sg","f,I,acc,sg","f,I,acc,sg","f,I,acc,sg","f,I,acc,sg","f,I,acc,sg","f,I,acc,sg","f,I,acc,sg","f,I,acc,sg","f,I,acc,sg","f,I,acc,sg","f,I,acc,sg","f,I,acc,sg","f,I,acc,sg","f,I,acc,sg"
"lacuna:nompl","f,I,nom,pl","f,II,nom,pl","f,I,acc,pl","f,I,acc,pl","f,I,acc,pl","f,I,acc,pl","f,I,acc,pl","f,I,acc,pl","f,I,acc,pl","f,I,acc,pl","f,I,acc,pl","f,I,acc,pl","f,I,acc,pl","f,I,acc,pl","f,I,acc,pl","f,I,acc,pl"
"lacuna:genpl","f,I,gen,pl","f,I,gen,pl","f,I,acc,pl","f,I,acc,pl","f,I,acc,pl","f,I,acc,pl","f,I,acc,pl","f,I,acc,pl","f,I,acc,pl","f,I,acc,pl","f,I,acc,pl","f,I,acc,pl","f,I,acc,pl","f,I,acc,pl","f,I,acc,pl","f,I,acc,pl"
"lacuna:accpl","f,I,acc,pl","f,I,acc,pl","f,I,acc,pl","f,I,acc,pl","f,I,acc,pl","f,I,acc,pl","f,I,acc,pl","f,I,acc,pl","f,I,acc,pl","f,I,acc,pl","f,I,acc,pl","f,I,acc,pl","f,I,acc,pl","f,I,acc,pl","f,I,acc,pl","f,I,acc,pl"
"lacus:nomsg","m,IV,nom,sg","m,II,nom,sg","m,II,nom,sg","n,III,nom,sg","n,II,nom,sg","n,II,acc,sg","n,II,acc,sg","n,II,acc,sg","n,II,acc,sg","n,II,acc,sg","n,II,acc,sg","n,II,acc,sg","n,II,acc,sg","n,II,acc,sg","n,II,acc,sg","n,II,acc,sg"
"lacus:gensg","m,IV,gen,sg","m,IV,acc,pl","m,II,acc,pl","n,II,acc,pl","n,II,nom,pl","n,II,acc,pl","n,II,acc,pl","n,II,acc,pl","n,II,acc,pl","n,II,acc,pl","n,II,acc,pl","n,II,acc,pl","n,II,acc,pl","n,II,acc,pl","n,II,acc,pl","n,II,acc,pl"
"lacus:accsg","m,IV,acc,sg","m,II,acc,sg","n,II,acc,sg","n,II,acc,sg","n,II,acc,sg","n,II,acc,sg","n,II,acc,sg","n,II,acc,sg","n,II,acc,sg","n,II,acc,sg","n,II,acc,sg","n,II,acc,sg","n,II,acc,sg","n,II,acc,sg","n,II,acc,sg","n,II,acc,sg"
"lacus:nompl","m,IV,nom,pl","m,IV,acc,pl","m,II,acc,pl","n,II,acc,pl","n,II,nom,pl","n,II,acc,pl","n,II,acc,pl","n,II,acc,pl","n,II,acc,pl","n,II,acc,pl","n,II,acc,pl","n,II,acc,pl","n,II,acc,pl","n,II,acc,pl","n,II,acc,pl","n,II,acc,pl"
"lacus:genpl","m,IV,gen,pl","n,II,gen,pl","n,II,nom,pl","n,II,acc,sg","n,II,acc,pl","n,II,acc,sg","n,II,acc,pl","n,II,acc,sg","n,II,acc,sg","n,II,acc,sg","n,II,acc,sg","n,II,acc,sg","n,II,acc,sg","n,II,acc,sg","n,II,acc,sg","n,II,acc,sg"
"lacus:accpl","m,IV,acc,pl","m,IV,acc,pl","m,II,acc,pl","n,II,acc,pl","n,II,nom,pl","n,II,acc,pl","n,II,acc,pl","n,II,acc,pl","n,II,acc,pl","n,II,acc,pl","n,II,acc,pl","n,II,acc,pl","n,II,acc,pl","n,II,acc,pl","n,II,acc,pl","n,II,acc,pl"
"lampada:nomsg","f,I,nom,sg","f,II,nom,sg","f,I,acc,pl","f,I,acc,pl","f,I,acc,pl","f,I,acc,pl","f,I,acc,pl","f,I,acc,pl","f,I,acc,pl","f,I,acc,pl","f,I,acc,pl","f,I,acc,pl","f,I,acc,pl","f,I,acc,pl","f,I,acc,pl","f,I,acc,pl"
"lampada:gensg","f,I,gen,sg","f,II,nom,pl","f,I,acc,pl","f,I,acc,pl","f,II,acc,pl","f,I,acc,pl","f,I,acc,pl","f,I,acc,pl","f,I,acc,pl","f,I,acc,pl","f,I,acc,pl","f,I,acc,pl","f,I,acc,pl","f,I,acc,pl","f,I,acc,pl","f,I,acc,pl"
"lampada:accsg","f,I,acc,sg","f,II,acc,sg","f,I,acc,sg","f,I,acc,sg","f,II,acc,sg","f,I,acc,sg","f,I,acc,sg","f,I,acc,sg","f,I,acc,sg","f,I,acc,sg","f,I,acc,sg","f,I,acc,sg","f,I,acc,sg","f,I,acc,sg","f,I,acc,sg","f,I,acc,sg"
"lampada:nompl","f,I,nom,pl","f,II,nom,pl","f,I,acc,pl","f,I,acc,pl","f,II,acc,pl","f,I,acc,pl","f,I,acc,pl","f,I,acc,pl","f,I,acc,pl","f,I,acc,pl","f,I,acc,pl","f,I,acc,pl","f,I,acc,pl","f,I,acc,pl","f,I,acc,pl","f,I,acc,pl"
"lampada:genpl","f,I,gen,pl","f,I,gen,pl","f,I,acc,pl","f,I,acc,pl","f,II,acc,pl","f,I,acc,pl","f,I,acc,pl","f,I,acc,pl","f,I,acc,pl","f,I,acc,pl","f,I,acc,pl","f,I,acc,pl","f,I,acc,pl","f,I,acc,pl","f,I,acc,pl","f,I,acc,pl"
"lampada:accpl","f,I,acc,pl","f,I,acc,pl","f,I,acc,pl","f,I,acc,pl","f,II,acc,pl","f,I,acc,pl","f,I,acc,pl","f,I,acc,pl","f,I,acc,pl","f,I,acc,pl","f,I,acc,pl","f,I,acc,pl","f,I,acc,pl","f,I,acc,pl","f,I,acc,pl","f,I,acc,pl"
"lana:nomsg","f,I,nom,sg","f,II,nom,sg","f,I,nom,pl","f,I,acc,sg","f,I,acc,pl","f,I,acc,pl","f,I,acc,pl","f,I,acc,pl","f,I,acc,pl","f,I,acc,pl","f,I,acc,pl","f,I,acc,pl","f,I,acc,pl","f,I,acc,pl","f,I,acc,pl","f,I,acc,pl"
"lana:gensg","f,I,gen,sg","f,I,nom,pl","f,I,acc,pl","f,I,acc,pl","f,I,acc,pl","f,I,acc,pl","f,I,acc,pl","f,I,acc,pl","f,I,acc,pl","f,I,acc,pl","f,I,acc,pl","f,I,acc,pl","f,I,acc,pl","f,I,acc,pl","f,I,acc,pl","f,I,acc,pl"
"lana:accsg","f,I,acc,sg","f,I,acc,sg","f,I,acc,sg","f,I,acc,sg","f,I,acc,sg","f,I,acc,sg","f,I,acc,sg","f,I,acc,sg","f,I,acc,sg","f,I,acc,sg","f,I,acc,sg","f,I,acc,sg","f,I,acc,sg","f,I,acc,sg","f,I,acc,sg","f,I,acc,sg"
"lana:nompl","f,I,nom,pl","f,I,nom,pl","f,I,acc,pl","f,I,acc,pl","f,I,acc,pl","f,I,acc,pl","f,I,acc,pl","f,I,acc,pl","f,I,acc,pl","f,I,acc,pl","f,I,acc,pl","f,I,acc,pl","f,I,acc,pl","f,I,acc,pl","f,I,acc,pl","f,I,acc,pl"
"lana:genpl","f,I,gen,pl","f,III,gen,pl","f,I,acc,pl","f,I,acc,pl","f,I,acc,pl","f,I,acc,pl","f,I,acc,pl","f,I,acc,pl","f,I,acc,pl","f,I,acc,pl","f,I,acc,pl","f,I,acc,pl","f,I,acc,pl","f,I,acc,pl","f,I,acc,pl","f,I,acc,pl"
"lana:accpl","f,I,acc,pl","f,III,acc,pl","f,I,acc,pl","f,I,acc,pl","f,I,acc,pl","f,I,acc,pl","f,I,acc,pl","f,I,acc,pl","f,I,acc,pl","f,I,acc,pl","f,I,acc,pl","f,I,acc,pl","f,I,acc,pl","f,I,acc,pl","f,I,acc,pl","f,I,acc,pl"
"languor:nomsg","m,III,nom,sg","f,II,nom,sg","n,II,acc,sg","n,II,acc,sg","n,II,acc,sg","f,III,acc,sg","f,III,acc,sg","f,III,acc,sg","f,III,acc,sg","f,III,acc,sg","f,III,acc,sg","f,III,acc,sg","f,III,acc,sg","f,III,acc,sg","f,III,acc,sg","f,III,acc,sg"
"languor:gensg","m,III,gen,sg","n,III,acc,pl","f,II,acc,pl","f,III,acc,pl","f,III,acc,pl","f,III,acc,pl","f,III,acc,sg","f,III,acc,sg","f,III,acc,pl","f,III,acc,pl","f,III,acc,pl","f,III,acc,pl","f,III,acc,pl","f,III,acc,pl","f,III,acc,pl","f,III,acc,pl"
"languor:accsg","m,III,acc,sg","n,III,acc,sg","n,II,acc,pl","n,III,acc,sg","f,III,acc,sg","f,III,acc,sg","f,III,acc,sg","f,III,acc,sg","f,III,acc,sg","f,III,acc,sg","f,III,acc,sg","f,III,acc,sg","f,III,acc,sg","f,III,acc,sg","f,III,acc,sg","f,III,acc,sg"
"languor:nompl","m,III,nom,pl","n,II,nom,pl","n,II,acc,pl","f,III,acc,pl","f,III,acc,pl","f,III,acc,pl","f,III,acc,pl","f,III,acc,pl","f,III,acc,pl","f,III,acc,pl","f,III,acc,pl","f,III,acc,pl","f,III,acc,pl","f,III,acc,pl","f,III,acc,pl","f,III,acc,pl"
"languor:genpl","m,III,gen,pl","n,II,gen,pl","n,II,acc,pl","n,II,acc,pl","n,II,acc,pl","n,II,acc,pl","n,II,acc,pl","n,II,acc,pl","n,II,acc,pl","n,II,acc,pl","n,II,acc,pl","n,II,acc,pl","n,II,acc,pl","n,II,acc,pl","n,II,acc,pl","n,II,acc,pl"
"languor:accpl","m,III,acc,pl","n,II,nom,pl","n,II,acc,pl","f,III,acc,pl","f,III,acc,pl","f,III,acc,pl","f,III,acc,pl","f,III,acc,pl","f,III,acc,pl","f,III,acc,pl","f,III,acc,pl","f,III,acc,pl","f,III,acc,pl","f,III,acc,pl","f,III,acc,pl","f,III,acc,pl"
"lapis:nomsg","m,III,nom,sg","f,III,nom,sg","f,III,nom,sg","f,III,acc,sg","f,III,nom,sg","f,III,acc,sg","f,III,acc,pl","f,III,acc,sg","f,III,acc,sg","f,III,acc,sg","f,III,acc,sg","f,III,acc,sg","f,III,acc,sg","f,III,acc,sg","f,III,acc,sg","f,III,acc,sg"
"lapis:gensg","m,III,gen,sg","m,III,gen,sg","f,III,acc,sg","f,III,acc,sg","f,III,acc,sg","f,III,acc,sg","f,III,acc,sg","f,III,acc,sg","f,III,acc,sg","f,III,acc,sg","f,III,acc,sg","f,III,acc,sg","f,III,acc,sg","f,III,acc,sg","f,III,acc,sg","f,III,acc,sg"
"lapis:accsg","m,III,acc,sg","f,III,acc,sg","f,III,acc,sg","f,III,acc,sg","f,III,acc,sg","f,III,acc,sg","f,III,acc,sg","f,III,acc,sg","f,III,acc,sg","f,III,acc,sg","f,III,acc,sg","f,III,acc,sg","f,III,acc,sg","f,III,acc,sg","f,III,acc,sg","f,III,acc,sg"
"lapis:nompl","m,III,nom,pl","m,III,gen,pl","f,III,acc,pl","f,III,acc,pl","f,III,acc,pl","f,III,acc,sg","f,III,acc,pl","f,III,acc,pl","f,III,acc,sg","f,III,acc,sg","f,III,acc,sg","f,III,acc,sg","f,III,acc,sg","f,III,acc,sg","f,III,acc,sg","f,III,acc,sg"
"lapis:genpl","m,III,gen,pl","f,III,gen,pl","f,III,acc,pl","f,III,acc,sg","f,III,acc,sg","f,III,acc,pl","f,III,acc,pl","f,III,acc,sg","f,III,acc,sg","f,III,acc,sg","f,III,acc,sg","f,III,acc,sg","f,III,acc,sg","f,III,acc,sg","f,III,acc,sg","f,III,acc,sg"
"lapis:accpl","m,III,acc,pl","m,III,gen,pl","f,III,acc,pl","f,III,acc,pl","f,III,acc,pl","f,III,acc,sg","f,III,acc,pl","f,III,acc,pl","f,III,acc,sg","f,III,acc,sg","f,III,acc,sg","f,III,acc,sg","f,III,acc,sg","f,III,acc,sg","f,III,acc,sg","f,III,acc,sg"
"lardum:nomsg","n,II,nom,sg","n,II,acc,sg","n,II,acc,sg","n,II,acc,sg","n,II,acc,sg","n,II,acc,sg","n,II,acc,sg","n,II,acc,sg","n,II,acc,sg","n,II,acc,sg","n,II,acc,sg","n,II,acc,sg","n,II,acc,sg","n,II,acc,sg","n,II,acc,sg","n,II,acc,sg"
"lardum:gensg","n,II,gen,sg","n,II,acc,sg","n,II,acc,sg","n,II,acc,pl","f,II,acc,pl","n,II,acc,pl","n,II,acc,pl","n,II,acc,pl","n,II,acc,pl","n,II,acc,pl","n,II,acc,pl","n,II,acc,pl","n,II,acc,pl","n,II,acc,pl","n,II,acc,pl","n,II,acc,pl"
"lardum:accsg","n,II,acc,sg","n,II,acc,sg","n,II,acc,sg","n,II,acc,sg","n,II,acc,sg","n,II,acc,sg","n,II,acc,sg","n,II,acc,sg","n,II,acc,sg","n,II,acc,sg","n,II,acc,sg","n,II,acc,sg","n,II,acc,sg","n,II,acc,sg","n,II,acc,sg","n,II,acc,sg"
"lardum:nompl","n,II,nom,pl","n,II,nom,pl","f,II,nom,pl","f,I,acc,sg","f,I,acc,pl","f,I,acc,pl","f,I,acc,pl","f,I,acc,pl","f,I,acc,pl","f,I,acc,pl","f,I,acc,pl","f,I,acc,pl","f,I,acc,pl","f,I,acc,pl","f,I,acc,pl","f,I,acc,pl"
"lardum:genpl","n,II,gen,pl","n,II,gen,pl","f,III,acc,sg","n,III,acc,pl","f,III,acc,pl","f,II,acc,pl","n,II,acc,pl","n,II,acc,pl","n,II,acc,pl","n,II,acc,sg","n,II,acc,pl","n,II,acc,pl","n,II,acc,pl","n,II,acc,pl","n,II,acc,pl","n,II,acc,pl"
"lardum:accpl","n,II,acc,pl","n,II,nom,pl","f,II,nom,pl","f,I,acc,sg","f,I,acc,pl","f,I,acc,pl","f,I,acc,pl","f,I,acc,pl","f,I,acc,pl","f,I,acc,pl","f,I,acc,pl","f,I,acc,pl","f,I,acc,pl","f,I,acc,pl","f,I,acc,pl","f,I,acc,pl"
"latro:nomsg","m,III,nom,sg","n,II,nom,sg","m,III,acc,sg","n,II,acc,pl","n,II,acc,pl","n,II,acc,pl","n,II,acc,pl","n,II,acc,pl","n,II,acc,pl","n,II,acc,pl","n,II,acc,pl","n,II,acc,pl","n,II,acc,pl","n,II,acc,pl","n,II,acc,pl","n,II,acc,pl"
"latro:gensg","m,III,gen,sg","m,III,gen,sg","f,III,acc,sg","f,III,acc,pl","f,III,acc,sg","f,III,acc,pl","f,III,acc,sg","f,III,acc,sg","f,III,acc,sg","f,III,acc,pl","f,III,acc,pl","f,III,acc,sg","f,III,acc,pl","f,III,acc,pl","f,III,acc,pl","f,III,acc,pl"
"latro:accsg","m,III,acc,sg","m,III,acc,sg","f,III,acc,sg","f,III,acc,sg","f,III,acc,sg","f,III,acc,sg","f,III,acc,sg","f,III,acc,sg","f,III,acc,sg","f,III,acc,sg","f,III,acc,sg","f,III,acc,sg","f,III,acc,pl","f,III,acc,pl","f,III,acc,pl","f,III,acc,pl"
"latro:nompl","m,III,nom,pl","n,III,acc,pl","f,III,acc,pl","f,III,acc,pl","f,III,acc,pl","f,III,acc,pl","f,III,acc,pl","f,III,acc,pl","f,III,acc,pl","f,III,acc,pl","f,III,acc,pl","f,III,acc,pl","f,III,acc,pl","f,III,acc,pl","f,III,acc,pl","f,III,acc,pl"
"latro:genpl","m,III,gen,pl","n,III,gen,pl","m,III,acc,sg","n,II,acc,pl","f,III,acc,pl","n,II,acc,pl","n,II,acc,pl","n,II,acc,pl","n,II,acc,sg","n,II,acc,sg","n,II,acc,pl","n,II,acc,pl","f,III,acc,pl","n,II,acc,pl","n,II,acc,pl","n,II,acc,pl"
"latro:accpl","m,III,acc,pl","n,III,acc,pl","f,III,acc,pl","f,III,acc,pl","f,III,acc,pl","f,III,acc,pl","f,III,acc,pl","f,III,acc,pl","f,III,acc,pl","f,III,acc,pl","f,III,acc,pl","f,III,acc,pl","f,III,acc,pl","f,III,acc,pl","f,III,acc,pl","f,III,acc,pl"
"lector:nomsg","m,III,nom,sg","m,II,nom,sg","n,III,nom,sg","n,II,nom,sg","n,III,nom,sg","f,III,acc,sg","f,III,acc,sg","f,III,acc,sg","f,III,acc,sg","f,III,acc,sg","f,III,acc,sg","f,III,acc,sg","f,III,acc,sg","f,III,acc,sg","f,III,acc,sg","f,III,acc,sg"
"lector:gensg","m,III,gen,sg","m,III,acc,sg","m,III,acc,pl","f,III,acc,sg","f,III,acc,sg","f,III,acc,sg","f,III,acc,sg","f,III,acc,sg","f,III,acc,sg","f,III,acc,pl","f,III,acc,sg","f,III,acc,pl","f,III,acc,pl","f,III,acc,pl","f,III,acc,pl","f,III,acc,pl"
"lector:accsg","m,III,acc,sg","m,III,acc,sg","f,III,acc,sg","f,III,acc,sg","f,III,acc,sg","f,III,acc,sg","f,III,acc,sg","f,III,acc,sg","f,III,acc,sg","f,III,acc,sg","f,III,acc,sg","f,III,acc,sg","f,III,acc,sg","f,III,acc,sg","f,III,acc,sg","f,III,acc,sg"
"lector:nompl","m,III,nom,pl","m,II,acc,pl","f,III,acc,pl","f,III,acc,pl","f,III,acc,pl","f,III,acc,pl","f,III,acc,pl","f,III,acc,pl","f,III,acc,pl","f,III,acc,sg","f,III,acc,sg","f,III,acc,pl","f,III,acc,pl","f,III,acc,pl","f,III,acc,pl","f,III,acc,pl"
"lector:genpl","m,III,gen,pl","n,II,gen,pl","n,II,acc,pl","n,II,acc,pl","n,II,acc,pl","n,II,acc,pl","n,II,acc,pl","n,II,acc,pl","n,II,acc,sg","n,II,acc,sg","n,II,acc,pl","n,II,acc,pl","n,II,acc,pl","n,II,acc,pl","n,II,acc,pl","n,II,acc,pl"
"lector:accpl","m,III,acc,pl","m,II,acc,pl","f,III,acc,pl","f,III,acc,pl","f,III,acc,pl","f,III,acc,pl","f,III,acc,pl","f,III,acc,pl","f,III,acc,pl","f,III,acc,sg","f,III,acc,sg","f,III,acc,pl","f,III,acc,pl","f,III,acc,pl","f,III,acc,pl","f,III,acc,pl"
"lectus:nomsg","m,II,nom,sg","n,II,nom,sg","n,II,nom,sg","n,II,nom,sg","n,II,nom,sg","n,II,acc,sg","n,II,acc,sg","n,II,acc,sg","n,II,acc,sg","n,II,acc,sg","n,II,acc,sg","n,II,acc,sg","n,II,acc,sg","n,II,acc,sg","n,II,acc,sg","n,II,acc,sg"
"lectus:gensg","m,II,gen,sg","n,II,gen,pl","n,II,acc,pl","n,II,acc,pl","n,II,acc,pl","n,II,acc,pl","n,II,acc,pl","n,II,acc,pl","n,II,acc,pl","n,II,acc,pl","n,II,acc,pl","n,II,acc,pl","n,II,acc,pl","n,II,acc,pl","n,II,acc,pl","n,II,acc,pl"
"lectus:accsg","m,II,acc,sg","n,II,acc,sg","n,II,acc,sg","n,II,acc,sg","n,II,acc,sg","n,II,acc,sg","n,II,acc,sg","n,II,acc,sg","n,II,acc,sg","n,II,acc,sg","n,II,acc,sg","n,II,acc,sg","n,II,acc,sg","n,II,acc,sg","n,II,acc,sg","n,II,acc,sg"
"lectus:nompl","m,II,nom,pl","n,II,gen,pl","n,II,acc,pl","n,II,acc,pl","n,II,acc,pl","n,II,acc,pl","n,II,acc,pl","n,II,acc,pl","n,II,acc,pl","n,II,acc,pl","n,II,acc,pl","n,II,acc,pl","n,II,acc,pl","n,II,acc,pl","n,II,acc,pl","n,II,acc,pl"
"lectus:genpl","m,II,gen,pl","n,II,gen,pl","n,II,acc,pl","n,II,acc,pl","n,II,acc,pl","n,II,acc,pl","n,II,acc,pl","n,II,acc,pl","n,II,acc,pl","n,II,acc,pl","n,II,acc,pl","n,II,acc,pl","n,II,acc,pl","n,II,acc,pl","n,II,acc,pl","n,II,acc,pl"
"lectus:accpl","m,II,acc,pl","m,II,acc,pl","m,II,nom,sg","n,III,nom,pl","f,III,acc,sg","f,III,acc,pl","f,III,acc,pl","n,II,acc,pl","n,II,acc,pl","n,II,acc,pl","n,II,acc,pl","n,II,acc,pl","n,II,acc,pl","n,II,acc,pl","n,II,acc,pl","n,II,acc,pl"
"lex:nomsg","f,III,nom,sg","n,III,nom,sg","f,III,nom,sg","f,III,nom,sg","f,III,nom,sg","f,III,acc,sg","f,III,acc,sg","f,III,acc,pl","f,III,acc,pl","f,III,acc,pl","f,III,acc,pl","f,III,acc,pl","f,III,acc,pl","f,III,acc,pl","f,III,acc,pl","f,III,acc,pl"
"lex:gensg","f,III,gen,sg","m,III,gen,sg","f,III,acc,sg","f,III,acc,pl","f,III,acc,pl","f,III,acc,pl","f,III,acc,pl","f,III,acc,pl","f,III,acc,pl","f,III,acc,pl","f,III,acc,pl","f,III,acc,pl","f,III,acc,pl","f,III,acc,pl","f,III,acc,pl","f,III,acc,pl"
"lex:accsg","f,III,acc,sg","f,III,acc,sg","f,III,acc,sg","f,III,acc,sg","f,III,acc,sg","f,III,acc,sg","f,III,acc,sg","f,III,acc,sg","f,III,acc,sg","f,III,acc,sg","f,III,acc,sg","f,III,acc,sg","f,III,acc,sg","f,III,acc,sg","f,III,acc,sg","f,III,acc,sg"
"lex:nompl","f,III,nom,pl","n,III,acc,pl","f,III,acc,pl","f,III,acc,pl","f,III,acc,pl","f,III,acc,pl","f,III,acc,pl","f,III,acc,pl","f,III,acc,pl","f,III,acc,pl","f,III,acc,pl","f,III,acc,pl","f,III,acc,pl","f,III,acc,pl","f,III,acc,pl","f,III,acc,pl"
"lex:genpl","f,III,gen,pl","f,III,gen,pl","f,III,gen,pl","f,III,acc,pl","f,III,acc,pl","f,III,acc,pl","f,III,acc,pl","f,III,acc,pl","f,III,acc,pl","f,III,acc,pl","f,III,acc,sg","f,III,acc,sg","f,III,acc,pl","f,III,acc,pl","f,III,acc,pl","f,III,acc,pl"
"lex:accpl","f,III,acc,pl","n,III,acc,pl","f,III,acc,pl","f,III,acc,pl","f,III,acc,pl","f,III,acc,pl","f,III,acc,pl","f,III,acc,pl","f,III,acc,pl","f,III,acc,pl","f,III,acc,pl","f,III,acc,pl","f,III,acc,pl","f,III,acc,pl","f,III,acc,pl","f,III,acc,pl"
"liber:nomsg","m,II,nom,sg","n,III,acc,sg","n,III,acc,sg","n,III,acc,sg","f,III,acc,sg","f,III,acc,sg","f,III,acc,pl","f,III,acc,sg","f,III,acc,sg","f,III,acc,sg","f,III,acc,sg","f,III,acc,sg","f,III,acc,sg","f,III,acc,sg","f,III,acc,sg","f,III,acc,sg"
"liber:gensg","m,II,gen,sg","n,II,gen,sg","n,II,acc,pl","n,II,acc,pl","n,II,acc,pl","n,II,acc,pl","n,II,acc,pl","n,II,acc,pl","n,II,acc,pl","n,II,acc,pl","n,II,acc,pl","n,II,acc,pl","n,II,acc,pl","n,II,acc,pl","n,II,acc,pl","n,II,acc,pl"
"liber:accsg","m,II,acc,sg","n,II,acc,sg","n,II,acc,sg","n,II,acc,sg","n,II,acc,sg","n,II,acc,sg","n,II,acc,sg","n,II,acc,sg","n,II,acc,sg","n,II,acc,sg","n,II,acc,sg","n,II,acc,sg","n,II,acc,sg","n,II,acc,sg","n,II,acc,sg","n,II,acc,sg"
"liber:nompl","m,II,nom,pl","n,II,gen,sg","n,II,acc,pl","n,II,acc,pl","n,II,acc,pl","n,II,acc,pl","n,II,acc,pl","n,II,acc,pl","n,II,acc,pl","n,II,acc,pl","n,II,acc,pl","n,II,acc,pl","n,II,acc,pl","n,II,acc,pl","n,II,acc,pl","n,II,acc,pl"
"liber:genpl","m,II,gen,pl","n,II,gen,pl","n,II,acc,pl","n,II,acc,pl","n,II,acc,pl","n,II,acc,pl","n,II,acc,pl","n,II,acc,pl","n,II,acc,pl","n,II,acc,pl","n,II,acc,pl","n,II,acc,pl","n,II,acc,pl","n,II,acc,pl","n,II,acc,pl","n,II,acc,pl"
"liber:accpl","m,II,acc,pl","m,II,acc,pl","m,III,acc,pl","n,II,acc,pl","n,II,acc,pl","n,II,acc,pl","n,II,acc,pl","n,II,acc,pl","n,II,acc,pl","n,II,acc,pl","n,II,acc,pl","n,II,acc,pl","n,II,acc,pl","n,II,acc,pl","n,II,acc,pl","n,II,acc,pl"
"lignum:nomsg","n,II,nom,sg","n,II,acc,sg","n,II,acc,sg","n,II,acc,sg","n,II,acc,sg","n,II,acc,sg","n,II,acc,sg","n,II,acc,sg","n,II,acc,sg","n,II,acc,sg","n,II,acc,sg","n,II,acc,sg","n,II,acc,sg","n,II,acc,sg","n,II,acc,sg","n,II,acc,sg"
"lignum:gensg","n,II,gen,sg","n,II,acc,sg","n,II,acc,sg","n,II,acc,pl","n,II,acc,pl","n,II,acc,pl","n,II,acc,pl","n,II,acc,pl","n,II,acc,pl","n,II,acc,pl","n,II,acc,pl","n,II,acc,pl","n,II,acc,pl","n,II,acc,pl","n,II,acc,pl","n,II,acc,pl"
"lignum:accsg","n,II,acc,sg","n,II,acc,sg","n,II,acc,sg","n,II,acc,sg","n,II,acc,sg","n,II,acc,sg","n,II,acc,sg","n,II,acc,sg","n,II,acc,sg","n,II,acc,sg","n,II,acc,sg","n,II,acc,sg","n,II,acc,sg","n,II,acc,sg","n,II,acc,sg","n,II,acc,sg"
"lignum:nompl","n,II,nom,pl","n,II,acc,pl","f,II,acc,pl","f,I,acc,sg","f,I,acc,sg","f,I,acc,pl","f,I,acc,pl","f,I,acc,pl","f,I,acc,pl","f,I,acc,pl","f,I,acc,pl","f,I,acc,pl","f,I,acc,pl","f,I,acc,pl","f,I,acc,pl","f,I,acc,pl"
"lignum:genpl","n,II,gen,pl","n,II,gen,pl","n,II,acc,pl","n,II,acc,pl","f,II,acc,pl","n,II,acc,pl","n,II,acc,pl","n,II,acc,pl","n,II,acc,pl","n,II,acc,pl","n,II,acc,pl","n,II,acc,pl","n,II,acc,pl","n,II,acc,pl","n,II,acc,pl","n,II,acc,pl"
"lignum:accpl","n,II,acc,pl","n,II,acc,pl","f,II,acc,pl","f,I,acc,sg","f,I,acc,sg","f,I,acc,pl","f,I,acc,pl","f,I,acc,pl","f,I,acc,pl","f,I,acc,pl","f,I,acc,pl","f,I,acc,pl","f,I,acc,pl","f,I,acc,pl","f,I,acc,pl","f,I,acc,pl"
"limes:nomsg","m,III,nom,sg","f,III,acc,sg","f,III,nom,pl","f,III,acc,sg","f,III,nom,sg","f,III,acc,sg","f,III,acc,pl","f,III,acc,pl","f,III,acc,sg","f,III,acc,sg","f,III,acc,sg","f,III,acc,sg","f,III,acc,sg","f,III,acc,sg","f,III,acc,sg","f,III,acc,sg"
"limes:gensg","m,III,gen,sg","m,III,gen,sg","m,III,acc,sg","f,III,acc,sg","f,III,acc,sg","f,III,acc,sg","f,III,acc,sg","f,III,acc,sg","f,III,acc,sg","f,III,acc,sg","f,III,acc,sg","f,III,acc,sg","f,III,acc,sg","f,III,acc,sg","f,III,acc,sg","f,III,acc,sg"
"limes:accsg","m,III,acc,sg","n,III,acc,sg","m,III,acc,sg","f,III,acc,sg","f,III,acc,sg","f,III,acc,sg","f,III,acc,sg","f,III,acc,sg","f,III,acc,sg","f,III,acc,sg","f,III,acc,sg","f,III,acc,sg","f,III,acc,sg","f,III,acc,sg","f,III,acc,sg","f,III,acc,sg"
"limes:nompl","m,III,nom,pl","n,III,gen,pl","f,III,acc,sg","f,III,acc,pl","f,III,acc,pl","f,III,acc,sg","f,III,acc,pl","f,III,acc,pl","f,III,acc,sg","f,III,acc,sg","f,III,acc,sg","f,III,acc,sg","f,III,acc,sg","f,III,acc,sg","f,III,acc,sg","f,III,acc,sg"
"limes:genpl","m,III,gen,pl","f,III,gen,pl","f,III,acc,pl","f,II,acc,pl","f,III,acc,sg","f,III,acc,sg","n,II,acc,pl","f,III,acc,sg","f,III,acc,sg","f,III,acc,sg","f,III,acc,sg","f,III,acc,sg","f,III,acc,sg","f,III,acc,sg","f,III,acc,sg","f,III,acc,sg"
"limes:accpl","m,III,acc,pl","n,III,gen,pl","f,III,acc,sg","f,III,acc,pl","f,III,acc,pl","f,III,acc,sg","f,III,acc,pl","f,III,acc,pl","f,III,acc,sg","f,III,acc,sg","f,III,acc,sg","f,III,acc,sg","f,III,acc,sg","f,III,acc,sg","f,III,acc,sg","f,III,acc,sg"
"lingua:nomsg","f,I,nom,sg","f,II,nom,sg","f,I,acc,sg","f,I,acc,pl","f,I,acc,pl","f,I,acc,pl","f,I,acc,pl","f,I,acc,pl","f,I,acc,pl","f,I,acc,pl","f,I,acc,pl","f,I,acc,pl","f,I,acc,pl","f,I,acc,pl","f,I,acc,pl","f,I,acc,pl"
"lingua:gensg","f,I,gen,sg","f,II,nom,pl","f,I,acc,pl","f,I,acc,pl","f,I,acc,pl","f,I,acc,pl","f,I,acc,pl","f,I,acc,pl","f,I,acc,pl","f,I,acc,pl","f,I,acc,pl","f,I,acc,pl","f,I,acc,pl","f,I,acc,pl","f,I,acc,pl","f,I,acc,pl"
"lingua:accsg","f,I,acc,sg","f,I,acc,sg","f,I,acc,sg","f,I,acc,sg","f,I,acc,sg","f,I,acc,sg","f,I,acc,sg","f,I,acc,sg","f,I,acc,sg","f,I,acc,sg","f,I,acc,sg","f,I,acc,sg","f,I,acc,sg","f,I,acc,sg","f,I,acc,sg","f,I,acc,sg"
"lingua:nompl","f,I,nom,pl","f,II,nom,pl","f,I,acc,pl","f,I,acc,pl","f,I,acc,pl","f,I,acc,pl","f,I,acc,pl","f,I,acc,pl","f,I,acc,pl","f,I,acc,pl","f,I,acc,pl","f,I,acc,pl","f,I,acc,pl","f,I,acc,pl","f,I,acc,pl","f,I,acc,pl"
"lingua:genpl","f,I,gen,pl","f,I,gen,pl","f,I,acc,pl","f,I,acc,pl","f,I,acc,pl","f,I,acc,pl","f,I,acc,pl","f,I,acc,pl","f,I,acc,pl","f,I,acc,pl","f,I,acc,pl","f,I,acc,pl","f,I,acc,pl","f,I,acc,pl","f,I,acc,pl","f,I,acc,pl"
"lingua:accpl","f,I,acc,pl","f,I,acc,pl","f,I,acc,pl","f,I,acc,pl","f,I,acc,pl","f,I,acc,pl","f,I,acc,pl","f,I,acc,pl","f,I,acc,pl","f,I,acc,pl","f,I,acc,pl","f,I,acc,pl","f,I,acc,pl","f,I,acc,pl","f,I,acc,pl","f,I,acc,pl"
"locus:nomsg","m,II,nom,sg","m,II,nom,sg","m,II,nom,sg","n,II,nom,sg","n,II,nom,sg","n,II,acc,sg","n,II,acc,sg","n,II,acc,sg","n,II,acc,sg","n,II,acc,sg","n,II,acc,sg","n,II,acc,sg","n,II,acc,sg","n,II,acc,sg","n,II,acc,sg","n,II,acc,sg"
"locus:gensg","m,II,gen,sg","n,II,acc,pl","n,II,acc,pl","n,II,acc,pl","n,II,acc,pl","n,II,acc,pl","n,II,acc,pl","n,II,acc,pl","n,II,acc,pl","n,II,acc,pl","n,II,acc,pl","n,II,acc,pl","n,II,acc,pl","n,II,acc,pl","n,II,acc,pl","n,II,acc,pl"
"locus:accsg","m,II,acc,sg","n,II,acc,sg","n,II,acc,sg","n,II,acc,sg","n,II,acc,sg","n,II,acc,sg","n,II,acc,sg","n,II,acc,sg","n,II,acc,sg","n,II,acc,sg","n,II,acc,sg","n,II,acc,sg","n,II,acc,sg","n,II,acc,sg","n,II,acc,sg","n,II,acc,sg"
"locus:nompl","m,II,nom,pl","n,II,acc,pl","n,II,acc,pl","n,II,acc,pl","n,II,acc,pl","n,II,acc,pl","n,II,acc,pl","n,II,acc,pl","n,II,acc,pl","n,II,acc,pl","n,II,acc,pl","n,II,acc,pl","n,II,acc,pl","n,II,acc,pl","n,II,acc,pl","n,II,acc,pl"
"locus:genpl","m,II,gen,pl","n,II,gen,pl","f,II,acc,pl","n,III,acc,pl","f,II,acc,pl","n,II,acc,pl","n,II,acc,pl","n,II,acc,pl","n,II,acc,pl","n,II,acc,pl","n,II,acc,pl","n,II,acc,pl","n,II,acc,pl","n,II,acc,pl","n,II,acc,pl","n,II,acc,pl"
"locus:accpl","m,II,acc,pl","m,II,acc,pl","m,III,acc,sg","m,III,acc,pl","f,III,acc,pl","f,III,acc,pl","f,III,acc,pl","n,II,acc,pl","n,II,acc,pl","n,II,acc,pl","n,II,acc,pl","n,II,acc,pl","n,II,acc,pl","n,II,acc,pl","n,II,acc,pl","n,II,acc,pl"
"lucusta:nomsg","f,I,nom,sg","f,II,nom,pl","f,I,acc,sg","f,I,acc,sg","f,I,acc,sg","f,I,acc,pl","f,I,acc,pl","f,I,acc,pl","f,I,acc,pl","f,I,acc,pl","f,I,acc,sg","f,I,acc,pl","f,I,acc,pl","f,I,acc,pl","f,I,acc,pl","f,I,acc,pl"
"lucusta:gensg","f,I,gen,sg","f,I,nom,pl","f,I,acc,sg","f,I,acc,pl","f,II,acc,pl","f,I,acc,pl","f,I,acc,pl","f,I,acc,pl","f,I,acc,pl","f,I,acc,pl","f,I,acc,pl","f,I,acc,pl","f,I,acc,pl","f,I,acc,pl","f,I,acc,pl","f,I,acc,pl"
"lucusta:accsg","f,I,acc,sg","f,I,acc,sg","f,I,acc,sg","f,I,acc,sg","f,I,acc,sg","f,I,acc,sg","f,I,acc,sg","f,I,acc,sg","f,I,acc,sg","f,I,acc,sg","f,I,acc,sg","f,I,acc,sg","f,I,acc,sg","f,I,acc,sg","f,I,acc,sg","f,I,acc,sg"
"lucusta:nompl","f,I,nom,pl","f,I,nom,pl","f,I,acc,sg","f,I,acc,pl","f,II,acc,pl","f,I,acc,pl","f,I,acc,pl","f,I,acc,pl","f,I,acc,pl","f,I,acc,pl","f,I,acc,pl","f,I,acc,pl","f,I,acc,pl","f,I,acc,pl","f,I,acc,pl","f,I,acc,pl"
"lucusta:genpl","f,I,gen,pl","f,I,gen,pl","f,I,acc,pl","f,II,acc,pl","f,II,acc,pl","f,I,acc,pl","f,I,acc,pl","f,I,acc,pl","f,I,acc,pl","f,I,acc,pl","f,I,acc,pl","f,I,acc,pl","f,I,acc,pl","f,I,acc,pl","f,III,acc,pl","f,I,acc,pl"
"lucusta:accpl","f,I,acc,pl","f,I,acc,pl","f,I,acc,pl","f,I,acc,pl","f,III,acc,pl","f,I,acc,pl","f,I,acc,pl","f,I,acc,pl","f,I,acc,pl","f,I,acc,pl","f,I,acc,pl","f,I,acc,pl","f,I,acc,pl","f,I,acc,pl","f,I,acc,pl","f,I,acc,pl"
"lumbus:nomsg","m,II,nom,sg","n,II,nom,sg","n,II,nom,sg","n,II,nom,sg","n,II,nom,sg","n,II,acc,sg","n,II,acc,sg","n,II,acc,sg","n,II,acc,sg","n,II,acc,sg","n,II,acc,sg","n,II,acc,sg","n,II,acc,sg","n,II,acc,sg","n,II,acc,sg","n,II,acc,sg"
"lumbus:gensg","m,II,gen,sg","n,II,acc,sg","n,II,acc,pl","n,II,acc,pl","n,II,acc,pl","n,II,acc,pl","n,II,acc,pl","n,II,acc,pl","n,II,acc,pl","n,II,acc,pl","n,II,acc,pl","n,II,acc,pl","n,II,acc,pl","n,II,acc,pl","n,II,acc,pl","n,II,acc,pl"
"lumbus:accsg","m,II,acc,sg","n,II,acc,sg","n,II,acc,sg","n,II,acc,sg","n,II,acc,sg","n,II,acc,sg","n,II,acc,sg","n,II,acc,sg","n,II,acc,sg","n,II,acc,sg","n,II,acc,sg","n,II,acc,sg","n,II,acc,sg","n,II,acc,sg","n,II,acc,sg","n,II,acc,sg"
"lumbus:nompl","m,II,nom,pl","n,II,acc,sg","n,II,acc,pl","n,II,acc,pl","n,II,acc,pl","n,II,acc,pl","n,II,acc,pl","n,II,acc,pl","n,II,acc,pl","n,II,acc,pl","n,II,acc,pl","n,II,acc,pl","n,II,acc,pl","n,II,acc,pl","n,II,acc,pl","n,II,acc,pl"
"lumbus:genpl","m,II,gen,pl","n,II,gen,pl","n,II,acc,pl","n,II,acc,pl","n,II,acc,pl","n,II,acc,pl","n,II,acc,pl","n,II,acc,pl","n,II,acc,pl","n,II,acc,pl","n,II,acc,pl","n,II,acc,pl","n,II,acc,pl","n,II,acc,pl","n,II,acc,pl","n,II,acc,sg"
"lumbus:accpl","m,II,acc,pl","m,II,acc,pl","m,II,acc,pl","n,II,nom,pl","n,II,nom,sg","n,II,acc,pl","n,II,acc,pl","n,II,acc,pl","n,II,acc,pl","n,II,acc,pl","n,II,acc,pl","n,II,acc,pl","n,II,acc,pl","n,II,acc,pl","n,II,acc,pl","n,II,acc,pl"
"lumen:nomsg","n,III,nom,sg","n,III,acc,sg","n,III,acc,sg","f,III,acc,sg","f,III,acc,sg","f,III,acc,sg","f,III,acc,sg","f,III,acc,sg","f,III,acc,sg","f,III,acc,sg","f,III,acc,sg","f,III,acc,sg","f,III,acc,sg","f,III,acc,sg","f,III,acc,sg","f,III,acc,sg"
"lumen:gensg","n,III,gen,sg","m,III,gen,sg","m,III,acc,sg","f,III,acc,sg","f,III,acc,sg","f,III,acc,sg","f,III,acc,sg","f,III,acc,sg","f,III,acc,sg","f,III,acc,sg","f,III,acc,sg","f,III,acc,sg","f,III,acc,sg","f,III,acc,sg","f,III,acc,sg","f,III,acc,sg"
"lumen:accsg","n,III,acc,sg","n,III,acc,sg","n,III,acc,sg","f,III,acc,sg","f,III,acc,sg","f,III,acc,sg","f,III,acc,sg","f,III,acc,sg","f,III,acc,sg","f,III,acc,sg","f,III,acc,sg","f,III,acc,sg","f,III,acc,sg","f,III,acc,sg","f,III,acc,sg","f,III,acc,sg"
"lumen:nompl","n,III,nom,pl","n,III,acc,pl","m,III,acc,pl","f,III,acc,pl","f,III,acc,pl","f,III,acc,pl","f,III,acc,pl","f,III,acc,pl","f,III,acc,sg","f,III,acc,sg","f,III,acc,sg","f,III,acc,sg","f,III,acc,sg","f,III,acc,sg","f,III,acc,sg","f,III,acc,sg"
"lumen:genpl","n,III,gen,pl","f,III,gen,pl","m,III,acc,sg","f,III,acc,sg","f,III,acc,sg","f,III,acc,sg","f,III,acc,pl","f,III,acc,sg","f,III,acc,sg","f,III,acc,sg","f,III,acc,sg","f,III,acc,sg","f,III,acc,sg","f,III,acc,sg","f,III,acc,sg","f,III,acc,sg"
"lumen:accpl","n,III,acc,pl","n,III,acc,pl","m,III,acc,pl","f,III,acc,pl","f,III,acc,pl","f,III,acc,pl","f,III,acc,pl","f,III,acc,pl","f,III,acc,sg","f,III,acc,sg","f,III,acc,sg","f,III,acc,sg","f,III,acc,sg","f,III,acc,sg","f,III,acc,sg","f,III,acc,sg"
"luna:nomsg","f,I,nom,sg","f,II,nom,sg","f,II,nom,sg","f,I,acc,sg","f,I,acc,sg","f,I,acc,pl","f,I,acc,pl","f,I,acc,pl","f,I,acc,pl","f,I,acc,pl","f,I,acc,pl","f,I,acc,pl","f,I,acc,pl","f,I,acc,pl","f,I,acc,pl","f,I,acc,pl"
"luna:gensg","f,I,gen,sg","f,I,acc,sg","f,I,acc,pl","f,I,acc,pl","f,I,acc,pl","f,I,acc,pl","f,I,acc,pl","f,I,acc,pl","f,I,acc,pl","f,I,acc,pl","f,I,acc,pl","f,I,acc,pl","f,I,acc,pl","f,I,acc,pl","f,I,acc,pl","f,I,acc,pl"
"luna:accsg","f,I,acc,sg","f,I,acc,sg","f,I,acc,sg","f,I,acc,sg","f,I,acc,sg","f,I,acc,sg","f,I,acc,sg","f,I,acc,sg","f,I,acc,sg","f,I,acc,sg","f,I,acc,sg","f,I,acc,sg","f,I,acc,sg","f,I,acc,sg","f,I,acc,sg","f,I,acc,sg"
"luna:nompl","f,I,nom,pl","f,I,acc,sg","f,I,acc,pl","f,I,acc,pl","f,I,acc,pl","f,I,acc,pl","f,I,acc,pl","f,I,acc,pl","f,I,acc,pl","f,I,acc,pl","f,I,acc,pl","f,I,acc,pl","f,I,acc,pl","f,I,acc,pl","f,I,acc,pl","f,I,acc,pl"
"luna:genpl","f,I,gen,pl","f,I,gen,pl","f,I,acc,pl","f,I,acc,pl","f,I,acc,pl","f,I,acc,pl","f,I,acc,pl","f,I,acc,pl","f,I,acc,pl","f,I,acc,pl","f,I,acc,pl","f,I,acc,pl","f,I,acc,pl","f,I,acc,pl","f,I,acc,pl","f,I,acc,pl"
"luna:accpl","f,I,acc,pl","f,I,acc,pl","f,I,acc,pl","f,I,acc,pl","f,I,acc,pl","f,I,acc,pl","f,I,acc,pl","f,I,acc,pl","f,I,acc,pl","f,I,acc,pl","f,I,acc,pl","f,I,acc,pl","f,I,acc,pl","f,I,acc,pl","f,I,acc,pl","f,I,acc,pl"
"lupus:nomsg","m,II,nom,sg","m,II,nom,sg","m,II,nom,sg","n,II,nom,sg","n,II,nom,sg","n,II,acc,sg","n,II,acc,sg","n,II,acc,sg","n,II,acc,sg","n,II,acc,sg","n,II,acc,sg","n,II,acc,sg","n,II,acc,sg","n,II,acc,sg","n,II,acc,sg","n,II,acc,sg"
"lupus:gensg","m,II,gen,sg","m,II,gen,sg","n,II,acc,pl","n,II,acc,pl","n,II,acc,pl","n,II,acc,pl","n,II,acc,pl","n,II,acc,pl","n,II,acc,pl","n,II,acc,pl","n,II,acc,pl","n,II,acc,pl","n,II,acc,pl","n,II,acc,pl","n,II,acc,pl","n,II,acc,pl"
"lupus:accsg","m,II,acc,sg","n,II,acc,sg","n,II,acc,sg","n,II,acc,sg","n,II,acc,sg","n,II,acc,sg","n,II,acc,sg","n,II,acc,sg","n,II,acc,sg","n,II,acc,sg","n,II,acc,sg","n,II,acc,sg","n,II,acc,sg","n,II,acc,sg","n,II,acc,sg","n,II,acc,sg"
"lupus:nompl","m,II,nom,pl","m,II,gen,sg","n,II,acc,pl","n,II,acc,pl","n,II,acc,pl","n,II,acc,pl","n,II,acc,pl","n,II,acc,pl","n,II,acc,pl","n,II,acc,pl","n,II,acc,pl","n,II,acc,pl","n,II,acc,pl","n,II,acc,pl","n,II,acc,pl","n,II,acc,pl"
"lupus:genpl","m,II,gen,pl","n,II,gen,pl","n,II,acc,pl","f,II,acc,pl","n,II,acc,pl","n,II,acc,pl","n,II,acc,pl","n,II,acc,pl","n,II,acc,pl","n,II,acc,pl","n,II,acc,pl","n,II,acc,pl","n,II,acc,pl","n,II,acc,pl","n,II,acc,pl","n,II,acc,pl"
"lupus:accpl","m,II,acc,pl","m,II,acc,pl","f,III,acc,sg","f,III,acc,pl","n,II,acc,pl","f,III,acc,pl","n,II,acc,pl","n,II,acc,pl","n,II,acc,pl","n,II,acc,pl","n,II,acc,pl","n,II,acc,pl","n,II,acc,pl","n,II,acc,pl","n,II,acc,pl","n,II,acc,pl"
"lutum:nomsg","n,II,nom,sg","n,II,acc,sg","n,II,acc,sg","n,II,acc,sg","n,II,acc,sg","n,II,acc,sg","n,II,acc,sg","n,II,acc,sg","n,II,acc,sg","n,II,acc,sg","n,II,acc,sg","n,II,acc,sg","n,II,acc,sg","n,II,acc,sg","n,II,acc,sg","n,II,acc,sg"
"lutum:gensg","n,II,gen,sg","n,II,gen,sg","n,II,acc,pl","n,II,acc,pl","n,II,acc,pl","n,II,acc,pl","n,II,acc,pl","n,II,acc,pl","n,II,acc,pl","n,II,acc,pl","n,II,acc,pl","n,II,acc,pl","n,II,acc,pl","n,II,acc,pl","n,II,acc,pl","n,II,acc,pl"
"lutum:accsg","n,II,acc,sg","n,II,acc,sg","n,II,acc,sg","n,II,acc,sg","n,II,acc,sg","n,II,acc,sg","n,II,acc,sg","n,II,acc,sg","n,II,acc,sg","n,II,acc,sg","n,II,acc,sg","n,II,acc,sg","n,II,acc,sg","n,II,acc,sg","n,II,acc,sg","n,II,acc,sg"
"lutum:nompl","n,II,nom,pl","f,II,nom,sg","f,I,acc,pl","f,I,acc,pl","f,I,acc,pl","f,I,acc,pl","f,I,acc,pl","f,I,acc,pl","f,I,acc,pl","f,I,acc,pl","f,I,acc,pl","f,I,acc,pl","f,I,acc,pl","f,I,acc,pl","f,I,acc,pl","f,I,acc,pl"
"lutum:genpl","n,II,gen,pl","n,II,gen,pl","n,II,acc,sg","n,II,acc,pl","n,II,acc,pl","n,II,acc,pl","n,II,acc,pl","n,II,acc,pl","n,II,acc,pl","n,II,acc,pl","n,II,acc,pl","n,II,acc,pl","n,II,acc,pl","n,II,acc,pl","n,II,acc,pl","n,II,acc,pl"
"lutum:accpl","n,II,acc,pl","f,II,nom,sg","f,I,acc,pl","f,I,acc,pl","f,I,acc,pl","f,I,acc,pl","f,I,acc,pl","f,I,acc,pl","f,I,acc,pl","f,I,acc,pl","f,I,acc,pl","f,I,acc,pl","f,I,acc,pl","f,I,acc,pl","f,I,acc,pl","f,I,acc,pl"
"lux:nomsg","f,III,nom,sg","n,III,nom,sg","n,II,nom,sg","n,II,nom,sg","n,II,nom,sg","n,II,nom,sg","n,II,acc,sg","n,II,acc,sg","n,II,acc,sg","n,II,acc,sg","n,II,acc,pl","n,II,acc,pl","n,II,acc,pl","n,II,acc,pl","n,II,acc,pl","n,II,acc,pl"
"lux:gensg","f,III,gen,sg","f,III,acc,sg","f,III,acc,sg","f,III,acc,sg","f,III,acc,sg","f,III,acc,sg","f,III,acc,pl","f,III,acc,pl","f,III,acc,pl","f,III,acc,pl","f,III,acc,pl","f,III,acc,pl","f,III,acc,pl","f,III,acc,sg","f,III,acc,sg","f,III,acc,sg"
"lux:accsg","f,III,acc,sg","f,III,acc,sg","f,III,acc,sg","f,III,acc,sg","f,III,acc,sg","f,III,acc,sg","f,III,acc,sg","f,III,acc,sg","f,III,acc,sg","f,III,acc,sg","f,III,acc,sg","f,III,acc,sg","f,III,acc,sg","f,III,acc,sg","f,III,acc,sg","f,III,acc,sg"
"lux:nompl","f,III,nom,pl","f,III,acc,pl","f,III,acc,pl","f,III,acc,pl","f,III,acc,sg","f,III,acc,pl","f,III,acc,pl","f,III,acc,pl","f,III,acc,pl","f,III,acc,pl","f,III,acc,pl","f,III,acc,pl","f,III,acc,pl","f,III,acc,sg","f,III,acc,sg","f,III,acc,sg"
"lux:genpl","f,III,gen,pl","f,III,acc,pl","n,II,acc,pl","f,II,acc,pl","n,II,acc,pl","n,II,acc,pl","n,II,acc,pl","n,II,acc,pl","n,II,acc,pl","n,II,acc,sg","n,II,acc,pl","n,II,acc,pl","n,II,acc,pl","n,II,acc,sg","n,II,acc,sg","n,II,acc,pl"
"lux:accpl","f,III,acc,pl","f,III,acc,pl","f,III,acc,pl","f,III,acc,pl","f,III,acc,sg","f,III,acc,pl","f,III,acc,pl","f,III,acc,pl","f,III,acc,pl","f,III,acc,pl","f,III,acc,pl","f,III,acc,pl","f,III,acc,pl","f,III,acc,sg","f,III,acc,sg","f,III,acc,sg"
"magister:nomsg","m,II,nom,sg","n,III,nom,sg","n,III,acc,sg","n,III,acc,sg","f,III,acc,sg","f,III,acc,sg","f,III,acc,sg","f,III,acc,sg","f,III,acc,sg","f,III,acc,sg","f,III,acc,sg","f,III,acc,sg","f,III,acc,sg","f,III,acc,sg","f,III,acc,sg","f,III,acc,sg"
"magister:gensg","m,II,gen,sg","n,II,gen,pl","n,II,acc,pl","n,II,acc,pl","n,II,acc,pl","n,II,acc,pl","n,II,acc,pl","n,II,acc,pl","n,II,acc,pl","n,II,acc,pl","n,II,acc,pl","n,II,acc,pl","n,II,acc,pl","n,II,acc,pl","n,II,acc,pl","n,II,acc,pl"
"magister:accsg","m,II,acc,sg","n,II,acc,sg","n,II,acc,sg","n,II,acc,sg","n,II,acc,sg","n,II,acc,sg","n,II,acc,sg","n,II,acc,sg","n,II,acc,sg","n,II,acc,sg","n,II,acc,sg","n,II,acc,sg","n,II,acc,sg","n,II,acc,sg","n,II,acc,sg","n,II,acc,sg"
"magister:nompl","m,II,nom,pl","n,II,gen,pl","n,II,acc,pl","n,II,acc,pl","n,II,acc,pl","n,II,acc,pl","n,II,acc,pl","n,II,acc,pl","n,II,acc,pl","n,II,acc,pl","n,II,acc,pl","n,II,acc,pl","n,II,acc,pl","n,II,acc,pl","n,II,acc,pl","n,II,acc,pl"
"magister:genpl","m,II,gen,pl","n,II,gen,pl","n,II,acc,pl","f,II,acc,pl","n,II,acc,pl","n,II,acc,pl","n,II,acc,pl","n,II,acc,pl","n,II,acc,pl","n,II,acc,pl","n,II,acc,pl","n,II,acc,pl","n,II,acc,pl","n,II,acc,pl","n,II,acc,pl","n,II,acc,pl"
"magister:accpl","m,II,acc,pl","n,II,acc,pl","m,III,acc,pl","n,II,acc,pl","n,II,acc,pl","n,II,acc,sg","n,II,acc,pl","n,II,acc,pl","n,II,acc,pl","n,II,acc,pl","n,II,acc,pl","n,II,acc,pl","n,II,acc,pl","n,II,acc,pl","n,II,acc,pl","n,II,acc,pl"
"magister2:nomsg","f,II,nom,sg","f,II,nom,pl","f,II,acc,pl","f,I,acc,pl","f,I,acc,sg","f,I,acc,sg","f,I,acc,pl","f,I,acc,pl","f,I,acc,pl","f,I,acc,pl","f,I,acc,pl","f,I,acc,pl","f,I,acc,pl","f,I,acc,pl","f,I,acc,pl","f,I,acc,pl"
"magister2:gensg","f,II,gen,sg","f,I,acc,pl","f,I,acc,sg","f,I,acc,sg","f,I,acc,sg","f,I,acc,sg","f,I,acc,pl","f,I,acc,sg","f,III,acc,pl","f,I,acc,pl","f,I,acc,pl","f,I,acc,pl","f,I,acc,pl","f,I,acc,pl","f,I,acc,pl","f,I,acc,pl"
"magister2:accsg","f,II,acc,sg","f,I,acc,sg","f,I,acc,sg","f,I,acc,sg","f,I,acc,sg","f,I,acc,sg","f,I,acc,sg","f,I,acc,sg","f,I,acc,sg","f,I,acc,sg","f,I,acc,sg","f,I,acc,sg","f,I,acc,sg","f,I,acc,sg","f,I,acc,sg","f,I,acc,sg"
"magister2:nompl","f,II,nom,pl","f,I,acc,pl","f,I,acc,sg","f,I,acc,sg","f,I,acc,sg","f,I,acc,sg","f,I,acc,pl","f,I,acc,sg","f,III,acc,pl","f,I,acc,pl","f,I,acc,pl","f,I,acc,pl","f,I,acc,pl","f,I,acc,pl","f,I,acc,pl","f,I,acc,pl"
"magister2:genpl","f,II,gen,pl","f,I,gen,pl","f,I,acc,pl","f,I,acc,pl","f,II,acc,pl","f,I,acc,pl","f,I,acc,pl","f,I,acc,pl","f,I,acc,pl","f,I,acc,pl","f,I,acc,pl","f,I,acc,pl","f,I,acc,pl","f,I,acc,pl","f,I,acc,pl","f,I,acc,pl"
"magister2:accpl","f,II,acc,pl","f,I,nom,pl","f,I,acc,pl","f,I,acc,pl","f,I,acc,pl","f,I,acc,pl","f,I,acc,pl","f,I,acc,pl","f,I,acc,pl","f,I,acc,pl","f,I,acc,pl","f,I,acc,pl","f,I,acc,pl","f,I,acc,pl","f,I,acc,pl","f,I,acc,pl"
"magus:nomsg","m,II,nom,sg","n,II,nom,sg","m,II,nom,sg","n,II,nom,sg","n,II,nom,sg","n,II,acc,sg","n,II,acc,sg","n,II,acc,sg","n,II,acc,sg","n,II,acc,sg","n,II,acc,sg","n,II,acc,sg","n,II,acc,sg","n,II,acc,sg","n,II,acc,sg","n,II,acc,sg"
"magus:gensg","m,II,gen,sg","n,II,gen,pl","n,II,acc,pl","n,II,acc,pl","n,II,acc,pl","n,II,acc,pl","n,II,acc,pl","n,II,acc,pl","n,II,acc,pl","n,II,acc,pl","n,II,acc,pl","n,II,acc,pl","n,II,acc,pl","n,II,acc,pl","n,II,acc,pl","n,II,acc,pl"
"magus:accsg","m,II,acc,sg","n,II,acc,sg","n,II,acc,sg","n,II,acc,sg","n,II,acc,sg","n,II,acc,sg","n,II,acc,sg","n,II,acc,sg","n,II,acc,sg","n,II,acc,sg","n,II,acc,sg","n,II,acc,sg","n,II,acc,sg","n,II,acc,sg","n,II,acc,sg","n,II,acc,sg"
"magus:nompl","m,II,nom,pl","n,II,gen,pl","n,II,acc,pl","n,II,acc,pl","n,II,acc,pl","n,II,acc,pl","n,II,acc,pl","n,II,acc,pl","n,II,acc,pl","n,II,acc,pl","n,II,acc,pl","n,II,acc,pl","n,II,acc,pl","n,II,acc,pl","n,II,acc,pl","n,II,acc,pl"
"magus:genpl","m,II,gen,pl","n,III,gen,pl","n,II,acc,pl","n,II,acc,pl","f,II,acc,pl","n,II,acc,pl","n,II,acc,pl","n,II,acc,pl","n,II,acc,pl","n,II,acc,pl","n,II,acc,pl","n,II,acc,pl","n,II,acc,pl","n,II,acc,pl","n,II,acc,pl","n,II,acc,pl"
"magus:accpl","m,II,acc,pl","m,II,acc,pl","m,II,acc,pl","m,III,nom,pl","f,III,acc,sg","n,II,acc,sg","n,II,acc,pl","n,II,acc,pl","n,II,acc,pl","n,II,acc,pl","n,II,acc,pl","n,II,acc,pl","n,II,acc,pl","n,II,acc,pl","n,II,acc,pl","n,II,acc,pl"
"malitia:nomsg","f,I,nom,sg","f,II,nom,sg","f,I,acc,sg","f,I,acc,pl","f,I,acc,sg","f,I,acc,pl","f,I,acc,pl","f,I,acc,pl","f,I,acc,pl","f,I,acc,pl","f,I,acc,pl","f,I,acc,pl","f,I,acc,pl","f,I,acc,pl","f,I,acc,pl","f,I,acc,sg"
"malitia:gensg","f,I,gen,sg","f,II,acc,pl","f,I,acc,pl","f,I,acc,pl","f,I,acc,pl","f,I,acc,pl","f,I,acc,pl","f,I,acc,pl","f,I,acc,pl","f,I,acc,pl","f,I,acc,pl","f,I,acc,pl","f,I,acc,pl","f,I,acc,pl","f,I,acc,pl","f,I,acc,pl"
"malitia:accsg","f,I,acc,sg","f,I,acc,sg","f,I,acc,sg","f,I,acc,sg","f,I,acc,sg","f,I,acc,sg","f,I,acc,sg","f,I,acc,sg","f,I,acc,sg","f,I,acc,sg","f,I,acc,sg","f,I,acc,sg","f,I,acc,sg","f,I,acc,sg","f,I,acc,sg","f,I,acc,sg"
"malitia:nompl","f,I,nom,pl","f,II,acc,pl","f,I,acc,pl","f,I,acc,pl","f,I,acc,pl","f,I,acc,pl","f,I,acc,pl","f,I,acc,pl","f,I,acc,pl","f,I,acc,pl","f,I,acc,pl","f,I,acc,pl","f,I,acc,pl","f,I,acc,pl","f,I,acc,pl","f,I,acc,pl"
"malitia:genpl","f,I,gen,pl","f,I,acc,pl","f,I,acc,pl","f,I,acc,pl","f,I,acc,pl","f,I,acc,pl","f,I,acc,pl","f,I,acc,pl","f,I,acc,pl","f,I,acc,pl","f,I,acc,pl","f,I,acc,pl","f,I,acc,pl","f,I,acc,pl","f,I,acc,pl","f,I,acc,pl"
"malitia:accpl","f,I,acc,pl","f,I,acc,pl","f,I,acc,pl","f,I,acc,pl","f,I,acc,pl","f,I,acc,pl","f,I,acc,pl","f,I,acc,pl","f,I,acc,pl","f,I,acc,pl","f,I,acc,pl","f,I,acc,pl","f,I,acc,pl","f,I,acc,pl","f,I,acc,pl","f,I,acc,pl"
"malum:nomsg","n,II,nom,sg","n,II,acc,sg","n,II,acc,sg","n,II,acc,sg","n,II,acc,sg","n,II,acc,sg","n,II,acc,sg","n,II,acc,sg","n,II,acc,sg","n,II,acc,sg","n,II,acc,sg","n,II,acc,sg","n,II,acc,sg","n,II,acc,sg","n,II,acc,sg","n,II,acc,sg"
"malum:gensg","n,II,gen,sg","n,II,acc,pl","n,II,acc,pl","n,II,acc,pl","n,II,acc,pl","n,II,acc,pl","n,II,acc,pl","n,II,acc,pl","n,II,acc,pl","n,II,acc,pl","n,II,acc,pl","n,II,acc,pl","n,II,acc,pl","n,II,acc,pl","n,II,acc,pl","n,II,acc,pl"
"malum:accsg","n,II,acc,sg","n,II,acc,sg","n,II,acc,sg","n,II,acc,sg","n,II,acc,sg","n,II,acc,sg","n,II,acc,sg","n,II,acc,sg","n,II,acc,sg","n,II,acc,sg","n,II,acc,sg","n,II,acc,sg","n,II,acc,sg","n,II,acc,sg","n,II,acc,sg","n,II,acc,sg"
"malum:nompl","n,II,nom,pl","n,II,acc,sg","f,II,nom,sg","f,I,acc,pl","f,I,acc,pl","f,I,acc,pl","f,I,acc,sg","f,I,acc,pl","f,I,acc,pl","f,I,acc,pl","f,I,acc,pl","f,I,acc,pl","f,I,acc,pl","f,I,acc,pl","f,I,acc,pl","f,I,acc,pl"
"malum:genpl","n,II,gen,pl","n,II,gen,pl","n,II,acc,pl","n,II,acc,pl","f,II,acc,pl","n,II,acc,pl","n,II,acc,pl","n,II,acc,pl","n,II,acc,pl","n,II,acc,pl","n,II,acc,pl","n,II,acc,pl","n,II,acc,pl","n,II,acc,pl","n,II,acc,pl","n,II,acc,pl"
"malum:accpl","n,II,acc,pl","n,II,acc,sg","f,II,nom,sg","f,I,acc,pl","f,I,acc,pl","f,I,acc,pl","f,I,acc,sg","f,I,acc,pl","f,I,acc,pl","f,I,acc,pl","f,I,acc,pl","f,I,acc,pl","f,I,acc,pl","f,I,acc,pl","f,I,acc,pl","f,I,acc,pl"
"manus:nomsg","f,IV,nom,sg","f,II,nom,sg","n,II,nom,sg","n,II,nom,sg","n,II,nom,sg","n,II,acc,sg","n,II,acc,sg","n,II,acc,sg","n,II,acc,sg","n,II,acc,sg","n,II,acc,sg","n,II,acc,sg","n,II,acc,sg","n,II,acc,sg","n,II,acc,sg","n,II,acc,sg"
"manus:gensg","f,IV,gen,sg","f,II,acc,pl","n,II,acc,pl","n,II,acc,pl","n,II,nom,pl","n,II,acc,pl","n,II,acc,pl","n,II,acc,pl","n,II,acc,pl","n,II,acc,pl","n,II,acc,pl","n,II,acc,pl","n,II,acc,pl","n,II,acc,pl","n,II,acc,pl","n,II,acc,pl"
"manus:accsg","f,IV,acc,sg","n,II,acc,sg","n,II,acc,sg","n,II,acc,sg","n,II,acc,sg","n,II,acc,sg","n,II,acc,sg","n,II,acc,sg","n,II,acc,sg","n,II,acc,sg","n,II,acc,sg","n,II,acc,sg","n,II,acc,sg","n,II,acc,sg","n,II,acc,sg","n,II,acc,sg"
"manus:nompl","f,IV,nom,pl","f,II,acc,pl","n,II,acc,pl","n,II,acc,pl","n,II,nom,pl","n,II,acc,pl","n,II,acc,pl","n,II,acc,pl","n,II,acc,pl","n,II,acc,pl","n,II,acc,pl","n,II,acc,pl","n,II,acc,pl","n,II,acc,pl","n,II,acc,pl","n,II,acc,pl"
"manus:genpl","f,IV,gen,pl","m,II,gen,pl","n,II,acc,pl","n,II,acc,sg","n,II,acc,sg","n,II,acc,sg","n,II,acc,sg","n,II,acc,sg","n,II,acc,sg","n,II,acc,sg","n,II,acc,sg","n,II,acc,sg","n,II,acc,sg","n,II,acc,sg","n,II,acc,sg","n,II,acc,sg"
"manus:accpl","f,IV,acc,pl","f,II,acc,pl","n,II,acc,pl","n,II,acc,pl","n,II,nom,pl","n,II,acc,pl","n,II,acc,pl","n,II,acc,pl","n,II,acc,pl","n,II,acc,pl","n,II,acc,pl","n,II,acc,pl","n,II,acc,pl","n,II,acc,pl","n,II,acc,pl","n,II,acc,pl"
"mare:nomsg","n,III,nom,sg","n,III,acc,sg","n,III,nom,sg","f,III,acc,sg","f,III,acc,sg","f,III,acc,sg","f,III,acc,sg","f,III,acc,sg","f,III,acc,sg","f,III,acc,sg","f,III,acc,sg","f,III,acc,sg","f,III,acc,sg","f,III,acc,sg","f,III,acc,sg","f,III,acc,sg"
"mare:gensg","n,III,gen,sg","f,III,nom,sg","f,III,nom,sg","f,III,acc,sg","f,III,acc,sg","f,III,acc,sg","f,III,acc,sg","f,III,acc,sg","f,III,acc,sg","f,III,acc,sg","f,III,acc,sg","f,III,acc,sg","f,III,acc,sg","f,III,acc,sg","f,III,acc,sg","f,III,acc,sg"
"mare:accsg","n,III,acc,sg","n,III,acc,sg","n,III,nom,sg","f,III,acc,sg","f,III,acc,sg","f,III,acc,sg","f,III,acc,sg","f,III,acc,sg","f,III,acc,sg","f,III,acc,sg","f,III,acc,sg","f,III,acc,sg","f,III,acc,sg","f,III,acc,sg","f,III,acc,sg","f,III,acc,sg"
"mare:nompl","n,III,nom,pl","n,III,acc,pl","n,III,acc,pl","f,III,acc,pl","f,III,acc,pl","f,III,acc,pl","f,III,acc,pl","f,III,acc,sg","f,III,acc,sg","f,III,acc,sg","f,III,acc,sg","f,III,acc,sg","f,III,acc,sg","f,III,acc,sg","f,III,acc,sg","f,III,acc,sg"
"mare:genpl","n,III,gen,pl","f,III,gen,pl","f,III,gen,pl","f,III,acc,sg","f,III,acc,sg","f,III,acc,sg","f,III,acc,sg","f,III,acc,sg","f,III,acc,sg","f,III,acc,sg","f,III,acc,sg","f,III,acc,sg","f,III,acc,sg","f,III,acc,sg","f,III,acc,sg","f,III,acc,sg"
"mare:accpl","n,III,acc,pl","n,III,acc,pl","n,III,acc,pl","f,III,acc,pl","f,III,acc,pl","f,III,acc,pl","f,III,acc,pl","f,III,acc,sg","f,III,acc,sg","f,III,acc,sg","f,III,acc,sg","f,III,acc,sg","f,III,acc,sg","f,III,acc,sg","f,III,acc,sg","f,III,acc,sg"
"marmor:nomsg","n,III,nom,sg","n,III,acc,sg","n,III,nom,sg","n,III,acc,sg","f,III,acc,sg","f,III,acc,sg","f,III,acc,sg","f,III,acc,sg","f,III,acc,sg","f,III,acc,sg","f,III,acc,sg","f,III,acc,sg","f,III,acc,sg","f,III,acc,sg","f,III,acc,sg","f,III,acc,sg"
"marmor:gensg","n,III,gen,sg","m,III,gen,sg","m,III,acc,sg","f,III,acc,sg","f,III,acc,sg","f,III,acc,sg","f,III,acc,sg","f,III,acc,sg","f,III,acc,sg","f,III,acc,sg","f,III,acc,sg","f,III,acc,sg","f,III,acc,sg","f,III,acc,sg","f,III,acc,sg","f,III,acc,sg"
"marmor:accsg","n,III,acc,sg","n,III,acc,sg","n,III,nom,sg","n,III,acc,sg","f,III,acc,sg","f,III,acc,sg","f,III,acc,sg","f,III,acc,sg","f,III,acc,sg","f,III,acc,sg","f,III,acc,sg","f,III,acc,sg","f,III,acc,sg","f,III,acc,sg","f,III,acc,sg","f,III,acc,sg"
"marmor:nompl","n,III,nom,pl","n,III,acc,pl","n,II,acc,pl","n,III,acc,pl","f,III,acc,pl","f,III,acc,pl","f,III,acc,pl","f,III,acc,pl","f,I,acc,pl","f,I,acc,pl","f,I,acc,pl","f,I,acc,pl","f,I,acc,sg","f,I,acc,pl","f,III,acc,pl","f,III,acc,sg"
"marmor:genpl","n,III,gen,pl","f,III,gen,pl","n,II,acc,pl","n,II,acc,sg","f,II,acc,pl","f,III,acc,pl","f,III,acc,pl","n,II,acc,sg","f,III,acc,sg","f,I,acc,sg","f,I,acc,sg","f,III,acc,pl","f,III,acc,sg","f,III,acc,sg","f,III,acc,sg","f,III,acc,sg"
"marmor:accpl","n,III,acc,pl","n,III,acc,pl","n,II,acc,pl","n,III,acc,pl","f,III,acc,pl","f,III,acc,pl","f,III,acc,pl","f,III,acc,pl","f,I,acc,pl","f,I,acc,pl","f,I,acc,pl","f,I,acc,pl","f,I,acc,sg","f,I,acc,pl","f,III,acc,pl","f,III,acc,sg"
"mater:nomsg","f,III,nom,sg","f,III,acc,pl","f,III,acc,sg","f,III,acc,pl","f,II,acc,sg","f,III,acc,sg","f,III,acc,pl","f,III,acc,sg","f,III,acc,pl","f,III,acc,pl","f,III,acc,pl","f,III,acc,sg","f,III,acc,sg","f,III,acc,sg","f,III,acc,pl","f,III,acc,sg"
"mater:gensg","f,III,gen,sg","f,III,acc,sg","m,III,acc,sg","f,III,acc,pl","f,III,acc,pl","f,III,acc,pl","f,III,acc,pl","f,III,acc,pl","f,III,acc,pl","f,III,acc,pl","f,III,acc,pl","f,III,acc,pl","f,III,acc,pl","f,III,acc,pl","f,III,acc,pl","f,III,acc,pl"
"mater:accsg","f,III,acc,sg","f,III,acc,sg","f,III,acc,sg","f,III,acc,sg","f,III,acc,sg","f,III,acc,sg","f,III,acc,sg","f,III,acc,sg","f,III,acc,sg","f,III,acc,sg","f,III,acc,sg","f,III,acc,sg","f,III,acc,sg","f,III,acc,sg","f,III,acc,sg","f,III,acc,sg"
"mater:nompl","f,III,nom,pl","f,III,acc,pl","f,III,acc,pl","f,III,acc,pl","f,III,acc,pl","f,III,acc,pl","f,III,acc,pl","f,III,acc,pl","f,III,acc,pl","f,III,acc,pl","f,III,acc,pl","f,III,acc,pl","f,III,acc,pl","f,III,acc,pl","f,III,acc,pl","f,III,acc,pl"
"mater:genpl","f,III,gen,pl","f,III,acc,pl","f,I,acc,pl","f,I,acc,pl","f,I,acc,pl","f,I,acc,pl","f,I,acc,pl","f,I,acc,pl","f,III,acc,pl","f,I,acc,pl","f,I,acc,pl","f,III,acc,pl","f,I,acc,pl","f,III,acc,pl","f,I,acc,pl","f,I,acc,pl"
"mater:accpl","f,III,acc,pl","f,III,acc,pl","f,III,acc,pl","f,III,acc,pl","f,III,acc,pl","f,III,acc,pl","f,III,acc,pl","f,III,acc,pl","f,III,acc,pl","f,III,acc,pl","f,III,acc,pl","f,III,acc,pl","f,III,acc,pl","f,III,acc,pl","f,III,acc,pl","f,III,acc,pl"
"maxilla:nomsg","f,I,nom,sg","f,I,nom,pl","f,I,acc,pl","f,I,acc,pl","f,I,acc,pl","f,I,acc,pl","f,I,acc,pl","f,I,acc,pl","f,I,acc,pl","f,I,acc,pl","f,I,acc,pl","f,I,acc,pl","f,I,acc,pl","f,I,acc,pl","f,I,acc,pl","f,I,acc,pl"
"maxilla:gensg","f,I,gen,sg","f,I,acc,sg","f,I,acc,pl","f,I,acc,pl","f,I,acc,pl","f,I,acc,pl","f,I,acc,pl","f,I,acc,pl","f,I,acc,pl","f,I,acc,pl","f,I,acc,pl","f,I,acc,pl","f,I,acc,pl","f,I,acc,pl","f,I,acc,pl","f,I,acc,pl"
"maxilla:accsg","f,I,acc,sg","f,I,acc,sg","f,I,acc,sg","f,I,acc,sg","f,I,acc,sg","f,I,acc,sg","f,I,acc,sg","f,I,acc,sg","f,I,acc,sg","f,I,acc,sg","f,I,acc,sg","f,I,acc,sg","f,I,acc,sg","f,I,acc,sg","f,I,acc,sg","f,I,acc,sg"
"maxilla:nompl","f,I,nom,pl","f,I,acc,sg","f,I,acc,pl","f,I,acc,pl","f,I,acc,pl","f,I,acc,pl","f,I,acc,pl","f,I,acc,pl","f,I,acc,pl","f,I,acc,pl","f,I,acc,pl","f,I,acc,pl","f,I,acc,pl","f,I,acc,pl","f,I,acc,pl","f,I,acc,pl"
"maxilla:genpl","f,I,gen,pl","f,I,gen,pl","f,I,acc,pl","f,I,acc,pl","f,I,acc,pl","f,I,acc,pl","f,I,acc,pl","f,I,acc,pl","f,I,acc,pl","f,I,acc,pl","f,I,acc,pl","f,I,acc,pl","f,I,acc,pl","f,I,acc,pl","f,I,acc,pl","f,I,acc,pl"
"maxilla:accpl","f,I,acc,pl","f,I,nom,sg","f,I,acc,pl","f,I,acc,pl","f,I,acc,pl","f,I,acc,pl","f,I,acc,pl","f,I,acc,pl","f,I,acc,pl","f,I,acc,pl","f,I,acc,pl","f,I,acc,pl","f,I,acc,pl","f,I,acc,pl","f,I,acc,pl","f,I,acc,pl"
"medium:nomsg","n,II,nom,sg","n,II,acc,sg","n,II,acc,sg","n,II,acc,sg","n,II,acc,sg","n,II,acc,sg","n,II,acc,sg","n,II,acc,sg","n,II,acc,sg","n,II,acc,sg","n,II,acc,sg","n,II,acc,sg","n,II,acc,sg","n,II,acc,sg","n,II,acc,sg","n,II,acc,sg"
"medium:gensg","n,II,gen,sg","n,II,acc,sg","n,II,acc,pl","n,II,acc,pl","n,II,acc,pl","n,II,acc,pl","n,II,acc,pl","n,II,acc,pl","n,II,acc,pl","n,II,acc,pl","n,II,acc,pl","n,II,acc,pl","n,II,acc,pl","n,II,acc,pl","n,II,acc,pl","n,II,acc,pl"
"medium:accsg","n,II,acc,sg","n,II,acc,sg","n,II,acc,sg","n,II,acc,sg","n,II,acc,sg","n,II,acc,sg","n,II,acc,sg","n,II,acc,sg","n,II,acc,sg","n,II,acc,sg","n,II,acc,sg","n,II,acc,sg","n,II,acc,sg","n,II,acc,sg","n,II,acc,sg","n,II,acc,sg"
"medium:nompl","n,II,nom,pl","n,II,nom,pl","f,II,acc,pl","f,I,acc,pl","f,I,acc,pl","f,I,acc,pl","f,I,acc,pl","f,I,acc,pl","f,I,acc,pl","f,I,acc,pl","f,I,acc,pl","f,I,acc,pl","f,I,acc,pl","f,I,acc,pl","f,I,acc,pl","f,I,acc,pl"
"medium:genpl","n,II,gen,pl","n,II,gen,pl","n,II,acc,pl","f,II,acc,pl","n,II,acc,pl","n,II,acc,pl","n,II,acc,pl","n,II,acc,pl","n,II,acc,pl","n,II,acc,pl","n,II,acc,pl","n,II,acc,pl","n,II,acc,pl","n,II,acc,pl","n,II,acc,pl","n,II,acc,pl"
"medium:accpl","n,II,acc,pl","n,II,nom,pl","f,II,acc,pl","f,I,acc,pl","f,I,acc,pl","f,I,acc,pl","f,I,acc,pl","f,I,acc,pl","f,I,acc,pl","f,I,acc,pl","f,I,acc,pl","f,I,acc,pl","f,I,acc,pl","f,I,acc,pl","f,I,acc,pl","f,I,acc,pl"
"medulla:nomsg","f,I,nom,sg","n,II,nom,pl","f,II,acc,pl","f,I,acc,pl","f,I,acc,sg","f,I,acc,pl","f,I,acc,pl","f,I,acc,pl","f,I,acc,sg","f,I,acc,pl","f,I,acc,pl","f,I,acc,pl","f,I,acc,pl","f,I,acc,pl","f,I,acc,pl","f,I,acc,pl"
"medulla:gensg","f,I,gen,sg","f,II,nom,pl","f,II,acc,pl","f,I,acc,pl","f,I,acc,pl","f,I,acc,pl","f,I,acc,pl","f,I,acc,pl","f,I,acc,pl","f,I,acc,pl","f,I,acc,pl","f,I,acc,pl","f,I,acc,pl","f,I,acc,pl","f,I,acc,pl","f,I,acc,pl"
"medulla:accsg","f,I,acc,sg","f,I,acc,sg","f,I,acc,sg","f,I,acc,sg","f,I,acc,sg","f,I,acc,sg","f,I,acc,sg","f,I,acc,sg","f,I,acc,sg","f,I,acc,sg","f,I,acc,sg","f,I,acc,sg","f,I,acc,sg","f,I,acc,sg","f,I,acc,sg","f,I,acc,sg"
"medulla:nompl","f,I,nom,pl","f,II,nom,pl","f,II,acc,pl","f,I,acc,pl","f,I,acc,pl","f,I,acc,pl","f,I,acc,pl","f,I,acc,pl","f,I,acc,pl","f,I,acc,pl","f,I,acc,pl","f,I,acc,pl","f,I,acc,pl","f,I,acc,pl","f,I,acc,pl","f,I,acc,pl"
"medulla:genpl","f,I,gen,pl","f,III,acc,pl","f,I,acc,pl","f,I,acc,pl","f,I,acc,pl","f,I,acc,pl","f,I,acc,pl","f,I,acc,pl","f,I,acc,pl","f,I,acc,pl","f,I,acc,pl","f,I,acc,pl","f,I,acc,pl","f,I,acc,pl","f,I,acc,pl","f,I,acc,pl"
"medulla:accpl","f,I,acc,pl","f,III,acc,pl","f,I,acc,pl","f,I,acc,pl","f,I,acc,pl","f,I,acc,pl","f,I,acc,pl","f,I,acc,pl","f,I,acc,pl","f,I,acc,pl","f,I,acc,pl","f,I,acc,pl","f,I,acc,pl","f,I,acc,pl","f,I,acc,pl","f,I,acc,pl"
"mel:nomsg","n,III,nom,sg","n,III,nom,sg","n,III,acc,sg","n,III,acc,sg","n,III,acc,sg","f,III,acc,sg","f,III,acc,sg","f,III,acc,sg","f,III,acc,sg","f,III,acc,sg","f,III,acc,sg","f,III,acc,sg","f,III,acc,sg","f,III,acc,sg","f,III,acc,sg","f,III,acc,sg"
"mel:gensg","n,III,gen,sg","m,III,acc,sg","m,III,acc,sg","f,III,acc,sg","f,III,acc,sg","f,III,acc,sg","f,III,acc,sg","f,III,acc,sg","f,III,acc,sg","f,III,acc,sg","f,III,acc,sg","f,III,acc,sg","f,III,acc,sg","f,III,acc,sg","f,III,acc,sg","f,III,acc,sg"
"mel:accsg","n,III,acc,sg","n,III,nom,sg","n,III,acc,sg","n,III,acc,sg","n,III,acc,sg","f,III,acc,sg","f,III,acc,sg","f,III,acc,sg","f,III,acc,sg","f,III,acc,sg","f,III,acc,sg","f,III,acc,sg","f,III,acc,sg","f,III,acc,sg","f,III,acc,sg","f,III,acc,sg"
"mel:nompl","n,III,nom,pl","n,III,acc,pl","n,III,acc,sg","n,III,acc,pl","f,III,acc,sg","f,III,acc,sg","f,III,acc,sg","f,III,acc,sg","f,III,acc,sg","f,III,acc,sg","f,III,acc,sg","f,III,acc,sg","f,III,acc,sg","f,III,acc,sg","f,III,acc,sg","f,III,acc,sg"
"mel:genpl","n,III,gen,pl","f,III,gen,pl","f,III,acc,pl","n,III,acc,sg","f,III,acc,sg","f,III,acc,sg","f,III,acc,sg","f,III,acc,sg","f,III,acc,sg","f,III,acc,sg","f,III,acc,sg","f,III,acc,sg","f,III,acc,sg","f,III,acc,sg","f,III,acc,sg","f,III,acc,sg"
"mel:accpl","n,III,acc,pl","n,III,acc,pl","n,III,acc,sg","n,III,acc,pl","f,III,acc,sg","f,III,acc,sg","f,III,acc,sg","f,III,acc,sg","f,III,acc,sg","f,III,acc,sg","f,III,acc,sg","f,III,acc,sg","f,III,acc,sg","f,III,acc,sg","f,III,acc,sg","f,III,acc,sg"
"memoria:nomsg","f,I,nom,sg","n,III,acc,sg","n,II,acc,sg","f,I,acc,sg","f,I,acc,sg","f,I,acc,sg","f,I,acc,pl","f,I,acc,pl","f,I,acc,pl","f,I,acc,pl","f,I,acc,pl","f,I,acc,pl","f,I,acc,pl","f,I,acc,pl","f,I,acc,pl","f,I,acc,pl"
"memoria:gensg","f,I,gen,sg","f,I,acc,sg","f,I,acc,pl","f,I,acc,pl","f,I,acc,pl","f,I,acc,pl","f,I,acc,pl","f,I,acc,pl","f,I,acc,pl","f,I,acc,pl","f,I,acc,pl","f,I,acc,pl","f,I,acc,pl","f,I,acc,pl","f,I,acc,pl","f,I,acc,pl"
"memoria:accsg","f,I,acc,sg","f,III,acc,sg","f,I,acc,sg","f,I,acc,sg","f,I,acc,sg","f,I,acc,sg","f,I,acc,sg","f,I,acc,sg","f,I,acc,sg","f,I,acc,sg","f,I,acc,sg","f,I,acc,sg","f,I,acc,sg","f,I,acc,sg","f,I,acc,sg","f,I,acc,sg"
"memoria:nompl","f,I,nom,pl","f,I,acc,sg","f,I,acc,pl","f,I,acc,pl","f,I,acc,pl","f,I,acc,pl","f,I,acc,pl","f,I,acc,pl","f,I,acc,pl","f,I,acc,pl","f,I,acc,pl","f,I,acc,pl","f,I,acc,pl","f,I,acc,pl","f,I,acc,pl","f,I,acc,pl"
"memoria:genpl","f,I,gen,pl","f,III,acc,pl","f,I,acc,pl","f,I,acc,pl","f,I,acc,pl","f,I,acc,pl","f,I,acc,pl","f,I,acc,pl","f,I,acc,pl","f,I,acc,pl","f,I,acc,pl","f,I,acc,pl","f,I,acc,pl","f,I,acc,pl","f,I,acc,pl","f,I,acc,pl"
"memoria:accpl","f,I,acc,pl","f,I,acc,pl","f,I,acc,pl","f,I,acc,pl","f,I,acc,pl","f,I,acc,pl","f,I,acc,pl","f,I,acc,pl","f,I,acc,pl","f,I,acc,pl","f,I,acc,pl","f,I,acc,pl","f,I,acc,pl","f,I,acc,pl","f,I,acc,pl","f,I,acc,pl"
"mensa:nomsg","f,I,nom,sg","f,I,nom,pl","f,I,acc,pl","f,I,acc,sg","f,I,acc,sg","f,I,acc,sg","f,I,acc,sg","f,I,acc,pl","f,I,acc,pl","f,I,acc,pl","f,I,acc,pl","f,I,acc,pl","f,I,acc,pl","f,I,acc,pl","f,I,acc,pl","f,I,acc,pl"
"mensa:gensg","f,I,gen,sg","f,I,acc,sg","f,I,acc,pl","f,I,acc,pl","f,I,acc,pl","f,I,acc,pl","f,I,acc,pl","f,I,acc,pl","f,I,acc,pl","f,I,acc,pl","f,I,acc,pl","f,I,acc,pl","f,I,acc,pl","f,I,acc,pl","f,I,acc,pl","f,I,acc,pl"
"mensa:accsg","f,I,acc,sg","f,I,acc,sg","f,I,acc,sg","f,I,acc,sg","f,I,acc,sg","f,I,acc,sg","f,I,acc,sg","f,I,acc,sg","f,I,acc,sg","f,I,acc,sg","f,I,acc,sg","f,I,acc,sg","f,I,acc,sg","f,I,acc,sg","f,I,acc,sg","f,I,acc,sg"
"mensa:nompl","f,I,nom,pl","f,I,acc,sg","f,I,acc,pl","f,I,acc,pl","f,I,acc,pl","f,I,acc,pl","f,I,acc,pl","f,I,acc,pl","f,I,acc,pl","f,I,acc,pl","f,I,acc,pl","f,I,acc,pl","f,I,acc,pl","f,I,acc,pl","f,I,acc,pl","f,I,acc,pl"
"mensa:genpl","f,I,gen,pl","f,III,gen,pl","f,I,acc,pl","f,I,acc,pl","f,I,acc,pl","f,I,acc,pl","f,I,acc,pl","f,I,acc,pl","f,I,acc,pl","f,I,acc,pl","f,I,acc,pl","f,I,acc,pl","f,I,acc,pl","f,I,acc,pl","f,I,acc,pl","f,I,acc,pl"
"mensa:accpl","f,I,acc,pl","f,I,acc,pl","f,I,acc,pl","f,I,acc,pl","f,I,acc,pl","f,I,acc,pl","f,I,acc,pl","f,I,acc,pl","f,I,acc,pl","f,I,acc,pl","f,I,acc,pl","f,I,acc,pl","f,I,acc,pl","f,I,acc,pl","f,I,acc,pl","f,I,acc,pl"
"mensura:nomsg","f,I,nom,sg","f,II,nom,pl","f,II,nom,pl","f,I,acc,pl","f,I,acc,pl","f,I,acc,pl","f,I,acc,pl","f,I,acc,pl","f,I,acc,pl","f,I,acc,pl","f,I,acc,pl","f,I,acc,pl","f,I,acc,pl","f,I,acc,pl","f,I,acc,pl","f,I,acc,pl"
"mensura:gensg","f,I,gen,sg","f,I,nom,pl","f,I,acc,pl","f,I,acc,pl","f,I,acc,pl","f,I,acc,pl","f,I,acc,pl","f,I,acc,pl","f,I,acc,pl","f,I,acc,pl","f,I,acc,pl","f,I,acc,pl","f,I,acc,pl","f,I,acc,pl","f,I,acc,pl","f,I,acc,pl"
"mensura:accsg","f,I,acc,sg","f,I,acc,sg","f,I,acc,sg","f,I,acc,sg","f,I,acc,sg","f,I,acc,sg","f,I,acc,sg","f,I,acc,sg","f,I,acc,sg","f,I,acc,sg","f,I,acc,sg","f,I,acc,sg","f,I,acc,sg","f,I,acc,sg","f,I,acc,sg","f,I,acc,sg"
"mensura:nompl","f,I,nom,pl","f,I,nom,pl","f,I,acc,pl","f,I,acc,pl","f,I,acc,pl","f,I,acc,pl","f,I,acc,pl","f,I,acc,pl","f,I,acc,pl","f,I,acc,pl","f,I,acc,pl","f,I,acc,pl","f,I,acc,pl","f,I,acc,pl","f,I,acc,pl","f,I,acc,pl"
"mensura:genpl","f,I,gen,pl","f,I,acc,pl","f,I,acc,pl","f,I,acc,pl","f,I,acc,pl","f,I,acc,pl","f,I,acc,pl","f,I,acc,pl","f,I,acc,pl","f,I,acc,pl","f,I,acc,pl","f,I,acc,pl","f,I,acc,pl","f,I,acc,pl","f,I,acc,pl","f,I,acc,pl"
"mensura:accpl","f,I,acc,pl","f,I,acc,pl","f,I,acc,pl","f,I,acc,pl","f,I,acc,pl","f,I,acc,pl","f,I,acc,pl","f,I,acc,pl","f,I,acc,pl","f,I,acc,pl","f,I,acc,pl","f,I,acc,pl","f,I,acc,pl","f,I,acc,pl","f,I,acc,pl","f,I,acc,pl"
"merces:nomsg","f,III,nom,sg","f,III,acc,pl","f,III,acc,pl","f,III,acc,pl","f,III,acc,pl","f,III,acc,pl","f,III,acc,pl","f,III,acc,pl","f,III,acc,pl","f,III,acc,pl","f,III,acc,pl","f,III,acc,pl","f,III,acc,pl","f,III,acc,pl","f,III,acc,pl","f,III,acc,pl"
"merces:gensg","f,III,gen,sg","f,III,acc,sg","f,III,acc,sg","f,III,acc,pl","f,III,acc,pl","f,III,acc,pl","f,III,acc,sg","f,III,acc,pl","f,III,acc,pl","f,III,acc,pl","f,III,acc,pl","f,III,acc,pl","f,III,acc,pl","f,III,acc,pl","f,III,acc,pl","f,III,acc,pl"
"merces:accsg","f,III,acc,sg","f,III,acc,sg","f,III,acc,sg","f,III,acc,sg","f,III,acc,sg","f,III,acc,sg","f,III,acc,sg","f,III,acc,sg","f,III,acc,sg","f,III,acc,sg","f,III,acc,sg","f,III,acc,sg","f,III,acc,sg","f,III,acc,sg","f,III,acc,sg","f,III,acc,sg"
"merces:nompl","f,III,nom,pl","f,III,acc,pl","f,III,acc,pl","f,III,acc,pl","f,III,acc,pl","f,III,acc,pl","f,III,acc,pl","f,III,acc,pl","f,III,acc,pl","f,III,acc,pl","f,III,acc,pl","f,III,acc,pl","f,III,acc,pl","f,III,acc,pl","f,III,acc,pl","f,III,acc,pl"
"merces:genpl","f,III,gen,pl","f,III,gen,pl","f,III,acc,pl","f,III,acc,pl","f,III,acc,pl","f,III,acc,pl","f,III,acc,sg","f,III,acc,pl","f,III,acc,pl","f,III,acc,sg","f,III,acc,pl","f,III,acc,sg","f,III,acc,sg","f,III,acc,pl","f,III,acc,pl","f,III,acc,pl"
"merces:accpl","f,III,acc,pl","f,III,acc,pl","f,III,acc,pl","f,III,acc,pl","f,III,acc,pl","f,III,acc,pl","f,III,acc,pl","f,III,acc,pl","f,III,acc,pl","f,III,acc,pl","f,III,acc,pl","f,III,acc,pl","f,III,acc,pl","f,III,acc,pl","f,III,acc,pl","f,III,acc,pl"
"meridies:nomsg","m,V,nom,sg","f,II,acc,pl","f,I,acc,pl","f,I,acc,pl","f,II,acc,pl","f,III,acc,pl","f,III,acc,pl","f,III,acc,pl","f,III,acc,pl","f,III,acc,pl","f,III,acc,pl","f,III,acc,pl","f,III,acc,pl","f,III,acc,pl","f,III,acc,pl","f,III,acc,pl"
"meridies:gensg","m,V,gen,sg","f,II,gen,pl","f,III,acc,pl","n,III,acc,pl","f,III,acc,pl","f,III,acc,pl","f,III,acc,pl","f,III,acc,pl","f,III,acc,pl","f,III,acc,pl","n,II,acc,pl","f,III,acc,pl","f,III,acc,pl","f,III,acc,pl","f,III,acc,pl","f,III,acc,sg"
"meridies:accsg","m,V,acc,sg","n,II,acc,sg","n,II,acc,sg","n,II,acc,sg","f,II,acc,sg","f,III,acc,sg","f,III,acc,sg","f,III,acc,sg","f,III,acc,sg","f,III,acc,sg","f,III,acc,sg","f,III,acc,sg","f,III,acc,sg","f,III,acc,sg","f,III,acc,sg","f,III,acc,sg"
"meridies:nompl","m,V,nom,pl","f,II,acc,pl","f,I,acc,pl","f,I,acc,pl","f,II,acc,pl","f,III,acc,pl","f,III,acc,pl","f,III,acc,pl","f,III,acc,pl","f,III,acc,pl","f,III,acc,pl","f,III,acc,pl","f,III,acc,pl","f,III,acc,pl","f,III,acc,pl","f,III,acc,pl"
"meridies:genpl","m,V,gen,pl","f,II,gen,pl","n,II,gen,pl","f,II,acc,pl","n,II,acc,pl","f,III,acc,pl","f,III,acc,pl","f,III,acc,pl","f,III,acc,pl","f,III,acc,pl","n,II,acc,pl","f,III,acc,pl","n,II,acc,sg","f,III,acc,pl","f,III,acc,pl","f,III,acc,sg"
"meridies:accpl","m,V,acc,pl","f,II,acc,pl","f,I,acc,pl","f,I,acc,pl","f,II,acc,pl","f,III,acc,pl","f,III,acc,pl","f,III,acc,pl","f,III,acc,pl","f,III,acc,pl","f,III,acc,pl","f,III,acc,pl","f,III,acc,pl","f,III,acc,pl","f,III,acc,pl","f,III,acc,pl"
"milia:nomsg","n,II,nom,sg","n,II,acc,sg","n,II,acc,sg","n,II,acc,sg","n,II,acc,sg","n,II,acc,sg","n,II,acc,sg","n,II,acc,sg","n,II,acc,sg","n,II,acc,sg","n,II,acc,sg","n,II,acc,sg","n,II,acc,sg","n,II,acc,sg","n,II,acc,sg","n,II,acc,sg"
"milia:gensg","n,II,gen,sg","n,II,acc,sg","n,II,acc,sg","n,II,acc,sg","n,II,acc,sg","n,II,acc,sg","n,II,acc,sg","n,II,acc,sg","n,II,acc,sg","n,II,acc,sg","n,II,acc,sg","n,II,acc,sg","n,II,acc,sg","n,II,acc,sg","n,II,acc,sg","n,II,acc,sg"
"milia:accsg","n,II,acc,sg","n,II,acc,sg","n,II,acc,sg","n,II,acc,sg","n,II,acc,sg","n,II,acc,sg","n,II,acc,sg","n,II,acc,sg","n,II,acc,sg","n,II,acc,sg","n,II,acc,sg","n,II,acc,sg","n,II,acc,sg","n,II,acc,sg","n,II,acc,sg","n,II,acc,sg"
"milia:nompl","n,II,nom,pl","n,II,nom,sg","f,II,nom,pl","f,I,acc,pl","f,I,acc,pl","f,I,acc,pl","f,I,acc,pl","f,I,acc,pl","f,I,acc,pl","f,I,acc,pl","f,I,acc,pl","f,I,acc,pl","f,I,acc,pl","f,I,acc,pl","f,I,acc,pl","f,I,acc,pl"
"milia:genpl","n,II,gen,pl","n,II,gen,pl","n,II,acc,pl","n,II,acc,pl","n,II,acc,pl","n,II,acc,pl","n,II,acc,pl","n,II,acc,pl","n,II,acc,pl","n,II,acc,pl","n,II,acc,pl","n,II,acc,pl","n,II,acc,pl","n,II,acc,pl","n,II,acc,pl","n,II,acc,pl"
"milia:accpl","n,II,acc,pl","n,II,nom,sg","f,II,nom,pl","f,I,acc,pl","f,I,acc,pl","f,I,acc,pl","f,I,acc,pl","f,I,acc,pl","f,I,acc,pl","f,I,acc,pl","f,I,acc,pl","f,I,acc,pl","f,I,acc,pl","f,I,acc,pl","f,I,acc,pl","f,I,acc,pl"
"miraculum:nomsg","n,II,nom,sg","n,II,acc,sg","n,II,acc,sg","n,II,acc,sg","n,II,acc,sg","n,II,acc,sg","n,II,acc,sg","n,II,acc,sg","n,II,acc,sg","n,II,acc,sg","n,II,acc,sg","n,II,acc,sg","n,II,acc,sg","n,I,acc,sg","n,II,acc,sg","n,II,acc,sg"
"miraculum:gensg","n,II,gen,sg","n,II,gen,pl","n,II,acc,pl","n,II,acc,pl","n,II,acc,pl","n,II,acc,pl","n,II,acc,pl","n,II,acc,pl","n,II,acc,pl","n,II,acc,pl","n,II,acc,pl","f,III,acc,sg","n,II,acc,sg","n,II,acc,pl","n,II,acc,pl","n,II,acc,pl"
"miraculum:accsg","n,II,acc,sg","n,II,acc,sg","n,II,acc,sg","n,II,acc,sg","n,II,acc,sg","n,II,acc,sg","n,II,acc,sg","n,II,acc,sg","n,II,acc,sg","n,II,acc,sg","n,II,acc,sg","n,II,acc,sg","n,II,acc,sg","n,I,acc,sg","n,II,acc,sg","n,II,acc,sg"
"miraculum:nompl","n,II,nom,pl","n,II,acc,sg","n,II,acc,sg","f,I,acc,pl","f,I,acc,sg","f,I,acc,pl","f,I,acc,pl","f,I,acc,pl","f,I,acc,pl","f,I,acc,pl","f,I,acc,pl","f,I,acc,sg","f,I,acc,sg","f,I,acc,pl","f,I,acc,pl","f,I,acc,pl"
"miraculum:genpl","n,II,gen,pl","m,II,acc,pl","f,II,acc,pl","n,II,acc,pl","n,II,acc,sg","n,II,acc,pl","n,II,acc,pl","n,II,acc,pl","n,II,acc,pl","n,II,acc,sg","n,II,acc,pl","f,I,acc,pl","n,II,acc,sg","n,II,acc,pl","n,II,acc,pl","n,II,acc,pl"
"miraculum:accpl","n,II,acc,pl","n,II,acc,sg","n,II,acc,sg","f,I,acc,pl","f,I,acc,sg","f,I,acc,pl","f,I,acc,pl","f,I,acc,pl","f,I,acc,pl","f,I,acc,pl","f,I,acc,pl","f,I,acc,sg","f,I,acc,sg","f,I,acc,pl","f,I,acc,pl","f,I,acc,pl"
"mola:nomsg","f,I,nom,sg","n,II,acc,sg","f,I,acc,pl","f,I,acc,pl","f,I,acc,pl","f,I,acc,pl","f,I,acc,sg","f,I,acc,pl","f,I,acc,pl","f,I,acc,pl","f,I,acc,pl","f,I,acc,pl","f,I,acc,pl","f,I,acc,pl","f,I,acc,pl","f,I,acc,pl"
"mola:gensg","f,I,gen,sg","f,I,acc,sg","f,I,acc,pl","f,I,acc,pl","f,I,acc,pl","f,I,acc,pl","f,I,acc,pl","f,I,acc,pl","f,I,acc,pl","f,I,acc,pl","f,I,acc,pl","f,I,acc,pl","f,I,acc,pl","f,I,acc,pl","f,I,acc,pl","f,I,acc,pl"
"mola:accsg","f,I,acc,sg","f,I,acc,sg","f,I,acc,sg","f,I,acc,sg","f,I,acc,sg","f,I,acc,sg","f,I,acc,sg","f,I,acc,sg","f,I,acc,sg","f,I,acc,sg","f,I,acc,sg","f,I,acc,sg","f,I,acc,sg","f,I,acc,sg","f,I,acc,sg","f,I,acc,sg"
"mola:nompl","f,I,nom,pl","f,I,acc,sg","f,I,acc,pl","f,I,acc,pl","f,I,acc,pl","f,I,acc,pl","f,I,acc,pl","f,I,acc,pl","f,I,acc,pl","f,I,acc,pl","f,I,acc,pl","f,I,acc,pl","f,I,acc,pl","f,I,acc,pl","f,I,acc,pl","f,I,acc,pl"
"mola:genpl","f,I,gen,pl","f,III,gen,pl","f,I,acc,pl","f,I,acc,pl","f,I,acc,pl","f,I,acc,pl","f,I,acc,pl","f,I,acc,pl","f,I,acc,pl","f,I,acc,pl","f,I,acc,pl","f,I,acc,pl","f,I,acc,pl","f,I,acc,pl","f,I,acc,pl","f,I,acc,pl"
"mola:accpl","f,I,acc,pl","f,I,acc,pl","f,I,acc,pl","f,I,acc,pl","f,I,acc,pl","f,I,acc,pl","f,I,acc,pl","f,I,acc,pl","f,I,acc,pl","f,I,acc,pl","f,I,acc,pl","f,I,acc,pl","f,I,acc,pl","f,I,acc,pl","f,I,acc,pl","f,I,acc,pl"
"mons:nomsg","m,III,nom,sg","n,III,nom,sg","n,III,nom,sg","n,III,nom,sg","f,III,acc,sg","f,III,acc,sg","f,III,acc,sg","f,III,acc,sg","f,III,acc,sg","f,III,acc,sg","f,III,acc,sg","f,III,acc,sg","f,III,acc,sg","f,III,acc,sg","f,III,acc,sg","f,III,acc,sg"
"mons:gensg","m,III,gen,sg","f,III,acc,sg","f,III,acc,sg","f,III,acc,sg","f,III,nom,sg","f,III,acc,sg","f,III,acc,sg","f,III,acc,sg","f,III,acc,sg","f,III,acc,sg","f,III,acc,sg","f,III,acc,sg","f,III,acc,sg","f,III,acc,sg","f,III,acc,sg","f,III,acc,sg"
"mons:accsg","m,III,acc,sg","f,III,acc,sg","f,III,acc,sg","f,III,acc,sg","f,III,acc,sg","f,III,acc,sg","f,III,acc,sg","f,III,acc,sg","f,III,acc,sg","f,III,acc,sg","f,III,acc,sg","f,III,acc,sg","f,III,acc,sg","f,III,acc,sg","f,III,acc,sg","f,III,acc,sg"
"mons:nompl","m,III,nom,pl","f,III,acc,pl","f,III,acc,pl","f,III,acc,pl","f,III,acc,pl","f,III,acc,pl","f,III,acc,pl","f,III,acc,pl","f,III,acc,pl","f,III,acc,pl","f,III,acc,pl","f,III,acc,pl","f,III,acc,pl","f,III,acc,pl","f,III,acc,pl","f,III,acc,pl"
"mons:genpl","m,III,gen,pl","n,III,gen,pl","f,III,acc,pl","f,III,acc,sg","f,III,acc,sg","f,III,acc,sg","f,III,acc,sg","f,III,acc,sg","f,III,acc,sg","f,III,acc,sg","f,III,acc,sg","f,III,acc,sg","f,III,acc,sg","f,III,acc,sg","f,III,acc,sg","f,III,acc,sg"
"mons:accpl","m,III,acc,pl","f,III,acc,pl","f,III,acc,pl","f,III,acc,pl","f,III,acc,pl","f,III,acc,pl","f,III,acc,pl","f,III,acc,pl","f,III,acc,pl","f,III,acc,pl","f,III,acc,pl","f,III,acc,pl","f,III,acc,pl","f,III,acc,pl","f,III,acc,pl","f,III,acc,pl"
"mors:nomsg","f,III,nom,sg","f,III,nom,sg","f,III,acc,sg","f,III,acc,sg","f,III,acc,sg","f,III,acc,sg","f,III,acc,sg","f,III,acc,sg","f,III,acc,sg","f,III,acc,sg","f,III,acc,sg","f,III,acc,sg","f,I,acc,sg","f,III,acc,sg","f,III,acc,sg","f,III,acc,sg"
"mors:gensg","f,III,gen,sg","f,III,nom,sg","f,III,nom,sg","f,III,acc,sg","f,III,acc,sg","f,III,acc,sg","f,III,acc,sg","f,III,acc,sg","f,III,acc,sg","f,III,acc,sg","f,III,acc,sg","f,III,acc,sg","f,III,acc,sg","f,III,acc,sg","f,III,acc,sg","f,III,acc,sg"
"mors:accsg","f,III,acc,sg","f,III,acc,sg","f,III,acc,sg","f,III,acc,sg","f,III,acc,sg","f,III,acc,sg","f,III,acc,sg","f,III,acc,sg","f,III,acc,sg","f,III,acc,sg","f,III,acc,sg","f,III,acc,sg","f,III,acc,sg","f,III,acc,sg","f,III,acc,sg","f,III,acc,sg"
"mors:nompl","f,III,nom,pl","f,III,acc,pl","f,III,acc,pl","f,III,acc,pl","f,III,acc,pl","f,III,acc,pl","f,III,acc,pl","f,III,acc,pl","f,III,acc,pl","f,III,acc,pl","f,III,acc,pl","f,III,acc,pl","f,III,acc,pl","f,III,acc,pl","f,III,acc,pl","f,III,acc,pl"
"mors:genpl","f,III,gen,pl","f,III,gen,pl","f,III,acc,pl","f,III,acc,sg","f,III,acc,sg","f,III,acc,sg","f,III,acc,sg","f,III,acc,sg","f,III,acc,sg","f,III,acc,sg","f,III,acc,sg","f,III,acc,sg","f,III,acc,sg","f,III,acc,sg","f,III,acc,sg","f,III,acc,sg"
"mors:accpl","f,III,acc,pl","f,III,acc,pl","f,III,acc,pl","f,III,acc,pl","f,III,acc,pl","f,III,acc,pl","f,III,acc,pl","f,III,acc,pl","f,III,acc,pl","f,III,acc,pl","f,III,acc,pl","f,III,acc,pl","f,III,acc,pl","f,III,acc,pl","f,III,acc,pl","f,III,acc,pl"
"morum:nomsg","n,II,nom,sg","n,II,acc,sg","n,II,acc,sg","n,II,acc,sg","n,II,acc,sg","n,II,acc,sg","n,II,acc,sg","n,II,acc,sg","n,II,acc,sg","n,II,acc,sg","n,II,acc,sg","n,II,acc,sg","n,II,acc,sg","n,II,acc,sg","n,II,acc,sg","n,II,acc,sg"
"morum:gensg","n,II,gen,sg","n,III,acc,sg","n,II,acc,sg","n,II,acc,sg","f,III,acc,sg","f,III,acc,sg","f,III,acc,pl","f,III,acc,sg","f,III,acc,sg","f,III,acc,sg","f,III,acc,sg","f,III,acc,pl","f,III,acc,sg","f,III,acc,sg","f,III,acc,sg","f,III,acc,sg"
"morum:accsg","n,II,acc,sg","n,II,acc,sg","n,II,acc,sg","n,II,acc,sg","n,II,acc,sg","n,II,acc,sg","n,II,acc,sg","n,II,acc,sg","n,II,acc,sg","n,II,acc,sg","n,II,acc,sg","n,II,acc,sg","n,II,acc,sg","n,II,acc,sg","n,II,acc,sg","n,II,acc,sg"
"morum:nompl","n,II,nom,pl","n,II,acc,pl","f,II,acc,pl","f,I,acc,pl","f,I,acc,pl","f,I,acc,pl","f,I,acc,pl","f,I,acc,pl","f,I,acc,pl","f,I,acc,pl","f,I,acc,pl","f,I,acc,pl","f,I,acc,pl","f,I,acc,pl","f,I,acc,pl","f,I,acc,pl"
"morum:genpl","n,II,gen,pl","n,III,gen,pl","n,II,acc,pl","n,II,acc,pl","n,II,acc,pl","n,II,acc,pl","n,II,acc,pl","n,II,acc,pl","n,II,acc,pl","n,II,acc,pl","n,II,acc,pl","n,II,acc,pl","n,II,acc,pl","n,II,acc,pl","n,II,acc,pl","n,II,acc,pl"
"morum:accpl","n,II,acc,pl","n,II,acc,pl","f,II,acc,pl","f,I,acc,pl","f,I,acc,pl","f,I,acc,pl","f,I,acc,pl","f,I,acc,pl","f,I,acc,pl","f,I,acc,pl","f,I,acc,pl","f,I,acc,pl","f,I,acc,pl","f,I,acc,pl","f,I,acc,pl","f,I,acc,pl"
"mulier:nomsg","f,III,nom,sg","n,III,nom,sg","n,III,acc,sg","f,III,acc,sg","f,III,acc,sg","f,III,acc,sg","f,III,acc,pl","f,III,acc,sg","f,III,acc,sg","f,III,acc,sg","f,III,acc,sg","f,III,acc,sg","f,III,acc,sg","f,III,acc,sg","f,III,acc,sg","f,III,acc,sg"
"mulier:gensg","f,III,gen,sg","f,III,acc,sg","f,III,acc,sg","f,III,acc,sg","f,III,acc,sg","f,III,acc,sg","f,III,acc,sg","f,III,acc,pl","f,III,acc,sg","f,III,acc,sg","f,III,acc,sg","f,III,acc,sg","f,III,acc,sg","f,III,acc,sg","f,III,acc,sg","f,III,acc,sg"
"mulier:accsg","f,III,acc,sg","n,III,acc,sg","f,III,acc,sg","f,III,acc,sg","f,III,acc,sg","f,III,acc,sg","f,III,acc,sg","f,III,acc,sg","f,III,acc,sg","f,III,acc,sg","f,III,acc,sg","f,III,acc,sg","f,III,acc,sg","f,III,acc,sg","f,III,acc,sg","f,III,acc,sg"
"mulier:nompl","f,III,nom,pl","f,III,acc,pl","f,III,acc,pl","f,III,acc,pl","f,III,acc,pl","f,III,acc,sg","f,III,acc,sg","f,III,acc,pl","f,III,acc,pl","f,III,acc,sg","f,III,acc,sg","f,III,acc,sg","f,III,acc,sg","f,III,acc,sg","f,III,acc,sg","f,III,acc,sg"
"mulier:genpl","f,III,gen,pl","n,III,gen,pl","f,III,gen,pl","f,I,acc,pl","f,II,acc,pl","f,III,acc,sg","f,III,acc,pl","f,III,acc,pl","f,III,acc,sg","f,III,acc,sg","n,II,acc,sg","f,III,acc,sg","f,III,acc,sg","f,III,acc,sg","f,III,acc,sg","f,III,acc,sg"
"mulier:accpl","f,III,acc,pl","f,III,acc,pl","f,III,acc,pl","f,III,acc,pl","f,III,acc,pl","f,III,acc,sg","f,III,acc,sg","f,III,acc,pl","f,III,acc,pl","f,III,acc,sg","f,III,acc,sg","f,III,acc,sg","f,III,acc,sg","f,III,acc,sg","f,III,acc,sg","f,III,acc,sg"
"mundus:nomsg","m,II,nom,sg","f,II,nom,sg","n,II,nom,sg","n,II,nom,sg","n,II,acc,sg","n,II,acc,sg","n,II,acc,sg","n,II,acc,sg","n,II,acc,sg","n,II,acc,sg","n,II,acc,sg","n,II,acc,sg","n,II,acc,sg","n,II,acc,sg","n,II,acc,sg","n,II,acc,sg"
"mundus:gensg","m,II,gen,sg","n,II,acc,pl","n,II,acc,pl","n,II,acc,pl","n,II,acc,pl","n,II,acc,pl","n,II,acc,pl","n,II,acc,pl","n,II,acc,pl","n,II,acc,pl","n,II,acc,pl","n,II,acc,pl","n,II,acc,pl","n,II,acc,pl","n,II,acc,pl","n,II,acc,pl"
"mundus:accsg","m,II,acc,sg","n,II,acc,sg","n,II,acc,sg","n,II,acc,sg","n,II,acc,sg","n,II,acc,sg","n,II,acc,sg","n,II,acc,sg","n,II,acc,sg","n,II,acc,sg","n,II,acc,sg","n,II,acc,sg","n,II,acc,sg","n,II,acc,sg","n,II,acc,sg","n,II,acc,sg"
"mundus:nompl","m,II,nom,pl","n,II,acc,pl","n,II,acc,pl","n,II,acc,pl","n,II,acc,pl","n,II,acc,pl","n,II,acc,pl","n,II,acc,pl","n,II,acc,pl","n,II,acc,pl","n,II,acc,pl","n,II,acc,pl","n,II,acc,pl","n,II,acc,pl","n,II,acc,pl","n,II,acc,pl"
"mundus:genpl","m,II,gen,pl","n,III,gen,pl","n,II,acc,pl","n,II,acc,pl","n,II,acc,pl","n,II,acc,pl","f,III,acc,pl","n,II,acc,pl","n,II,acc,pl","n,II,acc,pl","n,II,acc,pl","n,II,acc,pl","n,II,acc,pl","n,II,acc,pl","n,II,acc,pl","n,II,acc,sg"
"mundus:accpl","m,II,acc,pl","m,II,acc,pl","m,II,acc,pl","f,II,acc,pl","f,II,acc,pl","f,III,acc,sg","n,II,acc,pl","f,II,acc,pl","n,II,acc,pl","n,II,acc,pl","n,II,acc,pl","f,II,acc,pl","n,II,acc,pl","n,II,acc,pl","n,II,acc,pl","n,II,acc,pl"
"munus:nomsg","n,III,nom,sg","n,II,nom,sg","n,II,acc,sg","n,II,acc,sg","n,II,acc,sg","n,II,acc,sg","n,II,acc,sg","n,II,acc,sg","n,II,acc,sg","n,II,acc,sg","n,II,acc,sg","n,II,acc,sg","n,II,acc,sg","n,II,acc,sg","n,II,acc,sg","n,II,acc,sg"
"munus:gensg","n,III,gen,sg","f,III,acc,sg","m,III,acc,sg","f,III,acc,sg","f,III,acc,sg","f,III,acc,sg","f,III,acc,sg","f,III,acc,sg","f,III,acc,sg","f,III,acc,sg","f,III,acc,sg","f,III,acc,sg","f,III,acc,sg","f,III,acc,sg","f,III,acc,sg","f,III,acc,sg"
"munus:accsg","n,III,acc,sg","n,II,nom,sg","n,II,acc,sg","n,II,acc,sg","n,II,acc,sg","n,II,acc,sg","n,II,acc,sg","n,II,acc,sg","n,II,acc,sg","n,II,acc,sg","n,II,acc,sg","n,II,acc,sg","n,II,acc,sg","n,II,acc,sg","n,II,acc,sg","n,II,acc,sg"
"munus:nompl","n,III,nom,pl","f,III,acc,pl","m,III,acc,pl","f,III,acc,pl","f,III,acc,pl","f,III,acc,pl","f,III,acc,pl","f,III,acc,pl","f,III,acc,pl","f,III,acc,pl","f,III,acc,sg","f,III,acc,sg","f,III,acc,sg","f,III,acc,sg","f,III,acc,sg","f,III,acc,sg"
"munus:genpl","n,III,gen,pl","f,III,gen,pl","f,III,acc,pl","f,III,acc,sg","f,III,acc,sg","f,III,acc,sg","f,III,acc,pl","f,III,acc,sg","f,III,acc,sg","f,III,acc,sg","f,III,acc,sg","f,III,acc,sg","f,III,acc,sg","f,III,acc,sg","f,III,acc,sg","f,III,acc,sg"
"munus:accpl","n,III,acc,pl","f,III,acc,pl","m,III,acc,pl","f,III,acc,pl","f,III,acc,pl","f,III,acc,pl","f,III,acc,pl","f,III,acc,pl","f,III,acc,pl","f,III,acc,pl","f,III,acc,sg","f,III,acc,sg","f,III,acc,sg","f,III,acc,sg","f,III,acc,sg","f,III,acc,sg"
"murus:nomsg","m,II,nom,sg","m,II,nom,sg","m,II,nom,pl","n,II,nom,sg","n,II,acc,sg","n,II,acc,sg","n,II,acc,sg","n,II,acc,sg","n,II,acc,sg","n,II,acc,sg","n,II,acc,sg","n,II,acc,sg","n,II,acc,sg","n,II,acc,sg","n,II,acc,sg","n,II,acc,sg"
"murus:gensg","m,II,gen,sg","m,II,acc,pl","n,II,acc,pl","n,II,acc,pl","n,II,acc,pl","n,II,acc,pl","n,II,acc,pl","n,II,acc,pl","n,II,acc,pl","n,II,acc,pl","n,II,acc,pl","n,II,acc,pl","n,II,acc,pl","n,II,acc,pl","n,II,acc,pl","n,II,acc,pl"
"murus:accsg","m,II,acc,sg","n,II,acc,sg","n,II,acc,sg","n,II,acc,sg","n,II,acc,sg","n,II,acc,sg","n,II,acc,sg","n,II,acc,sg","n,II,acc,sg","n,II,acc,sg","n,II,acc,sg","n,II,acc,sg","n,II,acc,sg","n,II,acc,sg","n,II,acc,sg","n,II,acc,sg"
"murus:nompl","m,II,nom,pl","m,II,acc,pl","n,II,acc,pl","n,II,acc,pl","n,II,acc,pl","n,II,acc,pl","n,II,acc,pl","n,II,acc,pl","n,II,acc,pl","n,II,acc,pl","n,II,acc,pl","n,II,acc,pl","n,II,acc,pl","n,II,acc,pl","n,II,acc,pl","n,II,acc,pl"
"murus:genpl","m,II,gen,pl","n,II,gen,pl","n,II,acc,pl","n,II,acc,pl","n,II,acc,pl","n,II,acc,pl","n,II,acc,pl","n,II,acc,pl","n,II,acc,pl","n,II,acc,pl","n,II,acc,pl","n,II,acc,pl","n,II,acc,pl","n,II,acc,pl","n,II,acc,pl","n,II,acc,pl"
"murus:accpl","m,II,acc,pl","m,II,acc,pl","m,II,nom,pl","n,II,acc,pl","n,II,acc,pl","n,II,acc,pl","n,II,acc,pl","n,II,acc,pl","n,II,acc,pl","n,II,acc,pl","n,II,acc,pl","n,II,acc,pl","n,II,acc,pl","n,II,acc,pl","n,II,acc,pl","n,II,acc,pl"
"musca:nomsg","f,I,nom,sg","f,I,acc,sg","f,I,acc,sg","f,I,acc,sg","f,I,acc,sg","f,I,acc,sg","f,I,acc,pl","f,I,acc,pl","f,I,acc,pl","f,I,acc,pl","f,I,acc,pl","f,I,acc,pl","f,I,acc,pl","f,I,acc,pl","f,I,acc,pl","f,I,acc,pl"
"musca:gensg","f,I,gen,sg","f,I,acc,pl","f,I,acc,pl","f,I,acc,pl","f,I,acc,pl","f,I,acc,pl","f,I,acc,pl","f,I,acc,pl","f,I,acc,pl","f,I,acc,pl","f,I,acc,pl","f,I,acc,pl","f,I,acc,pl","f,I,acc,pl","f,I,acc,pl","f,I,acc,pl"
"musca:accsg","f,I,acc,sg","f,I,acc,sg","f,I,acc,sg","f,I,acc,sg","f,I,acc,sg","f,I,acc,sg","f,I,acc,sg","f,I,acc,sg","f,I,acc,sg","f,I,acc,sg","f,I,acc,sg","f,I,acc,sg","f,I,acc,sg","f,I,acc,sg","f,I,acc,sg","f,I,acc,sg"
"musca:nompl","f,I,nom,pl","f,I,acc,pl","f,I,acc,pl","f,I,acc,pl","f,I,acc,pl","f,I,acc,pl","f,I,acc,pl","f,I,acc,pl","f,I,acc,pl","f,I,acc,pl","f,I,acc,pl","f,I,acc,pl","f,I,acc,pl","f,I,acc,pl","f,I,acc,pl","f,I,acc,pl"
"musca:genpl","f,I,gen,pl","f,III,gen,pl","f,I,acc,pl","f,I,acc,pl","f,I,acc,pl","f,I,acc,pl","f,I,acc,pl","f,I,acc,pl","f,I,acc,pl","f,I,acc,pl","f,I,acc,pl","f,I,acc,pl","f,I,acc,pl","f,I,acc,pl","f,I,acc,pl","f,III,acc,pl"
"musca:accpl","f,I,acc,pl","f,III,acc,pl","f,I,acc,pl","f,I,acc,pl","f,I,acc,pl","f,I,acc,pl","f,I,acc,pl","f,I,acc,pl","f,I,acc,pl","f,I,acc,pl","f,I,acc,pl","f,I,acc,pl","f,I,acc,pl","f,I,acc,pl","f,I,acc,pl","f,I,acc,pl"
"nasus:nomsg","m,II,nom,sg","m,IV,nom,sg","m,IV,nom,sg","n,II,nom,sg","n,II,nom,sg","n,II,acc,sg","n,II,acc,sg","n,II,acc,sg","n,II,acc,sg","n,II,acc,sg","n,II,acc,sg","n,II,acc,sg","n,II,acc,sg","n,II,acc,sg","n,II,acc,sg","n,II,acc,sg"
"nasus:gensg","m,II,gen,sg","m,III,acc,sg","m,IV,acc,pl","f,II,acc,pl","n,II,acc,pl","n,II,acc,pl","n,II,acc,pl","n,II,acc,pl","n,II,acc,pl","n,II,acc,pl","n,II,acc,pl","n,II,acc,pl","n,II,acc,pl","n,II,acc,pl","n,II,acc,pl","n,II,acc,pl"
"nasus:accsg","m,II,acc,sg","m,IV,acc,sg","m,IV,acc,sg","f,II,acc,sg","n,II,acc,sg","n,II,acc,sg","n,II,acc,sg","n,II,acc,sg","n,II,acc,sg","n,II,acc,sg","n,II,acc,sg","n,II,acc,sg","n,II,acc,sg","n,II,acc,sg","n,II,acc,sg","n,II,acc,sg"
"nasus:nompl","m,II,nom,pl","m,III,acc,sg","m,IV,acc,pl","f,II,acc,pl","n,II,acc,pl","n,II,acc,pl","n,II,acc,pl","n,II,acc,pl","n,II,acc,pl","n,II,acc,pl","n,II,acc,pl","n,II,acc,pl","n,II,acc,pl","n,II,acc,pl","n,II,acc,pl","n,II,acc,pl"
"nasus:genpl","m,II,gen,pl","n,III,gen,pl","n,II,acc,pl","f,II,acc,pl","n,II,acc,pl","n,II,acc,pl","n,II,acc,pl","n,II,acc,pl","n,II,acc,pl","n,II,acc,pl","n,II,acc,pl","n,II,acc,pl","n,II,acc,pl","n,II,acc,pl","n,II,acc,pl","n,II,acc,pl"
"nasus:accpl","m,II,acc,pl","m,II,acc,pl","m,III,acc,pl","n,III,nom,sg","f,III,acc,sg","n,II,acc,pl","n,II,acc,pl","n,II,acc,pl","n,II,acc,pl","n,II,acc,pl","n,II,acc,pl","n,II,acc,pl","f,III,acc,pl","n,II,acc,pl","n,II,acc,pl","n,II,acc,pl"
"navis:nomsg","f,III,nom,sg","f,III,nom,sg","f,III,nom,sg","f,III,nom,sg","f,III,nom,sg","f,III,acc,sg","f,III,acc,sg","f,III,acc,sg","f,III,acc,sg","f,III,acc,sg","f,III,acc,sg","f,III,acc,sg","f,III,acc,sg","f,III,acc,sg","f,III,acc,sg","f,III,acc,sg"
"navis:gensg","f,III,gen,sg","f,III,nom,sg","f,III,nom,sg","f,III,nom,sg","f,III,nom,sg","f,III,acc,sg","f,III,acc,sg","f,III,acc,sg","f,III,acc,sg","f,III,acc,sg","f,III,acc,sg","f,III,acc,sg","f,III,acc,sg","f,III,acc,sg","f,III,acc,sg","f,III,acc,sg"
"navis:accsg","f,III,acc,sg","f,III,acc,sg","f,III,acc,sg","f,III,acc,sg","f,III,acc,sg","f,III,acc,sg","f,III,acc,sg","f,III,acc,sg","f,III,acc,sg","f,III,acc,sg","f,III,acc,sg","f,III,acc,sg","f,III,acc,sg","f,III,acc,sg","f,III,acc,sg","f,III,acc,sg"
"navis:nompl","f,III,nom,pl","f,III,acc,pl","f,III,acc,pl","f,III,acc,pl","f,III,acc,pl","f,III,acc,pl","f,III,acc,pl","f,III,acc,pl","f,III,acc,pl","f,III,acc,pl","f,III,acc,pl","f,III,acc,pl","f,III,acc,pl","f,III,acc,pl","f,III,acc,pl","f,III,acc,pl"
"navis:genpl","f,III,gen,pl","f,III,gen,pl","f,III,gen,pl","n,III,acc,sg","n,III,acc,sg","f,III,acc,sg","f,III,acc,sg","f,III,acc,sg","f,II,acc,sg","f,III,acc,sg","f,III,acc,sg","f,III,acc,sg","f,III,acc,sg","f,III,acc,sg","f,III,acc,sg","f,III,acc,sg"
"navis:accpl","f,III,acc,pl","f,III,acc,pl","f,III,acc,pl","f,III,acc,pl","f,III,acc,pl","f,III,acc,pl","f,III,acc,pl","f,III,acc,pl","f,III,acc,pl","f,III,acc,pl","f,III,acc,pl","f,III,acc,pl","f,III,acc,pl","f,III,acc,pl","f,III,acc,pl","f,III,acc,pl"
"nepos:nomsg","m,III,nom,sg","m,II,acc,pl","m,III,acc,pl","m,III,acc,sg","n,II,nom,sg","n,II,acc,sg","n,II,acc,pl","n,II,acc,pl","n,II,acc,pl","n,II,acc,pl","n,II,acc,pl","n,II,acc,pl","n,II,acc,pl","n,II,acc,pl","n,II,acc,pl","n,II,acc,pl"
"nepos:gensg","m,III,gen,sg","m,III,gen,sg","m,III,acc,pl","f,III,acc,pl","f,III,acc,sg","f,III,acc,sg","f,III,acc,sg","f,III,acc,pl","f,III,acc,pl","f,III,acc,pl","f,III,acc,pl","f,III,acc,pl","f,III,acc,pl","f,III,acc,sg","f,III,acc,sg","f,III,acc,pl"
"nepos:accsg","m,III,acc,sg","f,III,acc,sg","f,III,acc,sg","f,III,acc,sg","f,III,acc,sg","f,III,acc,sg","f,III,acc,sg","f,III,acc,sg","f,III,acc,sg","f,III,acc,sg","f,III,acc,sg","f,III,acc,sg","f,III,acc,sg","f,III,acc,sg","f,III,acc,sg","f,III,acc,sg"
"nepos:nompl","m,III,nom,pl","m,III,gen,pl","f,III,acc,pl","f,III,acc,pl","f,III,acc,pl","f,III,acc,sg","f,III,acc,pl","f,III,acc,pl","f,III,acc,pl","f,III,acc,pl","f,III,acc,pl","f,III,acc,pl","f,III,acc,pl","f,III,acc,sg","f,III,acc,sg","f,III,acc,pl"
"nepos:genpl","m,III,gen,pl","f,III,gen,pl","m,III,acc,pl","f,II,acc,pl","f,II,acc,pl","n,II,acc,pl","n,II,acc,sg","f,III,acc,pl","f,III,acc,pl","f,III,acc,sg","n,II,acc,pl","n,II,acc,pl","n,II,acc,pl","n,II,acc,sg","n,II,acc,sg","n,II,acc,pl"
"nepos:accpl","m,III,acc,pl","m,III,gen,pl","f,III,acc,pl","f,III,acc,pl","f,III,acc,pl","f,III,acc,sg","f,III,acc,pl","f,III,acc,pl","f,III,acc,pl","f,III,acc,pl","f,III,acc,pl","f,III,acc,pl","f,III,acc,pl","f,III,acc,sg","f,III,acc,sg","f,III,acc,pl"
"neptis:nomsg","f,III,nom,sg","n,III,acc,sg","f,III,nom,sg","f,III,nom,sg","f,III,nom,sg","f,III,acc,sg","f,III,acc,sg","f,III,acc,sg","f,III,acc,sg","f,III,acc,sg","f,III,acc,sg","f,III,acc,sg","f,III,acc,sg","f,III,acc,sg","f,III,acc,sg","f,III,acc,sg"
"neptis:gensg","f,III,gen,sg","n,III,acc,sg","f,III,nom,sg","f,III,nom,sg","f,III,nom,sg","f,III,acc,sg","f,III,acc,sg","f,III,acc,sg","f,III,acc,sg","f,III,acc,sg","f,III,acc,sg","f,III,acc,sg","f,III,acc,sg","f,III,acc,sg","f,III,acc,sg","f,III,acc,sg"
"neptis:accsg","f,III,acc,sg","f,III,acc,sg","f,III,acc,sg","f,III,acc,sg","f,III,acc,sg","f,III,acc,sg","f,III,acc,sg","f,III,acc,sg","f,III,acc,sg","f,III,acc,sg","f,III,acc,sg","f,III,acc,sg","f,III,acc,sg","f,III,acc,sg","f,III,acc,sg","f,III,acc,sg"
"neptis:nompl","f,III,nom,pl","f,III,acc,pl","f,III,acc,pl","f,III,acc,pl","f,III,acc,pl","f,III,acc,sg","f,III,acc,pl","f,III,acc,pl","f,III,acc,pl","f,III,acc,sg","f,III,acc,pl","f,III,acc,pl","f,III,acc,pl","f,III,acc,pl","f,III,acc,pl","f,III,acc,pl"
"neptis:genpl","f,III,gen,pl","n,III,gen,pl","f,III,acc,pl","f,I,acc,sg","f,III,acc,sg","f,III,acc,sg","f,III,acc,sg","f,III,acc,sg","f,III,acc,sg","f,III,acc,sg","f,III,acc,sg","f,III,acc,sg","f,III,acc,sg","f,III,acc,sg","f,III,acc,sg","f,III,acc,sg"
"neptis:accpl","f,III,acc,pl","f,III,acc,pl","f,III,acc,pl","f,III,acc,pl","f,III,acc,pl","f,III,acc,sg","f,III,acc,pl","f,III,acc,pl","f,III,acc,pl","f,III,acc,sg","f,III,acc,pl","f,III,acc,pl","f,III,acc,pl","f,III,acc,pl","f,III,acc,pl","f,III,acc,pl"
"nives:nomsg","f,III,nom,sg","f,III,nom,sg","n,III,nom,sg","f,III,nom,sg","f,III,nom,sg","f,III,acc,sg","f,III,acc,sg","f,III,acc,sg","f,III,acc,sg","f,III,acc,sg","f,III,acc,sg","f,III,acc,sg","f,III,acc,sg","f,III,acc,sg","f,III,acc,sg","f,III,acc,sg"
"nives:gensg","f,III,gen,sg","m,III,gen,sg","f,III,acc,sg","f,III,acc,sg","f,III,acc,sg","f,III,acc,sg","f,III,acc,sg","f,III,acc,sg","f,III,acc,pl","f,III,acc,sg","f,III,acc,sg","f,III,acc,sg","f,III,acc,sg","f,III,acc,sg","f,III,acc,sg","f,III,acc,sg"
"nives:accsg","f,III,acc,sg","m,III,acc,sg","m,III,acc,sg","f,III,acc,sg","f,III,acc,sg","f,III,acc,sg","f,III,acc,sg","f,III,acc,sg","f,III,acc,sg","f,III,acc,sg","f,III,acc,sg","f,III,acc,sg","f,III,acc,sg","f,III,acc,sg","f,III,acc,sg","f,III,acc,sg"
"nives:nompl","f,III,nom,pl","n,III,acc,pl","m,III,acc,pl","f,III,acc,sg","f,III,acc,pl","f,III,acc,pl","f,III,acc,pl","f,III,acc,pl","f,III,acc,pl","f,III,acc,sg","f,III,acc,sg","f,III,acc,sg","f,III,acc,sg","f,III,acc,sg","f,III,acc,sg","f,III,acc,sg"
"nives:genpl","f,III,gen,pl","f,III,gen,pl","f,III,acc,pl","n,II,acc,sg","f,III,acc,sg","f,III,acc,pl","f,III,acc,sg","f,III,acc,sg","f,III,acc,pl","f,III,acc,sg","f,III,acc,sg","f,III,acc,sg","f,III,acc,sg","f,III,acc,sg","f,III,acc,sg","f,III,acc,sg"
"nives:accpl","f,III,acc,pl","n,III,acc,pl","m,III,acc,pl","f,III,acc,sg","f,III,acc,pl","f,III,acc,pl","f,III,acc,pl","f,III,acc,pl","f,III,acc,pl","f,III,acc,sg","f,III,acc,sg","f,III,acc,sg","f,III,acc,sg","f,III,acc,sg","f,III,acc,sg","f,III,acc,sg"
"nomen:nomsg","n,III,nom,sg","n,III,acc,sg","n,III,acc,sg","n,III,acc,sg","f,III,acc,sg","f,III,acc,sg","f,III,acc,sg","f,III,acc,sg","f,III,acc,sg","f,III,acc,sg","f,III,acc,sg","f,III,acc,sg","f,III,acc,sg","f,III,acc,sg","f,III,acc,sg","f,III,acc,sg"
"nomen:gensg","n,III,gen,sg","f,III,acc,sg","f,III,acc,sg","f,III,acc,sg","f,III,acc,sg","f,III,acc,sg","f,III,acc,sg","f,III,acc,sg","f,III,acc,sg","f,III,acc,sg","f,III,acc,sg","f,III,acc,sg","f,III,acc,sg","f,III,acc,sg","f,III,acc,sg","f,III,acc,sg"
"nomen:accsg","n,III,acc,sg","n,III,acc,sg","n,III,acc,sg","n,III,acc,sg","f,III,acc,sg","f,III,acc,sg","f,III,acc,sg","f,III,acc,sg","f,III,acc,sg","f,III,acc,sg","f,III,acc,sg","f,III,acc,sg","f,III,acc,sg","f,III,acc,sg","f,III,acc,sg","f,III,acc,sg"
"nomen:nompl","n,III,nom,pl","n,III,acc,pl","n,III,acc,pl","f,III,acc,pl","f,III,acc,pl","f,III,acc,pl","f,III,acc,pl","f,III,acc,pl","f,III,acc,sg","f,III,acc,sg","f,III,acc,sg","f,III,acc,sg","f,III,acc,sg","f,III,acc,sg","f,III,acc,sg","f,III,acc,sg"
"nomen:genpl","n,III,gen,pl","f,III,gen,pl","f,III,acc,pl","f,III,acc,sg","f,III,acc,sg","f,III,acc,sg","f,III,acc,sg","f,III,acc,sg","f,III,acc,sg","f,III,acc,sg","f,III,acc,sg","f,III,acc,sg","f,III,acc,sg","f,III,acc,sg","f,III,acc,sg","f,III,acc,sg"
"nomen:accpl","n,III,acc,pl","n,III,acc,pl","n,III,acc,pl","f,III,acc,pl","f,III,acc,pl","f,III,acc,pl","f,III,acc,pl","f,III,acc,pl","f,III,acc,sg","f,III,acc,sg","f,III,acc,sg","f,III,acc,sg","f,III,acc,sg","f,III,acc,sg","f,III,acc,sg","f,III,acc,sg"
"nox:nomsg","f,III,nom,sg","n,III,acc,sg","f,III,acc,sg","f,III,acc,sg","f,III,acc,sg","f,III,acc,sg","f,III,acc,pl","f,III,acc,pl","f,I,acc,pl","f,I,acc,pl","f,III,acc,pl","f,III,acc,pl","n,III,acc,sg","n,II,acc,sg","n,II,acc,sg","n,II,acc,sg"
"nox:gensg","f,III,gen,sg","f,III,acc,sg","f,III,nom,sg","f,III,nom,sg","f,III,acc,sg","f,III,acc,sg","f,III,acc,sg","f,III,acc,sg","f,III,acc,sg","f,III,acc,sg","f,III,acc,sg","f,III,acc,sg","f,III,acc,sg","f,III,acc,sg","f,III,acc,sg","f,III,acc,sg"
"nox:accsg","f,III,acc,sg","f,III,acc,sg","f,III,acc,sg","f,III,acc,sg","f,III,acc,sg","f,III,acc,sg","f,III,acc,sg","f,III,acc,sg","f,III,acc,sg","f,III,acc,sg","f,III,acc,sg","f,III,acc,sg","f,III,acc,sg","f,III,acc,sg","f,III,acc,sg","f,III,acc,sg"
"nox:nompl","f,III,nom,pl","f,III,acc,pl","f,III,acc,pl","f,III,acc,pl","f,III,acc,pl","f,III,acc,pl","f,III,acc,pl","f,III,acc,pl","f,III,acc,pl","f,III,acc,pl","f,III,acc,pl","f,III,acc,pl","f,III,acc,pl","f,III,acc,pl","f,III,acc,pl","f,III,acc,pl"
"nox:genpl","f,III,gen,pl","n,III,gen,pl","f,III,acc,pl","f,III,acc,sg","f,III,acc,sg","f,III,acc,sg","f,III,acc,sg","f,III,acc,sg","f,III,acc,sg","f,III,acc,sg","f,III,acc,sg","f,III,acc,sg","f,III,acc,sg","f,III,acc,sg","f,III,acc,sg","f,III,acc,sg"
"nox:accpl","f,III,acc,pl","f,III,acc,pl","f,III,acc,pl","f,III,acc,pl","f,III,acc,pl","f,III,acc,pl","f,III,acc,pl","f,III,acc,pl","f,III,acc,pl","f,III,acc,pl","f,III,acc,pl","f,III,acc,pl","f,III,acc,pl","f,III,acc,pl","f,III,acc,pl","f,III,acc,pl"
"nubilum:nomsg","f,III,nom,sg","f,III,acc,pl","f,III,acc,sg","f,III,acc,pl","f,III,acc,pl","f,III,acc,pl","f,III,acc,pl","f,III,acc,pl","f,III,acc,pl","f,III,acc,pl","f,III,acc,pl","f,III,acc,pl","f,III,acc,pl","f,III,acc,pl","f,III,acc,pl","f,III,acc,pl"
"nubilum:gensg","f,III,gen,sg","f,III,nom,sg","f,III,nom,sg","f,III,acc,sg","f,III,nom,sg","f,III,acc,sg","f,III,acc,sg","f,III,acc,sg","f,III,acc,sg","f,III,acc,sg","f,III,acc,sg","f,III,acc,sg","f,III,acc,sg","f,III,acc,sg","f,III,acc,sg","f,III,acc,sg"
"nubilum:accsg","f,III,acc,sg","f,III,acc,sg","f,III,acc,sg","f,III,acc,sg","f,III,acc,sg","f,III,acc,sg","f,III,acc,sg","f,III,acc,sg","f,III,acc,sg","f,III,acc,sg","f,III,acc,sg","f,III,acc,sg","f,III,acc,sg","f,III,acc,sg","f,III,acc,sg","f,III,acc,sg"
"nubilum:nompl","f,III,nom,pl","f,III,acc,pl","f,III,acc,sg","f,III,acc,pl","f,III,acc,pl","f,III,acc,pl","f,III,acc,pl","f,III,acc,pl","f,III,acc,pl","f,III,acc,pl","f,III,acc,pl","f,III,acc,pl","f,III,acc,pl","f,III,acc,pl","f,III,acc,pl","f,III,acc,pl"
"nubilum:genpl","f,III,gen,pl","f,III,gen,pl","f,III,acc,pl","f,III,acc,sg","f,III,acc,sg","n,III,acc,sg","f,III,acc,sg","f,III,acc,sg","f,III,acc,sg","n,III,acc,sg","f,III,acc,sg","f,III,acc,sg","f,III,acc,sg","f,III,acc,sg","n,II,acc,sg","f,III,acc,sg"
"nubilum:accpl","f,III,acc,pl","f,III,acc,pl","f,III,acc,sg","f,III,acc,pl","f,III,acc,pl","f,III,acc,pl","f,III,acc,pl","f,III,acc,pl","f,III,acc,pl","f,III,acc,pl","f,III,acc,pl","f,III,acc,pl","f,III,acc,pl","f,III,acc,pl","f,III,acc,pl","f,III,acc,pl"
"numerus:nomsg","m,II,nom,sg","m,II,nom,sg","n,II,nom,sg","n,II,acc,sg","n,II,nom,sg","n,II,acc,sg","n,II,acc,sg","n,II,acc,sg","n,II,acc,sg","n,II,acc,sg","n,II,acc,sg","n,II,acc,sg","n,II,acc,sg","n,II,acc,sg","n,II,acc,sg","n,II,acc,sg"
"numerus:gensg","m,II,gen,sg","n,II,acc,sg","n,II,acc,pl","n,II,acc,pl","n,II,acc,pl","n,II,acc,pl","n,II,acc,pl","n,II,acc,pl","n,II,acc,pl","n,II,acc,pl","n,II,acc,pl","n,II,acc,pl","n,II,acc,pl","n,II,acc,pl","n,II,acc,pl","n,II,acc,pl"
"numerus:accsg","m,II,acc,sg","n,II,acc,sg","n,II,acc,sg","n,II,acc,sg","n,II,acc,sg","n,II,acc,sg","n,II,acc,sg","n,II,acc,sg","n,II,acc,sg","n,II,acc,sg","n,II,acc,sg","n,II,acc,sg","n,II,acc,sg","n,II,acc,sg","n,II,acc,sg","n,II,acc,sg"
"numerus:nompl","m,II,nom,pl","n,II,acc,sg","n,II,acc,pl","n,II,acc,pl","n,II,acc,pl","n,II,acc,pl","n,II,acc,pl","n,II,acc,pl","n,II,acc,pl","n,II,acc,pl","n,II,acc,pl","n,II,acc,pl","n,II,acc,pl","n,II,acc,pl","n,II,acc,pl","n,II,acc,pl"
"numerus:genpl","m,II,gen,pl","n,II,acc,pl","n,II,acc,pl","f,II,acc,pl","n,II,acc,pl","n,II,acc,pl","n,II,acc,pl","n,II,acc,pl","n,II,acc,pl","n,II,acc,pl","n,II,acc,pl","n,II,acc,pl","n,II,acc,pl","n,II,acc,pl","n,II,acc,pl","n,II,acc,pl"
"numerus:accpl","m,II,acc,pl","m,II,acc,pl","n,II,acc,pl","n,II,acc,pl","n,II,acc,pl","n,II,acc,pl","n,II,acc,pl","n,II,acc,pl","n,II,acc,pl","n,II,acc,pl","n,II,acc,pl","n,II,acc,pl","n,II,acc,pl","n,II,acc,pl","n,II,acc,pl","n,II,acc,pl"
"nurus:nomsg","f,IV,nom,sg","f,II,nom,sg","f,II,nom,pl","n,II,nom,sg","n,II,nom,sg","n,II,acc,sg","n,II,acc,sg","n,II,acc,sg","n,II,acc,sg","n,II,acc,sg","n,II,acc,sg","n,II,acc,sg","n,II,acc,sg","n,II,acc,sg","n,II,acc,sg","n,II,acc,sg"
"nurus:gensg","f,IV,gen,sg","f,II,acc,pl","f,II,acc,pl","n,II,acc,pl","n,II,acc,pl","n,II,acc,pl","n,II,acc,pl","n,II,acc,pl","n,II,acc,pl","n,II,acc,pl","n,II,acc,pl","n,II,acc,pl","n,II,acc,pl","n,II,acc,pl","n,II,acc,pl","n,II,acc,pl"
"nurus:accsg","f,IV,acc,sg","f,II,acc,sg","n,II,acc,sg","n,II,acc,sg","n,II,acc,sg","n,II,acc,sg","n,II,acc,sg","n,II,acc,sg","n,II,acc,sg","n,II,acc,sg","n,II,acc,sg","n,II,acc,sg","n,II,acc,sg","n,II,acc,sg","n,II,acc,sg","n,II,acc,sg"
"nurus:nompl","f,IV,nom,pl","f,II,acc,pl","f,II,acc,pl","n,II,acc,pl","n,II,acc,pl","n,II,acc,pl","n,II,acc,pl","n,II,acc,pl","n,II,acc,pl","n,II,acc,pl","n,II,acc,pl","n,II,acc,pl","n,II,acc,pl","n,II,acc,pl","n,II,acc,pl","n,II,acc,pl"
"nurus:genpl","f,IV,gen,pl","f,II,acc,pl","f,I,acc,pl","n,II,acc,sg","n,II,acc,sg","n,II,acc,sg","n,II,acc,sg","n,II,acc,sg","n,II,acc,sg","n,II,acc,sg","n,II,acc,sg","n,II,acc,sg","n,II,acc,sg","n,II,acc,sg","n,II,acc,sg","n,II,acc,sg"
"nurus:accpl","f,IV,acc,pl","f,II,acc,pl","f,II,acc,pl","n,II,acc,pl","n,II,acc,pl","n,II,acc,pl","n,II,acc,pl","n,II,acc,pl","n,II,acc,pl","n,II,acc,pl","n,II,acc,pl","n,II,acc,pl","n,II,acc,pl","n,II,acc,pl","n,II,acc,pl","n,II,acc,pl"
"nux:nomsg","f,III,nom,sg","f,III,nom,sg","n,II,nom,sg","n,II,nom,sg","n,III,nom,sg","n,II,acc,sg","n,II,acc,sg","n,II,acc,sg","n,III,acc,sg","n,II,acc,sg","n,II,acc,sg","n,II,acc,sg","n,II,acc,sg","n,II,acc,sg","n,II,acc,sg","n,II,acc,sg"
"nux:gensg","f,III,gen,sg","m,III,acc,sg","m,III,acc,sg","f,III,acc,sg","f,III,acc,sg","f,III,acc,sg","f,II,acc,sg","f,III,acc,sg","f,III,acc,sg","f,III,acc,sg","f,III,acc,sg","f,III,acc,sg","f,III,acc,sg","f,III,acc,sg","f,III,acc,sg","f,III,acc,sg"
"nux:accsg","f,III,acc,sg","f,III,acc,sg","f,III,acc,sg","f,III,acc,sg","f,III,acc,sg","f,III,acc,sg","f,III,acc,sg","f,III,acc,sg","f,III,acc,sg","f,III,acc,sg","f,III,acc,sg","f,III,acc,sg","f,III,acc,sg","f,III,acc,sg","f,III,acc,sg","f,III,acc,sg"
"nux:nompl","f,III,nom,pl","f,III,acc,pl","f,III,acc,pl","f,III,acc,sg","f,III,acc,sg","f,III,acc,pl","f,III,acc,pl","f,III,acc,pl","f,III,acc,pl","f,III,acc,sg","f,III,acc,sg","f,III,acc,sg","f,III,acc,sg","f,III,acc,sg","f,III,acc,sg","f,III,acc,sg"
"nux:genpl","f,III,gen,pl","f,III,acc,pl","n,II,acc,sg","n,II,acc,sg","n,II,acc,sg","f,III,acc,sg","n,II,acc,sg","n,II,acc,sg","f,III,acc,sg","n,II,acc,sg","n,II,acc,sg","n,II,acc,sg","n,II,acc,sg","n,II,acc,sg","n,II,acc,sg","n,II,acc,sg"
"nux:accpl","f,III,acc,pl","f,III,acc,pl","f,III,acc,pl","f,III,acc,sg","f,III,acc,sg","f,III,acc,pl","f,III,acc,pl","f,III,acc,pl","f,III,acc,pl","f,III,acc,sg","f,III,acc,sg","f,III,acc,sg","f,III,acc,sg","f,III,acc,sg","f,III,acc,sg","f,III,acc,sg"
"occidens:nomsg","m,III,nom,sg","f,II,acc,sg","f,III,acc,sg","f,III,acc,pl","f,III,acc,pl","f,III,acc,pl","f,III,acc,pl","f,I,acc,pl","f,III,acc,pl","f,III,acc,pl","f,III,acc,pl","f,III,acc,pl","f,III,acc,pl","f,III,acc,pl","f,III,acc,pl","f,III,acc,pl"
"occidens:gensg","m,III,gen,sg","f,III,acc,sg","f,III,acc,sg","f,III,acc,pl","f,III,acc,sg","f,III,acc,sg","f,III,acc,pl","f,III,acc,sg","f,III,acc,sg","f,III,acc,sg","f,III,acc,sg","f,III,acc,sg","f,III,acc,sg","f,III,acc,sg","f,III,acc,sg","f,III,acc,sg"
"occidens:accsg","m,III,acc,sg","f,III,acc,sg","f,III,acc,sg","f,III,acc,sg","f,III,acc,sg","f,III,acc,sg","f,III,acc,sg","f,III,acc,sg","f,III,acc,sg","f,III,acc,sg","f,III,acc,sg","f,III,acc,sg","f,III,acc,sg","f,III,acc,sg","f,III,acc,sg","f,III,acc,sg"
"occidens:nompl","m,III,nom,pl","f,III,acc,pl","f,III,acc,sg","f,III,acc,pl","f,III,acc,pl","f,III,acc,sg","f,III,acc,pl","f,III,acc,pl","f,III,acc,pl","f,III,acc,sg","f,III,acc,sg","f,III,acc,sg","f,III,acc,sg","f,III,acc,sg","f,III,acc,sg","f,III,acc,sg"
"occidens:genpl","m,III,gen,pl","f,III,gen,pl","f,III,acc,sg","f,III,acc,pl","f,III,acc,sg","f,III,acc,sg","f,III,acc,sg","f,III,acc,sg","f,III,acc,sg","f,III,acc,sg","f,III,acc,sg","f,III,acc,sg","f,III,acc,sg","f,III,acc,sg","f,III,acc,sg","f,III,acc,sg"
"occidens:accpl","m,III,acc,pl","f,III,acc,pl","f,III,acc,sg","f,III,acc,pl","f,III,acc,pl","f,III,acc,sg","f,III,acc,pl","f,III,acc,pl","f,III,acc,pl","f,III,acc,sg","f,III,acc,sg","f,III,acc,sg","f,III,acc,sg","f,III,acc,sg","f,III,acc,sg","f,III,acc,sg"
"oculus:nomsg","m,II,nom,sg","m,II,nom,sg","n,II,acc,pl","n,II,acc,sg","n,II,nom,sg","n,II,acc,sg","n,II,acc,sg","n,II,acc,sg","n,II,acc,sg","n,II,acc,sg","n,II,acc,sg","n,II,acc,sg","n,II,acc,sg","n,II,acc,sg","n,II,acc,sg","n,II,acc,sg"
"oculus:gensg","m,II,gen,sg","n,II,gen,sg","n,II,acc,pl","n,II,acc,pl","n,II,acc,pl","n,II,acc,pl","n,II,acc,pl","n,II,acc,pl","n,II,acc,pl","n,II,acc,pl","n,II,acc,pl","n,II,acc,pl","n,II,acc,pl","n,II,acc,pl","n,II,acc,pl","n,II,acc,pl"
"oculus:accsg","m,II,acc,sg","n,II,acc,sg","n,II,acc,sg","n,II,acc,sg","n,II,acc,sg","n,II,acc,sg","n,II,acc,sg","n,II,acc,sg","n,II,acc,sg","n,II,acc,sg","n,II,acc,sg","n,II,acc,sg","n,II,acc,sg","n,II,acc,sg","n,II,acc,sg","n,II,acc,sg"
"oculus:nompl","m,II,nom,pl","n,II,gen,sg","n,II,acc,pl","n,II,acc,pl","n,II,acc,pl","n,II,acc,pl","n,II,acc,pl","n,II,acc,pl","n,II,acc,pl","n,II,acc,pl","n,II,acc,pl","n,II,acc,pl","n,II,acc,pl","n,II,acc,pl","n,II,acc,pl","n,II,acc,pl"
"oculus:genpl","m,II,gen,pl","n,II,gen,pl","n,II,acc,pl","f,II,acc,pl","f,II,acc,pl","n,II,acc,pl","n,II,acc,pl","n,II,acc,pl","n,II,acc,pl","n,II,acc,pl","n,II,acc,pl","n,II,acc,pl","n,II,acc,pl","n,II,acc,pl","n,II,acc,pl","n,II,acc,pl"
"oculus:accpl","m,II,acc,pl","m,II,acc,pl","n,II,acc,pl","f,II,acc,pl","f,II,acc,pl","n,II,acc,pl","n,II,acc,pl","n,II,acc,pl","n,II,acc,pl","n,II,acc,pl","n,II,acc,pl","n,II,acc,pl","n,II,acc,pl","n,II,acc,pl","n,II,acc,pl","n,II,acc,pl"
"odor:nomsg","m,III,nom,sg","n,III,acc,sg","n,III,acc,sg","n,III,nom,sg","n,II,acc,sg","f,III,acc,sg","f,III,acc,sg","f,III,acc,sg","f,III,acc,sg","f,III,acc,sg","f,III,acc,sg","f,III,acc,sg","f,III,acc,sg","f,III,acc,sg","f,III,acc,sg","f,III,acc,sg"
"odor:gensg","m,III,gen,sg","f,III,acc,sg","m,III,acc,pl","f,III,acc,pl","f,III,acc,sg","f,III,acc,sg","f,III,acc,sg","f,III,acc,pl","f,III,acc,pl","f,III,acc,pl","f,III,acc,pl","f,III,acc,pl","f,III,acc,pl","f,III,acc,pl","f,III,acc,pl","f,III,acc,pl"
"odor:accsg","m,III,acc,sg","f,III,acc,sg","f,III,acc,sg","f,III,acc,sg","f,III,acc,sg","f,III,acc,sg","f,III,acc,sg","f,III,acc,sg","f,III,acc,sg","f,III,acc,sg","f,III,acc,sg","f,III,acc,sg","f,III,acc,sg","f,III,acc,sg","f,III,acc,sg","f,III,acc,sg"
"odor:nompl","m,III,nom,pl","n,III,acc,pl","f,III,acc,pl","f,III,acc,pl","f,III,acc,pl","f,III,acc,pl","f,III,acc,pl","f,III,acc,pl","f,III,acc,pl","f,III,acc,pl","f,III,acc,pl","f,III,acc,pl","f,III,acc,pl","f,III,acc,pl","f,III,acc,pl","f,III,acc,pl"
"odor:genpl","m,III,gen,pl","n,III,gen,pl","n,II,acc,pl","n,II,acc,pl","n,II,acc,pl","n,II,acc,pl","n,II,acc,pl","n,II,acc,pl","n,II,acc,pl","n,II,acc,pl","n,II,acc,pl","n,II,acc,pl","n,II,acc,pl","n,II,acc,pl","n,II,acc,pl","n,II,acc,pl"
"odor:accpl","m,III,acc,pl","n,III,acc,pl","f,III,acc,pl","f,III,acc,pl","f,III,acc,pl","f,III,acc,pl","f,III,acc,pl","f,III,acc,pl","f,III,acc,pl","f,III,acc,pl","f,III,acc,pl","f,III,acc,pl","f,III,acc,pl","f,III,acc,pl","f,III,acc,pl","f,III,acc,pl"
"oleum:nomsg","n,II,nom,sg","n,II,acc,sg","n,II,acc,sg","n,II,acc,sg","n,II,acc,sg","n,II,acc,pl","n,II,acc,pl","n,II,acc,pl","n,II,acc,sg","n,II,acc,sg","n,II,acc,sg","n,II,acc,sg","n,II,acc,sg","n,II,acc,sg","n,II,acc,sg","n,II,acc,sg"
"oleum:gensg","n,II,gen,sg","n,II,gen,sg","n,II,acc,pl","n,II,acc,pl","n,II,acc,pl","n,II,acc,pl","n,II,acc,pl","n,II,acc,pl","n,II,acc,pl","n,II,acc,pl","n,II,acc,pl","n,II,acc,pl","n,II,acc,pl","n,II,acc,pl","n,II,acc,pl","n,II,acc,pl"
"oleum:accsg","n,II,acc,sg","n,II,acc,sg","n,II,acc,sg","n,II,acc,sg","n,II,acc,sg","n,II,acc,pl","n,II,acc,pl","n,II,acc,pl","n,II,acc,sg","n,II,acc,sg","n,II,acc,sg","n,II,acc,sg","n,II,acc,sg","n,II,acc,sg","n,II,acc,sg","n,II,acc,sg"
"oleum:nompl","n,II,nom,pl","n,II,nom,pl","f,I,acc,sg","f,I,acc,pl","f,I,acc,pl","f,I,acc,pl","f,I,acc,pl","f,I,acc,pl","f,I,acc,pl","f,I,acc,pl","f,I,acc,pl","f,I,acc,pl","f,I,acc,pl","f,I,acc,pl","f,I,acc,pl","f,I,acc,pl"
"oleum:genpl","n,II,gen,pl","n,II,gen,pl","n,II,acc,pl","f,II,acc,pl","n,II,acc,pl","n,II,acc,pl","n,II,acc,pl","n,II,acc,pl","n,II,acc,pl","n,II,acc,pl","n,II,acc,pl","n,II,acc,pl","n,II,acc,pl","n,II,acc,pl","n,II,acc,pl","n,II,acc,pl"
"oleum:accpl","n,II,acc,pl","n,II,nom,pl","f,I,acc,sg","f,I,acc,pl","f,I,acc,pl","f,I,acc,pl","f,I,acc,pl","f,I,acc,pl","f,I,acc,pl","f,I,acc,pl","f,I,acc,pl","f,I,acc,pl","f,I,acc,pl","f,I,acc,pl","f,I,acc,pl","f,I,acc,pl"
"opera:nomsg","f,I,nom,sg","f,II,acc,pl","f,I,acc,pl","f,I,acc,pl","f,I,acc,pl","f,I,acc,pl","f,I,acc,pl","f,I,acc,pl","f,I,acc,pl","f,I,acc,pl","f,I,acc,pl","f,I,acc,pl","f,I,acc,pl","f,I,acc,pl","f,I,acc,pl","f,I,acc,pl"
"opera:gensg","f,I,gen,sg","f,I,acc,sg","f,I,acc,sg","f,I,acc,pl","f,I,acc,pl","f,I,acc,pl","f,I,acc,pl","f,I,acc,pl","f,I,acc,pl","f,I,acc,sg","f,I,acc,pl","f,I,acc,pl","f,I,acc,pl","f,I,acc,pl","f,I,acc,pl","f,I,acc,pl"
"opera:accsg","f,I,acc,sg","f,I,acc,sg","f,I,acc,sg","f,I,acc,sg","f,I,acc,sg","f,I,acc,sg","f,I,acc,sg","f,I,acc,sg","f,I,acc,sg","f,I,acc,sg","f,I,acc,sg","f,I,acc,sg","f,I,acc,sg","f,I,acc,sg","f,I,acc,sg","f,I,acc,sg"
"opera:nompl","f,I,nom,pl","f,I,acc,sg","f,I,acc,sg","f,I,acc,pl","f,I,acc,pl","f,I,acc,pl","f,I,acc,pl","f,I,acc,pl","f,I,acc,pl","f,I,acc,sg","f,I,acc,pl","f,I,acc,pl","f,I,acc,pl","f,I,acc,pl","f,I,acc,pl","f,I,acc,pl"
"opera:genpl","f,I,gen,pl","f,I,gen,pl","f,I,acc,pl","f,I,acc,pl","f,I,acc,pl","f,I,acc,pl","f,I,acc,pl","f,I,acc,pl","f,I,acc,pl","f,I,acc,pl","f,I,acc,pl","f,I,acc,pl","f,I,acc,pl","f,I,acc,pl","f,I,acc,pl","f,I,acc,pl"
"opera:accpl","f,I,acc,pl","f,I,acc,pl","f,I,acc,pl","f,I,acc,pl","f,I,acc,pl","f,I,acc,pl","f,I,acc,pl","f,I,acc,pl","f,I,acc,pl","f,I,acc,pl","f,I,acc,pl","f,I,acc,pl","f,I,acc,pl","f,I,acc,pl","f,I,acc,pl","f,I,acc,pl"
"oppidum:nomsg","n,II,nom,sg","n,II,acc,sg","n,II,acc,sg","n,II,acc,sg","n,II,acc,sg","n,II,acc,sg","n,II,acc,sg","n,II,acc,sg","n,II,acc,sg","n,II,acc,sg","n,II,acc,sg","n,II,acc,sg","n,II,acc,sg","n,II,acc,sg","n,II,acc,sg","n,II,acc,sg"
"oppidum:gensg","n,II,gen,sg","f,II,gen,sg","n,II,acc,pl","n,II,acc,pl","n,II,acc,pl","n,II,acc,pl","f,III,acc,pl","n,II,acc,pl","n,II,acc,pl","n,II,acc,pl","n,II,acc,pl","n,II,acc,pl","n,II,acc,pl","n,II,acc,pl","f,III,acc,pl","n,II,acc,pl"
"oppidum:accsg","n,II,acc,sg","n,II,acc,sg","n,II,acc,sg","n,II,acc,sg","n,II,acc,sg","n,II,acc,sg","n,II,acc,sg","n,II,acc,sg","n,II,acc,sg","n,II,acc,sg","n,II,acc,sg","n,II,acc,sg","n,II,acc,sg","n,II,acc,sg","n,II,acc,sg","n,II,acc,sg"
"oppidum:nompl","n,II,nom,pl","f,I,acc,sg","f,II,acc,sg","f,I,acc,pl","f,I,acc,pl","f,I,acc,pl","f,I,acc,pl","f,I,acc,pl","f,I,acc,pl","f,I,acc,pl","f,I,acc,pl","f,I,acc,pl","f,I,acc,pl","f,I,acc,pl","f,I,acc,pl","f,I,acc,pl"
"oppidum:genpl","n,II,gen,pl","f,III,gen,pl","n,II,acc,pl","n,II,acc,pl","n,II,acc,pl","n,II,acc,pl","n,II,acc,pl","n,II,acc,pl","n,II,acc,pl","n,II,acc,pl","n,II,acc,pl","n,II,acc,pl","n,II,acc,pl","n,II,acc,pl","n,II,acc,pl","f,III,acc,pl"
"oppidum:accpl","n,II,acc,pl","f,I,acc,sg","f,II,acc,sg","f,I,acc,pl","f,I,acc,pl","f,I,acc,pl","f,I,acc,pl","f,I,acc,pl","f,I,acc,pl","f,I,acc,pl","f,I,acc,pl","f,I,acc,pl","f,I,acc,pl","f,I,acc,pl","f,I,acc,pl","f,I,acc,pl"
"ora:nomsg","f,I,nom,sg","n,II,nom,pl","n,II,nom,pl","f,I,acc,pl","f,I,acc,pl","f,I,acc,pl","f,I,acc,pl","f,I,acc,pl","f,I,acc,pl","f,I,acc,pl","f,I,acc,pl","f,I,acc,pl","f,I,acc,pl","f,I,acc,pl","f,I,acc,pl","f,I,acc,pl"
"ora:gensg","f,I,gen,sg","f,I,nom,pl","f,I,acc,pl","f,I,acc,pl","f,I,acc,pl","f,I,acc,pl","f,I,acc,pl","f,I,acc,pl","f,I,acc,pl","f,I,acc,pl","f,I,acc,pl","f,I,acc,pl","f,I,acc,pl","f,I,acc,pl","f,I,acc,pl","f,I,acc,pl"
"ora:accsg","f,I,acc,sg","f,I,acc,sg","f,I,acc,sg","f,I,acc,sg","f,I,acc,sg","f,I,acc,sg","f,I,acc,sg","f,I,acc,sg","f,I,acc,sg","f,I,acc,sg","f,I,acc,sg","f,I,acc,sg","f,I,acc,sg","f,I,acc,sg","f,I,acc,sg","f,I,acc,sg"
"ora:nompl","f,I,nom,pl","f,I,nom,pl","f,I,acc,pl","f,I,acc,pl","f,I,acc,pl","f,I,acc,pl","f,I,acc,pl","f,I,acc,pl","f,I,acc,pl","f,I,acc,pl","f,I,acc,pl","f,I,acc,pl","f,I,acc,pl","f,I,acc,pl","f,I,acc,pl","f,I,acc,pl"
"ora:genpl","f,I,gen,pl","f,I,acc,pl","f,I,acc,pl","f,I,acc,pl","f,I,acc,pl","f,I,acc,pl","f,I,acc,pl","f,I,acc,pl","f,I,acc,pl","f,I,acc,pl","f,I,acc,pl","f,I,acc,pl","f,I,acc,pl","f,I,acc,pl","f,I,acc,pl","f,I,acc,pl"
"ora:accpl","f,I,acc,pl","f,I,acc,pl","f,I,acc,pl","f,I,acc,pl","f,I,acc,pl","f,I,acc,pl","f,I,acc,pl","f,I,acc,pl","f,I,acc,pl","f,I,acc,pl","f,I,acc,pl","f,I,acc,pl","f,I,acc,pl","f,I,acc,pl","f,I,acc,pl","f,I,acc,pl"
"orator:nomsg","m,III,nom,sg","n,II,acc,sg","n,III,acc,sg","n,III,nom,sg","n,II,acc,sg","f,III,acc,sg","f,I,acc,sg","f,III,acc,sg","f,I,acc,sg","f,III,acc,sg","f,III,acc,sg","f,III,acc,sg","f,III,acc,sg","f,III,acc,sg","f,III,acc,sg","f,III,acc,sg"
"orator:gensg","m,III,gen,sg","m,III,gen,sg","m,III,acc,sg","n,III,nom,pl","f,III,acc,sg","f,III,acc,pl","f,III,acc,sg","f,III,acc,pl","f,III,acc,sg","f,III,acc,pl","f,III,acc,pl","f,III,acc,pl","f,III,acc,pl","f,III,acc,pl","f,III,acc,pl","f,III,acc,pl"
"orator:accsg","m,III,acc,sg","m,III,acc,sg","f,III,acc,sg","f,III,acc,sg","f,III,acc,sg","f,III,acc,sg","f,III,acc,sg","f,III,acc,sg","f,III,acc,sg","f,III,acc,sg","f,III,acc,sg","f,III,acc,sg","f,III,acc,pl","f,III,acc,pl","f,III,acc,sg","f,III,acc,pl"
"orator:nompl","m,III,nom,pl","m,III,gen,pl","f,III,acc,pl","f,III,acc,pl","f,III,acc,pl","f,III,acc,pl","f,III,acc,pl","f,III,acc,pl","f,III,acc,pl","f,III,acc,pl","f,III,acc,pl","f,III,acc,pl","f,III,acc,pl","f,III,acc,pl","f,III,acc,pl","f,III,acc,pl"
"orator:genpl","m,III,gen,pl","n,II,gen,pl","n,II,acc,pl","n,II,nom,pl","f,II,acc,pl","n,II,acc,pl","n,I,acc,pl","n,II,acc,pl","f,I,acc,sg","n,II,acc,pl","n,II,acc,pl","n,II,acc,pl","f,II,acc,pl","n,II,acc,pl","n,II,acc,pl","n,II,acc,pl"
"orator:accpl","m,III,acc,pl","m,III,gen,pl","f,III,acc,pl","f,III,acc,pl","f,III,acc,pl","f,III,acc,pl","f,III,acc,pl","f,III,acc,pl","f,III,acc,pl","f,III,acc,pl","f,III,acc,pl","f,III,acc,pl","f,III,acc,pl","f,III,acc,pl","f,III,acc,pl","f,III,acc,pl"
"orbis:nomsg","m,III,nom,sg","f,III,nom,sg","f,III,nom,sg","f,III,acc,sg","f,III,acc,sg","f,III,acc,sg","f,III,acc,sg","f,III,acc,sg","f,III,acc,sg","f,III,acc,sg","f,III,acc,sg","f,III,acc,sg","f,III,acc,sg","f,III,acc,sg","f,III,acc,sg","f,III,acc,sg"
"orbis:gensg","m,III,gen,sg","f,III,nom,sg","f,III,nom,sg","f,III,acc,sg","f,III,acc,sg","f,III,acc,sg","f,III,acc,sg","f,III,acc,sg","f,III,acc,sg","f,III,acc,sg","f,III,acc,sg","f,III,acc,sg","f,III,acc,sg","f,III,acc,sg","f,III,acc,sg","f,III,acc,sg"
"orbis:accsg","m,III,acc,sg","n,III,acc,sg","f,III,acc,sg","f,III,acc,sg","f,III,acc,sg","f,III,acc,sg","f,III,acc,sg","f,III,acc,sg","f,III,acc,sg","f,III,acc,sg","f,III,acc,sg","f,III,acc,sg","f,III,acc,sg","f,III,acc,sg","f,III,acc,sg","f,III,acc,sg"
"orbis:nompl","m,III,nom,pl","f,III,acc,pl","f,III,acc,pl","f,III,acc,pl","f,III,acc,pl","f,III,acc,pl","f,III,acc,pl","f,III,acc,pl","f,III,acc,pl","f,III,acc,pl","f,III,acc,pl","f,III,acc,pl","f,III,acc,pl","f,III,acc,pl","f,III,acc,pl","f,III,acc,pl"
"orbis:genpl","m,III,gen,pl","f,III,gen,pl","f,III,acc,pl","f,III,acc,pl","f,III,acc,pl","f,III,acc,sg","f,III,acc,sg","f,III,acc,sg","f,III,acc,sg","f,III,acc,sg","f,III,acc,sg","f,III,acc,sg","f,III,acc,sg","f,III,acc,sg","f,III,acc,sg","f,III,acc,sg"
"orbis:accpl","m,III,acc,pl","f,III,acc,pl","f,III,acc,pl","f,III,acc,pl","f,III,acc,pl","f,III,acc,pl","f,III,acc,pl","f,III,acc,pl","f,III,acc,pl","f,III,acc,pl","f,III,acc,pl","f,III,acc,pl","f,III,acc,pl","f,III,acc,pl","f,III,acc,pl","f,III,acc,pl"
"ordo:nomsg","m,III,nom,sg","n,III,acc,sg","n,II,acc,sg","n,III,acc,pl","f,III,acc,pl","n,II,acc,pl","n,II,acc,pl","n,II,acc,pl","n,II,acc,pl","n,II,acc,pl","n,II,acc,pl","n,II,acc,pl","f,II,acc,pl","n,II,acc,pl","n,II,acc,pl","n,II,acc,pl"
"ordo:gensg","m,III,gen,sg","f,III,acc,sg","f,III,acc,sg","f,III,acc,sg","f,III,acc,sg","f,III,acc,sg","f,III,acc,sg","f,III,acc,sg","f,III,acc,sg","f,III,acc,sg","f,III,acc,sg","f,III,acc,sg","f,III,acc,sg","f,III,acc,sg","f,III,acc,sg","f,III,acc,sg"
"ordo:accsg","m,III,acc,sg","f,III,acc,sg","f,III,acc,sg","f,III,acc,sg","f,III,acc,sg","f,III,acc,sg","f,III,acc,sg","f,III,acc,sg","f,III,acc,sg","f,III,acc,sg","f,III,acc,sg","f,III,acc,sg","f,III,acc,sg","f,III,acc,sg","f,III,acc,sg","f,III,acc,sg"
"ordo:nompl","m,III,nom,pl","n,III,acc,pl","f,III,acc,pl","f,III,acc,pl","f,III,acc,pl","f,III,acc,sg","f,III,acc,sg","f,III,acc,sg","f,III,acc,sg","f,III,acc,sg","f,III,acc,sg","f,III,acc,sg","f,III,acc,sg","f,III,acc,sg","f,III,acc,sg","f,III,acc,sg"
"ordo:genpl","m,III,gen,pl","f,III,gen,pl","f,III,acc,pl","n,III,acc,pl","f,III,acc,sg","f,III,acc,sg","f,III,acc,sg","f,III,acc,sg","f,III,acc,sg","f,III,acc,sg","f,III,acc,sg","f,III,acc,sg","f,III,acc,sg","f,III,acc,sg","f,III,acc,sg","f,III,acc,sg"
"ordo:accpl","m,III,acc,pl","n,III,acc,pl","f,III,acc,pl","f,III,acc,pl","f,III,acc,pl","f,III,acc,sg","f,III,acc,sg","f,III,acc,sg","f,III,acc,sg","f,III,acc,sg","f,III,acc,sg","f,III,acc,sg","f,III,acc,sg","f,III,acc,sg","f,III,acc,sg","f,III,acc,sg"
"oriens:nomsg","m,III,nom,sg","f,III,acc,pl","f,III,acc,pl","f,III,acc,pl","f,I,acc,pl","f,III,acc,pl","f,III,acc,pl","f,III,acc,pl","f,III,acc,pl","f,III,acc,pl","f,III,acc,pl","f,III,acc,pl","f,III,acc,pl","f,III,acc,pl","f,III,acc,pl","f,III,acc,pl"
"oriens:gensg","m,III,gen,sg","f,III,acc,sg","f,III,acc,sg","f,III,acc,sg","f,III,acc,sg","f,III,acc,sg","f,III,acc,sg","f,III,acc,sg","f,III,acc,sg","f,III,acc,sg","f,III,acc,sg","f,III,acc,sg","f,III,acc,sg","f,III,acc,sg","f,III,acc,sg","f,III,acc,sg"
"oriens:accsg","m,III,acc,sg","f,III,acc,sg","f,III,acc,sg","f,III,acc,sg","f,III,acc,sg","f,III,acc,sg","f,III,acc,sg","f,III,acc,sg","f,III,acc,sg","f,III,acc,sg","f,III,acc,sg","f,III,acc,sg","f,III,acc,sg","f,III,acc,sg","f,III,acc,sg","f,III,acc,sg"
"oriens:nompl","m,III,nom,pl","n,III,acc,pl","f,III,acc,pl","f,III,acc,pl","f,III,acc,pl","f,III,acc,pl","f,III,acc,sg","f,III,acc,sg","f,III,acc,sg","f,III,acc,sg","f,III,acc,sg","f,III,acc,sg","f,III,acc,sg","f,III,acc,sg","f,III,acc,sg","f,III,acc,sg"
"oriens:genpl","m,III,gen,pl","f,III,gen,pl","f,III,acc,sg","f,III,acc,sg","f,III,acc,sg","f,III,acc,sg","f,III,acc,sg","f,III,acc,sg","f,III,acc,sg","f,III,acc,sg","f,III,acc,sg","f,III,acc,sg","f,III,acc,sg","f,III,acc,sg","f,III,acc,sg","f,III,acc,sg"
"oriens:accpl","m,III,acc,pl","n,III,acc,pl","f,III,acc,pl","f,III,acc,pl","f,III,acc,pl","f,III,acc,pl","f,III,acc,sg","f,III,acc,sg","f,III,acc,sg","f,III,acc,sg","f,III,acc,sg","f,III,acc,sg","f,III,acc,sg","f,III,acc,sg","f,III,acc,sg","f,III,acc,sg"
"os:nomsg","n,III,nom,sg","n,III,acc,sg","n,III,nom,sg","n,III,nom,sg","f,III,nom,sg","f,III,acc,sg","f,III,acc,sg","f,III,acc,pl","f,III,acc,pl","f,III,acc,pl","f,III,acc,pl","f,III,acc,pl","f,III,acc,pl","f,III,acc,pl","n,II,acc,pl","n,II,acc,pl"
"os:gensg","n,III,gen,sg","m,III,gen,sg","m,III,acc,pl","f,III,acc,sg","f,III,acc,pl","f,III,acc,sg","f,III,acc,pl","f,III,acc,pl","f,III,acc,pl","f,III,acc,pl","f,III,acc,pl","f,III,acc,pl","f,III,acc,pl","f,III,acc,pl","f,III,acc,pl","f,III,acc,pl"
"os:accsg","n,III,acc,sg","n,III,acc,sg","n,III,nom,sg","n,III,nom,sg","f,III,nom,sg","f,III,acc,sg","f,III,acc,sg","f,III,acc,pl","f,III,acc,pl","f,III,acc,pl","f,III,acc,pl","f,III,acc,pl","f,III,acc,pl","f,III,acc,pl","n,II,acc,pl","n,II,acc,pl"
"os:nompl","n,III,nom,pl","n,III,acc,pl","n,III,acc,pl","n,III,acc,pl","f,II,acc,pl","f,III,acc,pl","f,III,acc,pl","f,III,acc,pl","f,I,acc,pl","f,III,acc,pl","f,I,acc,pl","n,II,acc,pl","n,II,acc,pl","n,II,acc,pl","n,II,acc,pl","n,II,acc,pl"
"os:genpl","n,III,gen,pl","m,III,gen,pl","n,II,acc,pl","f,III,acc,pl","f,II,acc,pl","f,III,acc,pl","f,III,acc,sg","n,II,acc,pl","n,II,acc,pl","n,II,acc,pl","n,II,acc,pl","n,II,acc,pl","n,II,acc,pl","f,III,acc,pl","n,II,acc,pl","n,II,acc,pl"
"os:accpl","n,III,acc,pl","n,III,acc,pl","n,III,acc,pl","n,III,acc,pl","f,II,acc,pl","f,III,acc,pl","f,III,acc,pl","f,III,acc,pl","f,I,acc,pl","f,III,acc,pl","f,I,acc,pl","n,II,acc,pl","n,II,acc,pl","n,II,acc,pl","n,II,acc,pl","n,II,acc,pl"
"ostium:nomsg","n,II,nom,sg","n,II,acc,sg","n,II,acc,sg","n,II,acc,sg","n,II,acc,sg","n,II,acc,sg","n,II,acc,sg","n,II,acc,sg","n,II,acc,sg","n,II,acc,sg","n,II,acc,sg","n,II,acc,sg","n,II,acc,sg","n,II,acc,sg","n,II,acc,sg","n,II,acc,sg"
"ostium:gensg","n,II,gen,sg","n,II,gen,pl","n,II,acc,pl","n,II,acc,pl","n,II,acc,pl","n,II,acc,pl","n,II,acc,pl","n,II,acc,pl","n,II,acc,pl","n,II,acc,pl","n,II,acc,pl","n,II,acc,pl","f,II,acc,pl","n,II,acc,pl","f,III,acc,pl","n,II,acc,pl"
"ostium:accsg","n,II,acc,sg","n,II,acc,sg","n,II,acc,sg","n,II,acc,sg","n,II,acc,sg","n,II,acc,sg","n,II,acc,sg","n,II,acc,sg","n,II,acc,sg","n,II,acc,sg","n,II,acc,sg","n,II,acc,sg","n,II,acc,sg","n,II,acc,sg","n,II,acc,sg","n,II,acc,sg"
"ostium:nompl","n,II,nom,pl","n,II,acc,pl","f,II,acc,sg","f,I,acc,pl","f,I,acc,pl","f,I,acc,pl","f,I,acc,pl","f,I,acc,pl","f,I,acc,pl","f,I,acc,pl","f,I,acc,pl","f,I,acc,pl","f,I,acc,pl","f,I,acc,pl","f,I,acc,pl","f,I,acc,pl"
"ostium:genpl","n,II,gen,pl","m,III,gen,pl","n,II,acc,pl","f,I,acc,pl","f,II,acc,pl","n,II,acc,pl","n,II,acc,pl","n,II,acc,pl","n,II,acc,pl","n,II,acc,pl","n,II,acc,pl","n,II,acc,pl","f,II,acc,pl","n,II,acc,pl","n,II,acc,pl","n,II,acc,pl"
"ostium:accpl","n,II,acc,pl","n,II,acc,pl","f,II,acc,sg","f,I,acc,pl","f,I,acc,pl","f,I,acc,pl","f,I,acc,pl","f,I,acc,pl","f,I,acc,pl","f,I,acc,pl","f,I,acc,pl","f,I,acc,pl","f,I,acc,pl","f,I,acc,pl","f,I,acc,pl","f,I,acc,pl"
"ovis:nomsg","f,III,nom,sg","f,III,nom,sg","f,III,acc,sg","f,III,nom,sg","f,III,nom,sg","f,III,acc,sg","f,III,acc,sg","f,III,acc,sg","f,III,acc,sg","f,III,acc,sg","f,III,acc,sg","f,III,acc,sg","f,III,acc,sg","f,III,acc,sg","f,III,acc,sg","f,III,acc,sg"
"ovis:gensg","f,III,gen,sg","f,III,nom,sg","f,III,acc,sg","f,III,nom,sg","f,III,nom,sg","f,III,acc,sg","f,III,acc,sg","f,III,acc,sg","f,III,acc,sg","f,III,acc,sg","f,III,acc,sg","f,III,acc,sg","f,III,acc,sg","f,III,acc,sg","f,III,acc,sg","f,III,acc,sg"
"ovis:accsg","f,III,acc,sg","f,III,acc,sg","f,III,acc,sg","f,III,acc,sg","f,III,acc,sg","f,III,acc,sg","f,III,acc,sg","f,III,acc,sg","f,III,acc,sg","f,III,acc,sg","f,III,acc,sg","f,III,acc,sg","f,III,acc,sg","f,III,acc,sg","f,III,acc,sg","f,III,acc,sg"
"ovis:nompl","f,III,nom,pl","f,III,acc,pl","f,III,acc,pl","f,III,acc,sg","f,III,acc,pl","f,III,acc,pl","f,III,acc,pl","f,III,acc,pl","f,III,acc,pl","f,III,acc,pl","f,III,acc,pl","f,III,acc,pl","f,III,acc,pl","f,III,acc,pl","f,III,acc,pl","f,III,acc,pl"
"ovis:genpl","f,III,gen,pl","f,III,gen,pl","f,III,acc,pl","f,III,acc,pl","f,III,acc,sg","f,III,acc,sg","f,III,acc,sg","f,III,acc,sg","f,III,acc,sg","f,III,acc,sg","f,III,acc,sg","f,III,acc,sg","f,III,acc,sg","f,III,acc,sg","f,III,acc,sg","f,III,acc,sg"
"ovis:accpl","f,III,acc,pl","f,III,acc,pl","f,III,acc,pl","f,III,acc,sg","f,III,acc,pl","f,III,acc,pl","f,III,acc,pl","f,III,acc,pl","f,III,acc,pl","f,III,acc,pl","f,III,acc,pl","f,III,acc,pl","f,III,acc,pl","f,III,acc,pl","f,III,acc,pl","f,III,acc,pl"
"pala:nomsg","f,I,nom,sg","n,II,acc,pl","f,II,nom,pl","f,I,acc,pl","f,I,acc,pl","f,I,acc,pl","f,I,acc,pl","f,I,acc,pl","f,I,acc,pl","f,I,acc,pl","f,I,acc,pl","f,I,acc,pl","f,I,acc,pl","f,I,acc,pl","f,I,acc,pl","f,I,acc,pl"
"pala:gensg","f,I,gen,sg","f,I,nom,pl","f,I,acc,pl","f,I,acc,pl","f,I,acc,pl","f,I,acc,pl","f,I,acc,pl","f,I,acc,pl","f,I,acc,pl","f,I,acc,pl","f,I,acc,pl","f,I,acc,pl","f,I,acc,pl","f,I,acc,pl","f,I,acc,pl","f,I,acc,pl"
"pala:accsg","f,I,acc,sg","f,I,acc,sg","f,I,acc,sg","f,I,acc,sg","f,I,acc,sg","f,I,acc,sg","f,I,acc,sg","f,I,acc,sg","f,I,acc,sg","f,I,acc,sg","f,I,acc,sg","f,I,acc,sg","f,I,acc,sg","f,I,acc,sg","f,I,acc,sg","f,I,acc,sg"
"pala:nompl","f,I,nom,pl","f,I,nom,pl","f,I,acc,pl","f,I,acc,pl","f,I,acc,pl","f,I,acc,pl","f,I,acc,pl","f,I,acc,pl","f,I,acc,pl","f,I,acc,pl","f,I,acc,pl","f,I,acc,pl","f,I,acc,pl","f,I,acc,pl","f,I,acc,pl","f,I,acc,pl"
"pala:genpl","f,I,gen,pl","f,III,gen,pl","f,I,acc,pl","f,II,acc,pl","f,I,acc,pl","f,I,acc,pl","f,I,acc,pl","f,I,acc,pl","f,I,acc,pl","f,I,acc,pl","f,I,acc,pl","f,I,acc,pl","f,I,acc,pl","f,I,acc,pl","f,I,acc,pl","f,I,acc,pl"
"pala:accpl","f,I,acc,pl","f,I,acc,pl","f,I,acc,pl","f,I,acc,pl","f,I,acc,pl","f,I,acc,pl","f,I,acc,pl","f,I,acc,pl","f,I,acc,pl","f,I,acc,pl","f,I,acc,pl","f,I,acc,pl","f,I,acc,pl","f,I,acc,pl","f,I,acc,pl","f,I,acc,pl"
"palea:nomsg","f,I,nom,sg","n,II,acc,pl","f,II,nom,sg","f,I,acc,sg","f,I,acc,pl","f,I,acc,pl","f,I,acc,sg","f,I,acc,pl","f,I,acc,pl","f,I,acc,pl","f,I,acc,pl","f,I,acc,pl","f,I,acc,pl","f,I,acc,pl","f,I,acc,pl","f,I,acc,pl"
"palea:gensg","f,I,gen,sg","f,I,acc,pl","f,I,acc,pl","f,I,acc,pl","f,I,acc,pl","f,I,acc,pl","f,I,acc,pl","f,I,acc,pl","f,I,acc,pl","f,I,acc,pl","f,I,acc,pl","f,I,acc,pl","f,I,acc,pl","f,I,acc,pl","f,I,acc,pl","f,I,acc,pl"
"palea:accsg","f,I,acc,sg","f,I,acc,sg","f,I,acc,sg","f,I,acc,sg","f,I,acc,sg","f,I,acc,sg","f,I,acc,sg","f,I,acc,sg","f,I,acc,sg","f,I,acc,sg","f,I,acc,sg","f,I,acc,sg","f,I,acc,sg","f,I,acc,sg","f,I,acc,sg","f,I,acc,sg"
"palea:nompl","f,I,nom,pl","f,I,acc,pl","f,I,acc,pl","f,I,acc,pl","f,I,acc,pl","f,I,acc,pl","f,I,acc,pl","f,I,acc,pl","f,I,acc,pl","f,I,acc,pl","f,I,acc,pl","f,I,acc,pl","f,I,acc,pl","f,I,acc,pl","f,I,acc,pl","f,I,acc,pl"
"palea:genpl","f,I,gen,pl","f,I,acc,pl","f,I,acc,pl","f,I,acc,pl","f,I,acc,pl","f,I,acc,pl","f,I,acc,pl","f,I,acc,pl","f,I,acc,pl","f,I,acc,pl","f,I,acc,pl","f,I,acc,pl","f,I,acc,pl","f,I,acc,pl","f,I,acc,pl","f,I,acc,pl"
"palea:accpl","f,I,acc,pl","f,I,acc,pl","f,I,acc,pl","f,I,acc,pl","f,I,acc,pl","f,I,acc,pl","f,I,acc,pl","f,I,acc,pl","f,I,acc,pl","f,I,acc,pl","f,I,acc,pl","f,I,acc,pl","f,I,acc,pl","f,I,acc,pl","f,I,acc,pl","f,I,acc,pl"
"palma:nomsg","f,I,nom,sg","f,I,acc,sg","f,I,acc,pl","f,I,acc,sg","f,I,acc,pl","f,I,acc,pl","f,I,acc,pl","f,I,acc,pl","f,I,acc,pl","f,I,acc,pl","f,I,acc,pl","f,I,acc,pl","f,I,acc,pl","f,I,acc,pl","f,I,acc,pl","f,I,acc,pl"
"palma:gensg","f,I,gen,sg","f,I,acc,pl","f,I,acc,pl","f,I,acc,pl","f,I,acc,pl","f,I,acc,pl","f,I,acc,pl","f,I,acc,pl","f,I,acc,pl","f,I,acc,pl","f,I,acc,pl","f,I,acc,pl","f,I,acc,pl","f,I,acc,pl","f,I,acc,pl","f,I,acc,pl"
"palma:accsg","f,I,acc,sg","f,I,acc,sg","f,I,acc,sg","f,I,acc,sg","f,I,acc,sg","f,I,acc,sg","f,I,acc,sg","f,I,acc,sg","f,I,acc,sg","f,I,acc,sg","f,I,acc,sg","f,I,acc,sg","f,I,acc,sg","f,I,acc,sg","f,I,acc,sg","f,I,acc,sg"
"palma:nompl","f,I,nom,pl","f,I,acc,pl","f,I,acc,pl","f,I,acc,pl","f,I,acc,pl","f,I,acc,pl","f,I,acc,pl","f,I,acc,pl","f,I,acc,pl","f,I,acc,pl","f,I,acc,pl","f,I,acc,pl","f,I,acc,pl","f,I,acc,pl","f,I,acc,pl","f,I,acc,pl"
"palma:genpl","f,I,gen,pl","f,I,gen,pl","f,I,acc,pl","f,I,acc,pl","f,I,acc,pl","f,I,acc,pl","f,I,acc,pl","f,I,acc,pl","f,I,acc,pl","f,I,acc,pl","f,I,acc,pl","f,I,acc,pl","f,I,acc,pl","f,I,acc,pl","f,I,acc,pl","f,I,acc,pl"
"palma:accpl","f,I,acc,pl","f,I,acc,pl","f,I,acc,pl","f,I,acc,pl","f,I,acc,pl","f,I,acc,pl","f,I,acc,pl","f,I,acc,pl","f,I,acc,pl","f,I,acc,pl","f,I,acc,pl","f,I,acc,pl","f,I,acc,pl","f,I,acc,pl","f,I,acc,pl","f,I,acc,pl"
"panis:nomsg","m,III,nom,sg","m,III,gen,sg","f,III,acc,sg","f,III,acc,pl","f,III,acc,pl","f,III,acc,pl","f,III,acc,pl","f,I,acc,pl","f,III,acc,pl","f,III,acc,pl","f,III,acc,pl","f,III,acc,pl","f,III,acc,pl","f,III,acc,pl","f,III,acc,pl","f,III,acc,pl"
"panis:gensg","m,III,gen,sg","m,III,gen,sg","f,III,acc,sg","f,III,acc,pl","f,III,acc,pl","f,III,acc,pl","f,III,acc,pl","f,I,acc,pl","f,III,acc,pl","f,III,acc,pl","f,III,acc,pl","f,III,acc,pl","f,III,acc,pl","f,III,acc,pl","f,III,acc,pl","f,III,acc,pl"
"panis:accsg","m,III,acc,sg","m,III,acc,sg","f,III,acc,sg","f,III,acc,sg","f,III,acc,sg","f,III,acc,sg","f,III,acc,sg","f,III,acc,sg","f,III,acc,sg","f,III,acc,sg","f,III,acc,sg","f,III,acc,sg","f,III,acc,sg","f,III,acc,pl","f,III,acc,pl","f,III,acc,pl"
"panis:nompl","m,III,nom,pl","f,III,acc,pl","f,III,acc,pl","f,III,acc,pl","f,III,acc,pl","f,III,acc,pl","f,III,acc,pl","f,I,acc,pl","f,III,acc,pl","f,III,acc,pl","f,III,acc,pl","f,III,acc,pl","f,III,acc,pl","f,III,acc,pl","f,III,acc,pl","f,III,acc,pl"
"panis:genpl","m,III,gen,pl","f,III,gen,pl","f,I,acc,pl","f,I,acc,pl","f,II,acc,pl","f,III,acc,pl","f,I,acc,pl","f,I,acc,pl","f,I,acc,pl","f,III,acc,pl","f,I,acc,pl","f,III,acc,pl","f,I,acc,pl","n,II,acc,pl","f,I,acc,pl","f,I,acc,pl"
"panis:accpl","m,III,acc,pl","f,III,acc,pl","f,III,acc,pl","f,III,acc,pl","f,III,acc,pl","f,III,acc,pl","f,III,acc,pl","f,I,acc,pl","f,III,acc,pl","f,III,acc,pl","f,III,acc,pl","f,III,acc,pl","f,III,acc,pl","f,III,acc,pl","f,III,acc,pl","f,III,acc,pl"
"parabola:nomsg","f,I,nom,sg","f,I,nom,sg","f,I,acc,pl","f,I,acc,pl","f,I,acc,pl","f,I,acc,pl","f,I,acc,pl","f,I,acc,pl","f,I,acc,pl","f,I,acc,pl","f,I,acc,pl","f,I,acc,sg","f,I,acc,sg","f,I,acc,pl","f,I,acc,pl","f,I,acc,pl"
"parabola:gensg","f,I,gen,sg","f,I,acc,pl","f,I,acc,pl","f,I,acc,pl","f,I,acc,pl","f,I,acc,pl","f,I,acc,pl","f,I,acc,pl","f,I,acc,pl","f,I,acc,pl","f,I,acc,pl","f,I,acc,pl","f,I,acc,pl","f,I,acc,pl","f,I,acc,pl","f,I,acc,pl"
"parabola:accsg","f,I,acc,sg","f,I,acc,sg","f,I,acc,sg","f,I,acc,sg","f,I,acc,sg","f,I,acc,sg","f,I,acc,sg","f,I,acc,sg","f,I,acc,sg","f,I,acc,sg","f,I,acc,sg","f,I,acc,sg","f,I,acc,sg","f,I,acc,sg","f,I,acc,sg","f,I,acc,sg"
"parabola:nompl","f,I,nom,pl","f,I,acc,pl","f,I,acc,pl","f,I,acc,pl","f,I,acc,pl","f,I,acc,pl","f,I,acc,pl","f,I,acc,pl","f,I,acc,pl","f,I,acc,pl","f,I,acc,pl","f,I,acc,pl","f,I,acc,pl","f,I,acc,pl","f,I,acc,pl","f,I,acc,pl"
"parabola:genpl","f,I,gen,pl","f,I,gen,pl","f,I,acc,pl","f,I,acc,pl","f,I,acc,pl","f,I,acc,pl","f,I,acc,pl","f,I,acc,pl","f,I,acc,pl","f,I,acc,pl","f,I,acc,pl","f,I,acc,pl","f,I,acc,pl","f,I,acc,pl","f,I,acc,pl","f,I,acc,pl"
"parabola:accpl","f,I,acc,pl","f,I,acc,pl","f,I,acc,pl","f,I,acc,pl","f,I,acc,pl","f,I,acc,pl","f,I,acc,pl","f,I,acc,pl","f,I,acc,pl","f,I,acc,pl","f,I,acc,pl","f,I,acc,pl","f,I,acc,pl","f,I,acc,pl","f,I,acc,pl","f,I,acc,pl"
"parens:nomsg","m,III,nom,sg","f,III,acc,pl","f,III,acc,pl","f,III,acc,pl","f,III,acc,pl","f,III,acc,pl","f,III,acc,pl","f,III,acc,pl","f,III,acc,pl","f,III,acc,pl","f,III,acc,pl","f,III,acc,pl","f,III,acc,pl","f,III,acc,pl","f,III,acc,pl","f,III,acc,pl"
"parens:gensg","m,III,gen,sg","m,III,acc,sg","f,III,acc,sg","f,III,acc,sg","f,III,acc,sg","f,III,acc,sg","f,III,acc,sg","f,III,acc,sg","f,III,acc,sg","f,III,acc,sg","f,III,acc,sg","f,III,acc,sg","f,III,acc,sg","f,III,acc,sg","f,III,acc,sg","f,III,acc,sg"
"parens:accsg","m,III,acc,sg","f,III,acc,sg","f,III,acc,sg","f,III,acc,sg","f,III,acc,sg","f,III,acc,sg","f,III,acc,sg","f,III,acc,sg","f,III,acc,sg","f,III,acc,sg","f,III,acc,sg","f,III,acc,sg","f,III,acc,sg","f,III,acc,sg","f,III,acc,sg","f,III,acc,sg"
"parens:nompl","m,III,nom,pl","m,III,acc,pl","f,III,acc,pl","f,III,acc,sg","f,III,acc,sg","f,III,acc,pl","f,III,acc,pl","f,III,acc,sg","f,III,acc,sg","f,III,acc,sg","f,III,acc,sg","f,III,acc,sg","f,III,acc,sg","f,III,acc,sg","f,III,acc,sg","f,III,acc,sg"
"parens:genpl","m,III,gen,pl","f,III,gen,pl","f,III,acc,sg","f,III,acc,sg","f,III,acc,sg","f,III,acc,sg","f,III,acc,sg","f,III,acc,sg","f,III,acc,sg","f,III,acc,sg","f,III,acc,sg","f,III,acc,sg","f,III,acc,sg","f,III,acc,sg","f,III,acc,sg","f,III,acc,sg"
"parens:accpl","m,III,acc,pl","m,III,acc,pl","f,III,acc,pl","f,III,acc,sg","f,III,acc,sg","f,III,acc,pl","f,III,acc,pl","f,III,acc,sg","f,III,acc,sg","f,III,acc,sg","f,III,acc,sg","f,III,acc,sg","f,III,acc,sg","f,III,acc,sg","f,III,acc,sg","f,III,acc,sg"
"parens2:nomsg","f,III,nom,sg","f,III,acc,pl","f,III,acc,pl","f,III,acc,pl","f,III,acc,pl","f,III,acc,pl","f,III,acc,pl","f,III,acc,pl","f,III,acc,pl","f,III,acc,pl","f,III,acc,pl","f,III,acc,pl","f,III,acc,pl","f,III,acc,pl","f,III,acc,pl","f,III,acc,pl"
"parens2:gensg","f,III,gen,sg","f,III,acc,sg","f,III,acc,sg","f,III,acc,sg","f,III,acc,sg","f,III,acc,sg","f,III,acc,sg","f,III,acc,sg","f,III,acc,sg","f,III,acc,sg","f,III,acc,sg","f,III,acc,sg","f,III,acc,sg","f,III,acc,sg","f,III,acc,sg","f,III,acc,sg"
"parens2:accsg","f,III,acc,sg","f,III,acc,sg","f,III,acc,sg","f,III,acc,sg","f,III,acc,sg","f,III,acc,sg","f,III,acc,sg","f,III,acc,sg","f,III,acc,sg","f,III,acc,sg","f,III,acc,sg","f,III,acc,sg","f,III,acc,sg","f,III,acc,sg","f,III,acc,sg","f,III,acc,sg"
"parens2:nompl","f,III,nom,pl","f,III,acc,pl","f,III,acc,pl","f,III,acc,pl","f,III,acc,sg","f,III,acc,pl","f,III,acc,pl","f,III,acc,sg","f,III,acc,sg","f,III,acc,sg","f,III,acc,sg","f,III,acc,sg","f,III,acc,sg","f,III,acc,sg","f,III,acc,sg","f,III,acc,sg"
"parens2:genpl","f,III,gen,pl","f,III,acc,pl","f,III,acc,sg","f,I,acc,sg","f,III,acc,sg","f,III,acc,sg","f,III,acc,sg","f,III,acc,sg","f,III,acc,sg","f,III,acc,sg","f,III,acc,sg","f,III,acc,sg","f,III,acc,sg","f,III,acc,sg","f,III,acc,sg","f,III,acc,sg"
"parens2:accpl","f,III,acc,pl","f,III,acc,pl","f,III,acc,pl","f,III,acc,pl","f,III,acc,sg","f,III,acc,pl","f,III,acc,pl","f,III,acc,sg","f,III,acc,sg","f,III,acc,sg","f,III,acc,sg","f,III,acc,sg","f,III,acc,sg","f,III,acc,sg","f,III,acc,sg","f,III,acc,sg"
"paries:nomsg","m,III,nom,sg","f,III,acc,pl","f,III,acc,pl","f,III,acc,pl","f,II,acc,pl","f,III,acc,pl","f,III,acc,pl","f,III,acc,pl","f,III,acc,pl","f,III,acc,pl","n,II,acc,pl","f,III,acc,pl","f,III,acc,pl","f,III,acc,pl","f,III,acc,pl","f,III,acc,pl"
"paries:gensg","m,III,gen,sg","m,III,gen,sg","m,III,acc,sg","f,III,acc,sg","f,III,acc,sg","f,III,acc,sg","f,III,acc,sg","f,III,acc,sg","f,III,acc,sg","f,III,acc,pl","f,III,acc,sg","f,III,acc,sg","f,III,acc,sg","f,III,acc,sg","f,III,acc,sg","f,III,acc,sg"
"paries:accsg","m,III,acc,sg","m,III,acc,sg","f,III,acc,sg","f,III,acc,sg","f,III,acc,sg","f,III,acc,sg","f,III,acc,sg","f,III,acc,sg","f,III,acc,sg","f,III,acc,sg","f,III,acc,sg","f,III,acc,sg","f,III,acc,sg","f,III,acc,sg","f,III,acc,sg","f,III,acc,sg"
"paries:nompl","m,III,nom,pl","m,III,acc,pl","f,III,acc,pl","f,III,acc,pl","f,III,acc,pl","f,III,acc,pl","f,III,acc,pl","f,III,acc,pl","f,III,acc,pl","f,III,acc,pl","f,III,acc,sg","f,III,acc,sg","f,III,acc,sg","f,III,acc,sg","f,III,acc,sg","f,III,acc,sg"
"paries:genpl","m,III,gen,pl","f,III,acc,pl","f,III,acc,pl","f,I,acc,pl","f,II,acc,sg","f,III,acc,sg","f,III,acc,pl","f,III,acc,sg","f,III,acc,sg","f,III,acc,sg","f,III,acc,sg","f,III,acc,sg","f,III,acc,sg","f,III,acc,sg","f,III,acc,sg","f,III,acc,sg"
"paries:accpl","m,III,acc,pl","m,III,acc,pl","f,III,acc,pl","f,III,acc,pl","f,III,acc,pl","f,III,acc,pl","f,III,acc,pl","f,III,acc,pl","f,III,acc,pl","f,III,acc,pl","f,III,acc,sg","f,III,acc,sg","f,III,acc,sg","f,III,acc,sg","f,III,acc,sg","f,III,acc,sg"
"pars:nomsg","f,III,nom,sg","f,III,nom,sg","f,III,nom,pl","f,III,acc,sg","f,III,acc,sg","f,III,acc,sg","f,III,acc,sg","f,III,acc,sg","f,III,acc,sg","f,III,acc,sg","f,III,acc,sg","f,III,acc,sg","f,I,acc,sg","f,I,acc,sg","f,III,acc,sg","f,III,acc,sg"
"pars:gensg","f,III,gen,sg","f,III,nom,sg","f,III,nom,sg","f,III,acc,pl","f,III,acc,sg","f,III,acc,sg","f,III,acc,sg","f,III,acc,sg","f,III,acc,sg","f,III,acc,sg","f,III,acc,sg","f,III,acc,sg","f,III,acc,sg","f,III,acc,sg","f,III,acc,sg","f,III,acc,sg"
"pars:accsg","f,III,acc,sg","n,III,acc,sg","f,III,acc,sg","f,III,acc,sg","f,III,acc,sg","f,III,acc,sg","f,III,acc,sg","f,III,acc,sg","f,III,acc,sg","f,III,acc,sg","f,III,acc,sg","f,III,acc,sg","f,III,acc,sg","f,III,acc,sg","f,III,acc,sg","f,III,acc,sg"
"pars:nompl","f,III,nom,pl","f,III,acc,pl","f,III,acc,pl","f,III,acc,pl","f,III,acc,pl","f,III,acc,pl","f,III,acc,pl","f,III,acc,pl","f,III,acc,pl","f,III,acc,pl","f,III,acc,pl","f,III,acc,pl","f,III,acc,pl","f,III,acc,pl","f,III,acc,pl","f,III,acc,pl"
"pars:genpl","f,III,gen,pl","m,III,gen,pl","f,III,acc,pl","f,III,acc,pl","f,III,acc,sg","f,III,acc,sg","f,III,acc,sg","f,III,acc,sg","f,III,acc,sg","f,III,acc,sg","f,III,acc,sg","f,III,acc,sg","f,III,acc,sg","f,III,acc,sg","f,III,acc,sg","f,III,acc,sg"
"pars:accpl","f,III,acc,pl","f,III,acc,pl","f,III,acc,pl","f,III,acc,pl","f,III,acc,pl","f,III,acc,pl","f,III,acc,pl","f,III,acc,pl","f,III,acc,pl","f,III,acc,pl","f,III,acc,pl","f,III,acc,pl","f,III,acc,pl","f,III,acc,pl","f,III,acc,pl","f,III,acc,pl"
"passer:nomsg","m,III,nom,sg","n,III,acc,sg","m,III,acc,sg","f,III,acc,sg","f,III,acc,sg","f,III,acc,sg","f,III,acc,sg","f,III,acc,sg","f,III,acc,sg","f,III,acc,sg","f,III,acc,sg","f,III,acc,sg","f,III,acc,sg","f,III,acc,sg","f,III,acc,sg","f,III,acc,sg"
"passer:gensg","m,III,gen,sg","f,III,gen,sg","f,III,acc,sg","f,III,acc,sg","f,III,acc,sg","f,III,acc,sg","f,III,acc,sg","f,III,acc,sg","f,III,acc,sg","f,III,acc,sg","f,III,acc,sg","f,III,acc,sg","f,III,acc,sg","f,III,acc,sg","f,III,acc,sg","f,III,acc,sg"
"passer:accsg","m,III,acc,sg","f,III,gen,sg","f,III,acc,sg","f,III,acc,sg","f,III,acc,sg","f,III,acc,sg","f,III,acc,sg","f,III,acc,sg","f,III,acc,sg","f,III,acc,sg","f,III,acc,sg","f,III,acc,sg","f,III,acc,sg","f,III,acc,sg","f,III,acc,sg","f,III,acc,sg"
"passer:nompl","m,III,nom,pl","n,III,gen,pl","f,III,acc,pl","f,III,acc,pl","f,III,acc,pl","f,III,acc,sg","f,III,acc,sg","f,III,acc,sg","f,III,acc,pl","f,III,acc,sg","f,III,acc,sg","f,III,acc,sg","f,III,acc,sg","f,III,acc,sg","f,III,acc,sg","f,III,acc,sg"
"passer:genpl","m,III,gen,pl","n,III,gen,pl","f,III,acc,pl","f,III,acc,pl","f,III,acc,sg","f,III,acc,sg","f,III,acc,sg","f,III,acc,sg","f,III,acc,sg","f,III,acc,sg","f,III,acc,sg","f,III,acc,sg","f,III,acc,sg","f,III,acc,sg","f,III,acc,sg","f,III,acc,sg"
"passer:accpl","m,III,acc,pl","n,III,gen,pl","f,III,acc,pl","f,III,acc,pl","f,III,acc,pl","f,III,acc,sg","f,III,acc,sg","f,III,acc,sg","f,III,acc,pl","f,III,acc,sg","f,III,acc,sg","f,III,acc,sg","f,III,acc,sg","f,III,acc,sg","f,III,acc,sg","f,III,acc,sg"
"passus:nomsg","m,IV,nom,sg","m,IV,nom,sg","m,IV,acc,sg","f,III,nom,sg","f,III,acc,sg","n,II,acc,sg","n,II,acc,sg","n,II,acc,sg","n,II,acc,sg","n,II,acc,sg","n,II,acc,sg","n,II,acc,sg","n,II,acc,sg","n,II,acc,sg","n,II,acc,sg","n,II,acc,sg"
"passus:gensg","m,IV,gen,sg","m,IV,acc,sg","m,IV,acc,pl","f,II,acc,pl","n,II,acc,pl","n,II,acc,pl","n,II,acc,pl","n,II,acc,pl","n,II,acc,pl","n,II,acc,pl","n,II,acc,pl","n,II,acc,pl","n,II,acc,pl","n,II,acc,pl","n,II,acc,pl","n,II,acc,pl"
"passus:accsg","m,IV,acc,sg","m,IV,acc,sg","m,IV,acc,sg","n,II,acc,sg","n,II,acc,sg","n,II,acc,sg","n,II,acc,sg","n,II,acc,sg","n,II,acc,sg","n,II,acc,sg","n,II,acc,sg","n,II,acc,sg","n,II,acc,sg","n,II,acc,sg","n,II,acc,sg","n,II,acc,sg"
"passus:nompl","m,IV,nom,pl","m,IV,acc,sg","m,IV,acc,pl","f,II,acc,pl","n,II,acc,pl","n,II,acc,pl","n,II,acc,pl","n,II,acc,pl","n,II,acc,pl","n,II,acc,pl","n,II,acc,pl","n,II,acc,pl","n,II,acc,pl","n,II,acc,pl","n,II,acc,pl","n,II,acc,pl"
"passus:genpl","m,IV,gen,pl","f,II,gen,pl","m,IV,acc,pl","f,II,acc,sg","n,II,acc,sg","n,II,acc,sg","n,II,acc,pl","n,II,acc,sg","n,II,acc,sg","n,II,acc,sg","n,II,acc,sg","n,II,acc,sg","n,II,acc,sg","n,II,acc,sg","n,II,acc,sg","n,II,acc,sg"
"passus:accpl","m,IV,acc,pl","m,IV,acc,sg","m,IV,acc,pl","f,II,acc,pl","n,II,acc,pl","n,II,acc,pl","n,II,acc,pl","n,II,acc,pl","n,II,acc,pl","n,II,acc,pl","n,II,acc,pl","n,II,acc,pl","n,II,acc,pl","n,II,acc,pl","n,II,acc,pl","n,II,acc,pl"
"pastor:nomsg","m,III,nom,sg","m,III,nom,sg","m,III,acc,sg","n,III,nom,sg","f,III,acc,sg","f,III,acc,sg","f,III,acc,sg","f,III,acc,sg","f,III,acc,sg","f,III,acc,sg","f,III,acc,sg","f,III,acc,sg","f,III,acc,sg","f,III,acc,sg","f,III,acc,sg","f,III,acc,sg"
"pastor:gensg","m,III,gen,sg","m,III,gen,sg","f,III,acc,pl","f,III,acc,pl","f,III,acc,sg","f,III,acc,sg","f,III,acc,pl","f,III,acc,pl","f,III,acc,pl","f,III,acc,pl","f,III,acc,pl","f,III,acc,pl","f,III,acc,pl","f,III,acc,pl","f,III,acc,pl","f,III,acc,pl"
"pastor:accsg","m,III,acc,sg","m,III,gen,sg","f,III,acc,sg","f,III,acc,sg","f,III,acc,sg","f,III,acc,sg","f,III,acc,sg","f,III,acc,sg","f,III,acc,sg","f,III,acc,sg","f,III,acc,sg","f,III,acc,sg","f,III,acc,sg","f,III,acc,sg","f,III,acc,sg","f,III,acc,sg"
"pastor:nompl","m,III,nom,pl","n,III,gen,pl","f,III,acc,pl","f,III,acc,pl","f,III,acc,pl","f,III,acc,pl","f,III,acc,pl","f,III,acc,pl","f,III,acc,pl","f,III,acc,pl","f,III,acc,pl","f,III,acc,pl","f,III,acc,pl","f,III,acc,pl","f,III,acc,pl","f,III,acc,pl"
"pastor:genpl","m,III,gen,pl","n,II,gen,pl","m,III,acc,sg","n,III,acc,pl","f,III,acc,pl","n,II,acc,pl","n,II,acc,pl","n,II,acc,pl","n,II,acc,pl","n,II,acc,sg","n,II,acc,pl","n,II,acc,pl","n,II,acc,pl","n,II,acc,pl","n,II,acc,pl","n,II,acc,pl"
"pastor:accpl","m,III,acc,pl","n,III,gen,pl","f,III,acc,pl","f,III,acc,pl","f,III,acc,pl","f,III,acc,pl","f,III,acc,pl","f,III,acc,pl","f,III,acc,pl","f,III,acc,pl","f,III,acc,pl","f,III,acc,pl","f,III,acc,pl","f,III,acc,pl","f,III,acc,pl","f,III,acc,pl"
"pater:nomsg","m,III,nom,sg","m,III,acc,sg","m,III,acc,sg","m,III,acc,sg","m,III,acc,sg","f,III,acc,sg","f,III,acc,pl","f,III,acc,sg","f,III,acc,sg","f,III,acc,sg","f,III,acc,sg","f,III,acc,sg","f,III,acc,sg","f,III,acc,sg","f,III,acc,sg","f,III,acc,sg"
"pater:gensg","m,III,gen,sg","m,III,acc,sg","m,III,acc,sg","f,III,acc,sg","f,III,acc,sg","f,III,acc,sg","f,III,acc,pl","f,III,acc,pl","f,III,acc,pl","f,III,acc,pl","f,III,acc,pl","f,III,acc,pl","f,III,acc,pl","f,III,acc,sg","f,III,acc,sg","f,III,acc,sg"
"pater:accsg","m,III,acc,sg","m,III,acc,sg","m,III,acc,sg","m,III,acc,sg","m,III,acc,sg","f,III,acc,sg","f,III,acc,sg","f,III,acc,sg","f,III,acc,sg","f,III,acc,sg","f,III,acc,sg","f,III,acc,sg","f,III,acc,sg","f,III,acc,sg","f,III,acc,sg","f,III,acc,sg"
"pater:nompl","m,III,nom,pl","m,III,acc,pl","m,III,acc,pl","f,III,acc,pl","f,III,acc,pl","f,III,acc,pl","f,III,acc,pl","f,III,acc,pl","f,III,acc,pl","f,III,acc,pl","f,III,acc,pl","f,III,acc,pl","f,III,acc,pl","f,III,acc,sg","f,III,acc,sg","f,III,acc,sg"
"pater:genpl","m,III,gen,pl","m,III,acc,pl","f,I,acc,pl","f,I,acc,pl","f,I,acc,sg","f,I,acc,sg","f,III,acc,sg","f,III,acc,sg","f,III,acc,sg","f,I,acc,sg","f,I,acc,sg","f,III,acc,sg","f,I,acc,sg","f,III,acc,sg","f,III,acc,sg","f,III,acc,sg"
"pater:accpl","m,III,acc,pl","m,III,acc,pl","m,III,acc,pl","f,III,acc,pl","f,III,acc,pl","f,III,acc,pl","f,III,acc,pl","f,III,acc,pl","f,III,acc,pl","f,III,acc,pl","f,III,acc,pl","f,III,acc,pl","f,III,acc,pl","f,III,acc,sg","f,III,acc,sg","f,III,acc,sg"
"patria:nomsg","f,I,nom,sg","f,II,acc,pl","f,I,nom,pl","f,I,acc,pl","f,I,acc,pl","f,I,acc,pl","f,I,acc,pl","f,I,acc,pl","f,I,acc,pl","f,I,acc,pl","f,I,acc,pl","f,I,acc,pl","f,I,acc,pl","f,I,acc,pl","f,I,acc,pl","f,I,acc,pl"
"patria:gensg","f,I,gen,sg","f,I,acc,pl","f,I,acc,pl","f,I,acc,pl","f,I,acc,pl","f,I,acc,pl","f,I,acc,pl","f,I,acc,pl","f,I,acc,pl","f,I,acc,pl","f,I,acc,pl","f,I,acc,pl","f,I,acc,pl","f,I,acc,pl","f,I,acc,pl","f,I,acc,pl"
"patria:accsg","f,I,acc,sg","f,I,acc,sg","f,I,acc,sg","f,I,acc,sg","f,I,acc,sg","f,I,acc,sg","f,I,acc,sg","f,I,acc,sg","f,I,acc,sg","f,I,acc,sg","f,I,acc,sg","f,I,acc,sg","f,I,acc,sg","f,I,acc,sg","f,I,acc,sg","f,I,acc,sg"
"patria:nompl","f,I,nom,pl","f,I,acc,pl","f,I,acc,pl","f,I,acc,pl","f,I,acc,pl","f,I,acc,pl","f,I,acc,pl","f,I,acc,pl","f,I,acc,pl","f,I,acc,pl","f,I,acc,pl","f,I,acc,pl","f,I,acc,pl","f,I,acc,pl","f,I,acc,pl","f,I,acc,pl"
"patria:genpl","f,I,gen,pl","f,I,acc,pl","f,I,acc,pl","f,I,acc,pl","f,I,acc,pl","f,I,acc,pl","f,I,acc,pl","f,I,acc,pl","f,I,acc,pl","f,I,acc,pl","f,I,acc,pl","f,I,acc,pl","f,I,acc,pl","f,I,acc,pl","f,I,acc,pl","f,I,acc,pl"
"patria:accpl","f,I,acc,pl","f,I,acc,pl","f,I,acc,pl","f,I,acc,pl","f,I,acc,pl","f,I,acc,pl","f,I,acc,pl","f,I,acc,pl","f,I,acc,pl","f,I,acc,pl","f,I,acc,pl","f,I,acc,pl","f,I,acc,pl","f,I,acc,pl","f,I,acc,pl","f,I,acc,pl"
"pauper:nomsg","m,III,nom,sg","n,III,nom,sg","m,III,acc,sg","f,III,acc,sg","f,III,acc,sg","f,III,acc,sg","f,III,acc,sg","f,III,acc,sg","f,III,acc,sg","f,III,acc,sg","f,III,acc,sg","f,III,acc,sg","f,III,acc,sg","f,III,acc,sg","f,III,acc,sg","f,III,acc,sg"
"pauper:gensg","m,III,gen,sg","m,III,gen,sg","m,III,acc,sg","f,III,acc,sg","f,III,acc,sg","f,III,acc,sg","f,III,acc,sg","f,III,acc,sg","f,III,acc,sg","f,III,acc,sg","f,III,acc,sg","f,III,acc,sg","f,III,acc,sg","f,III,acc,sg","f,III,acc,sg","f,III,acc,sg"
"pauper:accsg","m,III,acc,sg","f,III,acc,sg","m,III,acc,sg","f,III,acc,sg","f,III,acc,sg","f,III,acc,sg","f,III,acc,sg","f,III,acc,sg","f,III,acc,sg","f,III,acc,sg","f,III,acc,sg","f,III,acc,sg","f,III,acc,sg","f,III,acc,sg","f,III,acc,sg","f,III,acc,sg"
"pauper:nompl","m,III,nom,pl","m,III,gen,sg","m,III,acc,sg","f,III,acc,sg","f,III,acc,sg","f,III,acc,sg","f,III,acc,sg","f,III,acc,sg","f,III,acc,sg","f,III,acc,sg","f,III,acc,sg","f,III,acc,sg","f,III,acc,sg","f,III,acc,sg","f,III,acc,sg","f,III,acc,sg"
"pauper:genpl","m,III,gen,pl","n,III,gen,pl","m,III,acc,sg","f,III,acc,sg","f,III,acc,sg","f,III,acc,pl","f,III,acc,sg","f,III,acc,sg","f,III,acc,sg","f,III,acc,sg","f,III,acc,sg","f,III,acc,sg","f,III,acc,sg","f,III,acc,sg","f,III,acc,sg","f,III,acc,sg"
"pauper:accpl","m,III,acc,pl","m,III,gen,sg","m,III,acc,sg","f,III,acc,sg","f,III,acc,sg","f,III,acc,sg","f,III,acc,sg","f,III,acc,sg","f,III,acc,sg","f,III,acc,sg","f,III,acc,sg","f,III,acc,sg","f,III,acc,sg","f,III,acc,sg","f,III,acc,sg","f,III,acc,sg"
"pauper2:nomsg","f,III,nom,sg","f,II,acc,pl","f,II,nom,pl","f,I,acc,pl","f,I,acc,sg","f,I,acc,sg","f,I,acc,pl","f,I,acc,pl","f,I,acc,pl","f,I,acc,pl","f,I,acc,pl","f,I,acc,pl","f,I,acc,pl","f,I,acc,pl","f,I,acc,pl","f,I,acc,pl"
"pauper2:gensg","f,III,gen,sg","f,I,acc,pl","f,I,acc,pl","f,I,acc,sg","f,I,acc,sg","f,I,acc,sg","f,I,acc,pl","f,III,acc,pl","f,III,acc,pl","f,III,acc,pl","f,I,acc,pl","f,I,acc,sg","f,I,acc,pl","f,I,acc,pl","f,I,acc,pl","f,I,acc,pl"
"pauper2:accsg","f,III,acc,sg","f,I,acc,sg","f,I,acc,sg","f,I,acc,sg","f,I,acc,sg","f,I,acc,sg","f,I,acc,sg","f,I,acc,sg","f,I,acc,sg","f,I,acc,sg","f,I,acc,sg","f,I,acc,sg","f,I,acc,sg","f,I,acc,sg","f,I,acc,sg","f,I,acc,sg"
"pauper2:nompl","f,III,nom,pl","f,I,acc,pl","f,I,acc,pl","f,I,acc,sg","f,I,acc,sg","f,I,acc,sg","f,I,acc,pl","f,III,acc,pl","f,III,acc,pl","f,III,acc,pl","f,I,acc,pl","f,I,acc,sg","f,I,acc,pl","f,I,acc,pl","f,I,acc,pl","f,I,acc,pl"
"pauper2:genpl","f,III,gen,pl","f,I,gen,pl","f,I,acc,pl","f,I,acc,pl","f,I,acc,pl","f,I,acc,pl","f,I,acc,pl","f,I,acc,pl","f,I,acc,pl","f,I,acc,pl","f,I,acc,pl","f,I,acc,pl","f,I,acc,pl","f,I,acc,pl","f,I,acc,pl","f,I,acc,pl"
"pauper2:accpl","f,III,acc,pl","f,I,acc,pl","f,I,acc,pl","f,I,acc,pl","f,I,acc,pl","f,I,acc,pl","f,I,acc,pl","f,I,acc,pl","f,I,acc,pl","f,I,acc,pl","f,I,acc,pl","f,I,acc,pl","f,I,acc,pl","f,I,acc,pl","f,I,acc,pl","f,I,acc,pl"
"pax:nomsg","f,III,nom,sg","f,III,acc,pl","f,I,nom,pl","f,I,acc,pl","f,I,acc,sg","f,I,acc,sg","f,I,acc,pl","f,I,acc,sg","f,I,acc,sg","f,I,acc,pl","f,I,acc,pl","f,I,acc,pl","f,I,acc,pl","f,I,acc,pl","f,I,acc,pl","f,I,acc,pl"
"pax:gensg","f,III,gen,sg","f,III,acc,sg","f,III,acc,sg","f,III,acc,sg","f,III,acc,pl","f,III,acc,pl","f,III,acc,pl","f,III,acc,sg","f,III,acc,pl","f,III,acc,pl","f,III,acc,pl","f,III,acc,pl","f,III,acc,pl","f,III,acc,pl","f,III,acc,pl","f,III,acc,pl"
"pax:accsg","f,III,acc,sg","f,III,acc,sg","f,III,acc,sg","f,III,acc,sg","f,III,acc,sg","f,III,acc,sg","f,III,acc,sg","f,III,acc,sg","f,III,acc,sg","f,III,acc,sg","f,III,acc,sg","f,III,acc,sg","f,III,acc,sg","f,III,acc,sg","f,III,acc,sg","f,III,acc,sg"
"pax:nompl","f,III,nom,pl","f,III,acc,pl","f,III,acc,pl","f,III,acc,pl","f,III,acc,pl","f,III,acc,pl","f,III,acc,pl","f,III,acc,pl","f,III,acc,pl","f,III,acc,pl","f,III,acc,pl","f,III,acc,pl","f,III,acc,pl","f,III,acc,pl","f,III,acc,pl","f,III,acc,pl"
"pax:genpl","f,III,gen,pl","f,III,acc,pl","f,I,acc,pl","f,I,acc,pl","f,II,acc,pl","f,I,acc,pl","f,I,acc,pl","f,III,acc,pl","f,I,acc,pl","f,I,acc,pl","f,I,acc,pl","f,I,acc,pl","f,III,acc,pl","n,II,acc,pl","f,I,acc,pl","f,I,acc,pl"
"pax:accpl","f,III,acc,pl","f,III,acc,pl","f,III,acc,pl","f,III,acc,pl","f,III,acc,pl","f,III,acc,pl","f,III,acc,pl","f,III,acc,pl","f,III,acc,pl","f,III,acc,pl","f,III,acc,pl","f,III,acc,pl","f,III,acc,pl","f,III,acc,pl","f,III,acc,pl","f,III,acc,pl"
"peccatum:nomsg","n,II,nom,sg","n,II,acc,sg","n,II,acc,sg","n,II,acc,sg","n,II,acc,sg","n,II,acc,sg","n,II,acc,sg","n,II,acc,sg","n,II,acc,sg","n,II,acc,sg","n,II,acc,sg","n,II,acc,sg","n,II,acc,sg","n,II,acc,sg","n,II,acc,sg","n,II,acc,sg"
"peccatum:gensg","n,II,gen,sg","n,II,acc,sg","n,II,acc,pl","n,II,acc,pl","n,II,acc,pl","n,II,acc,pl","n,II,acc,pl","n,II,acc,pl","n,II,acc,pl","n,II,acc,pl","n,II,acc,pl","n,II,acc,pl","n,II,acc,pl","n,II,acc,pl","n,II,acc,pl","n,II,acc,pl"
"peccatum:accsg","n,II,acc,sg","n,II,acc,sg","n,II,acc,sg","n,II,acc,sg","n,II,acc,sg","n,II,acc,sg","n,II,acc,sg","n,II,acc,sg","n,II,acc,sg","n,II,acc,sg","n,II,acc,sg","n,II,acc,sg","n,II,acc,sg","n,II,acc,sg","n,II,acc,sg","n,II,acc,sg"
"peccatum:nompl","n,II,nom,pl","n,II,nom,pl","n,II,nom,pl","f,II,acc,pl","f,I,acc,pl","f,I,acc,pl","f,I,acc,pl","f,I,acc,pl","f,I,acc,pl","f,I,acc,pl","f,I,acc,pl","f,I,acc,pl","f,I,acc,pl","f,I,acc,pl","f,I,acc,pl","f,I,acc,pl"
"peccatum:genpl","n,II,gen,pl","n,II,gen,pl","n,II,acc,pl","n,II,acc,pl","n,II,acc,pl","n,II,acc,pl","f,III,acc,pl","n,II,acc,pl","n,II,acc,pl","n,II,acc,pl","n,II,acc,pl","n,II,acc,pl","n,II,acc,pl","n,II,acc,pl","n,II,acc,pl","n,II,acc,pl"
"peccatum:accpl","n,II,acc,pl","n,II,nom,pl","n,II,nom,pl","f,II,acc,pl","f,I,acc,pl","f,I,acc,pl","f,I,acc,pl","f,I,acc,pl","f,I,acc,pl","f,I,acc,pl","f,I,acc,pl","f,I,acc,pl","f,I,acc,pl","f,I,acc,pl","f,I,acc,pl","f,I,acc,pl"
"pecten:nomsg","m,III,nom,sg","n,III,acc,sg","n,III,acc,sg","f,III,acc,sg","f,III,acc,sg","f,III,acc,sg","f,III,acc,sg","f,III,acc,sg","f,III,acc,sg","f,III,acc,sg","f,III,acc,sg","f,III,acc,sg","f,III,acc,sg","f,III,acc,sg","f,III,acc,sg","f,III,acc,sg"
"pecten:gensg","m,III,gen,sg","m,III,acc,sg","m,III,acc,sg","f,III,acc,sg","f,III,acc,pl","f,III,acc,sg","f,III,acc,sg","f,III,acc,sg","f,III,acc,sg","f,III,acc,sg","f,III,acc,sg","f,III,acc,sg","f,III,acc,sg","f,III,acc,sg","f,III,acc,sg","f,III,acc,sg"
"pecten:accsg","m,III,acc,sg","m,III,acc,sg","m,III,acc,sg","f,III,acc,sg","f,III,acc,sg","f,III,acc,sg","f,III,acc,sg","f,III,acc,sg","f,III,acc,sg","f,III,acc,sg","f,III,acc,sg","f,III,acc,sg","f,III,acc,sg","f,III,acc,sg","f,III,acc,sg","f,III,acc,sg"
"pecten:nompl","m,III,nom,pl","m,III,acc,pl","f,III,acc,pl","f,III,acc,pl","f,III,acc,pl","f,III,acc,pl","f,III,acc,sg","f,III,acc,sg","f,III,acc,sg","f,III,acc,sg","f,III,acc,sg","f,III,acc,sg","f,III,acc,sg","f,III,acc,sg","f,III,acc,sg","f,III,acc,sg"
"pecten:genpl","m,III,gen,pl","n,III,acc,pl","f,III,acc,pl","f,III,acc,pl","f,III,acc,sg","f,III,acc,sg","f,III,acc,sg","f,III,acc,sg","f,III,acc,sg","f,III,acc,sg","f,III,acc,sg","f,III,acc,sg","f,III,acc,sg","f,III,acc,sg","f,III,acc,sg","f,III,acc,sg"
"pecten:accpl","m,III,acc,pl","m,III,acc,pl","f,III,acc,pl","f,III,acc,pl","f,III,acc,pl","f,III,acc,pl","f,III,acc,sg","f,III,acc,sg","f,III,acc,sg","f,III,acc,sg","f,III,acc,sg","f,III,acc,sg","f,III,acc,sg","f,III,acc,sg","f,III,acc,sg","f,III,acc,sg"
"pectora:nomsg","n,III,nom,sg","n,II,acc,sg","n,II,acc,sg","n,II,acc,sg","n,II,acc,sg","n,II,acc,sg","n,II,acc,sg","n,II,acc,sg","n,II,acc,sg","n,II,acc,sg","n,II,acc,sg","n,II,acc,sg","n,II,acc,sg","n,II,acc,sg","n,II,acc,sg","n,II,acc,sg"
"pectora:gensg","n,III,gen,sg","n,II,acc,sg","n,II,acc,sg","n,II,acc,sg","n,II,acc,sg","n,II,acc,sg","n,II,acc,sg","n,II,acc,sg","n,II,acc,sg","n,II,acc,sg","n,II,acc,sg","n,II,acc,sg","n,II,acc,sg","n,II,acc,sg","n,II,acc,sg","n,II,acc,sg"
"pectora:accsg","n,III,acc,sg","n,II,acc,sg","n,II,acc,sg","n,II,acc,sg","n,II,acc,sg","n,II,acc,sg","n,II,acc,sg","n,II,acc,sg","n,II,acc,sg","n,II,acc,sg","n,II,acc,sg","n,II,acc,sg","n,II,acc,sg","n,II,acc,sg","n,II,acc,sg","n,II,acc,sg"
"pectora:nompl","n,III,nom,pl","n,III,acc,pl","n,II,acc,sg","n,II,acc,pl","n,II,acc,pl","f,III,acc,pl","f,II,acc,pl","f,I,acc,pl","f,I,acc,pl","f,I,acc,pl","f,I,acc,pl","f,III,acc,pl","f,III,acc,sg","f,III,acc,pl","f,III,acc,pl","f,III,acc,sg"
"pectora:genpl","n,III,gen,pl","n,III,gen,pl","n,II,acc,pl","n,II,acc,pl","n,II,acc,pl","f,III,acc,pl","n,II,acc,pl","n,II,acc,sg","f,III,acc,sg","f,I,acc,sg","f,I,acc,sg","f,III,acc,sg","f,III,acc,sg","f,III,acc,sg","f,III,acc,sg","f,III,acc,sg"
"pectora:accpl","n,III,acc,pl","n,III,acc,pl","n,II,acc,sg","n,II,acc,pl","n,II,acc,pl","f,III,acc,pl","f,II,acc,pl","f,I,acc,pl","f,I,acc,pl","f,I,acc,pl","f,I,acc,pl","f,III,acc,pl","f,III,acc,sg","f,III,acc,pl","f,III,acc,pl","f,III,acc,sg"
"pectus:nomsg","n,III,nom,sg","n,II,nom,sg","n,II,nom,sg","n,II,nom,sg","n,II,acc,sg","n,II,acc,sg","n,II,acc,sg","n,II,acc,sg","n,II,acc,sg","n,II,acc,sg","n,II,acc,sg","n,II,acc,sg","n,II,acc,sg","n,II,acc,sg","n,II,acc,sg","n,II,acc,sg"
"pectus:gensg","n,III,gen,sg","n,III,gen,sg","m,III,acc,sg","f,III,acc,sg","f,III,acc,sg","f,III,acc,sg","f,III,acc,sg","f,III,acc,sg","f,III,acc,sg","f,III,acc,sg","f,III,acc,sg","f,III,acc,sg","f,III,acc,sg","f,III,acc,sg","f,III,acc,pl","f,III,acc,sg"
"pectus:accsg","n,III,acc,sg","n,II,nom,sg","n,II,nom,sg","n,II,nom,sg","n,II,acc,sg","n,II,acc,sg","n,II,acc,sg","n,II,acc,sg","n,II,acc,sg","n,II,acc,sg","n,II,acc,sg","n,II,acc,sg","n,II,acc,sg","n,II,acc,sg","n,II,acc,sg","n,II,acc,sg"
"pectus:nompl","n,III,nom,pl","n,III,acc,pl","n,II,acc,sg","n,II,acc,pl","n,II,acc,pl","f,III,acc,pl","f,II,acc,pl","f,I,acc,pl","f,I,acc,pl","f,I,acc,pl","f,I,acc,pl","f,III,acc,pl","f,III,acc,sg","f,III,acc,pl","f,III,acc,pl","f,III,acc,sg"
"pectus:genpl","n,III,gen,pl","n,III,gen,pl","n,II,acc,pl","n,II,acc,pl","n,II,acc,pl","f,III,acc,pl","n,II,acc,pl","n,II,acc,sg","f,III,acc,sg","f,I,acc,sg","f,I,acc,sg","f,III,acc,sg","f,III,acc,sg","f,III,acc,sg","f,III,acc,sg","f,III,acc,sg"
"pectus:accpl","n,III,acc,pl","n,III,acc,pl","n,II,acc,sg","n,II,acc,pl","n,II,acc,pl","f,III,acc,pl","f,II,acc,pl","f,I,acc,pl","f,I,acc,pl","f,I,acc,pl","f,I,acc,pl","f,III,acc,pl","f,III,acc,sg","f,III,acc,pl","f,III,acc,pl","f,III,acc,sg"
"pecunia:nomsg","f,I,nom,sg","f,I,nom,sg","f,I,acc,sg","f,I,acc,sg","f,I,acc,sg","f,I,acc,sg","f,I,acc,sg","f,I,acc,pl","f,I,acc,pl","f,I,acc,pl","f,I,acc,pl","f,I,acc,sg","f,I,acc,sg","f,I,acc,pl","f,I,acc,pl","f,I,acc,pl"
"pecunia:gensg","f,I,gen,sg","f,I,gen,pl","f,I,acc,sg","f,I,acc,pl","f,I,acc,sg","f,I,acc,pl","f,I,acc,pl","f,I,acc,pl","f,I,acc,pl","f,I,acc,pl","f,I,acc,pl","f,I,acc,pl","f,I,acc,pl","f,I,acc,pl","f,I,acc,pl","f,I,acc,pl"
"pecunia:accsg","f,I,acc,sg","f,I,acc,sg","f,I,acc,sg","f,I,acc,sg","f,I,acc,sg","f,I,acc,sg","f,I,acc,sg","f,I,acc,sg","f,I,acc,sg","f,I,acc,sg","f,I,acc,sg","f,I,acc,sg","f,I,acc,sg","f,I,acc,sg","f,I,acc,sg","f,I,acc,sg"
"pecunia:nompl","f,I,nom,pl","f,I,gen,pl","f,I,acc,sg","f,I,acc,pl","f,I,acc,sg","f,I,acc,pl","f,I,acc,pl","f,I,acc,pl","f,I,acc,pl","f,I,acc,pl","f,I,acc,pl","f,I,acc,pl","f,I,acc,pl","f,I,acc,pl","f,I,acc,pl","f,I,acc,pl"
"pecunia:genpl","f,I,gen,pl","f,I,gen,pl","f,I,acc,pl","f,I,acc,pl","f,II,acc,sg","f,I,acc,pl","f,I,acc,pl","f,I,acc,pl","f,I,acc,pl","f,I,acc,pl","f,I,acc,pl","f,I,acc,pl","f,I,acc,pl","f,I,acc,pl","f,I,acc,pl","f,I,acc,pl"
"pecunia:accpl","f,I,acc,pl","f,I,acc,sg","f,I,acc,pl","f,I,acc,pl","f,I,acc,sg","f,I,acc,sg","f,I,acc,sg","f,I,acc,pl","f,I,acc,pl","f,I,acc,pl","f,I,acc,pl","f,I,acc,sg","f,I,acc,pl","f,I,acc,pl","f,I,acc,pl","f,I,acc,pl"
"pecus:nomsg","f,III,nom,sg","m,II,nom,sg","m,II,nom,sg","n,II,nom,sg","n,II,acc,sg","n,II,acc,sg","n,II,acc,sg","n,II,acc,sg","n,II,acc,sg","n,II,acc,sg","n,II,acc,sg","n,II,acc,sg","n,II,acc,sg","n,II,acc,sg","n,II,acc,sg","n,II,acc,sg"
"pecus:gensg","f,III,gen,sg","m,III,acc,sg","m,III,acc,sg","f,III,acc,sg","f,III,acc,sg","f,III,acc,sg","f,III,acc,sg","f,III,acc,sg","f,III,acc,sg","f,III,acc,sg","f,III,acc,sg","f,III,acc,sg","f,III,acc,sg","f,III,acc,sg","f,III,acc,sg","f,III,acc,sg"
"pecus:accsg","f,III,acc,sg","m,III,acc,sg","f,III,acc,sg","f,III,acc,sg","f,III,acc,sg","f,III,acc,sg","f,III,acc,sg","f,III,acc,sg","f,III,acc,sg","f,III,acc,sg","f,III,acc,sg","f,III,acc,sg","f,III,acc,sg","f,III,acc,sg","f,III,acc,sg","f,III,acc,sg"
"pecus:nompl","f,III,nom,pl","m,III,acc,pl","f,III,acc,pl","f,III,acc,pl","f,III,acc,pl","f,III,acc,pl","f,III,acc,pl","f,III,acc,pl","f,III,acc,sg","f,III,acc,sg","f,III,acc,sg","f,III,acc,sg","f,III,acc,sg","f,III,acc,sg","f,III,acc,sg","f,III,acc,sg"
"pecus:genpl","f,III,gen,pl","m,III,acc,pl","n,II,acc,pl","f,II,acc,pl","n,II,acc,pl","n,II,acc,pl","n,II,acc,sg","n,II,acc,sg","n,II,acc,sg","n,II,acc,sg","n,II,acc,sg","n,III,acc,sg","n,II,acc,sg","n,II,acc,sg","n,II,acc,sg","n,II,acc,sg"
"pecus:accpl","f,III,acc,pl","m,III,acc,pl","f,III,acc,pl","f,III,acc,pl","f,III,acc,pl","f,III,acc,pl","f,III,acc,pl","f,III,acc,pl","f,III,acc,sg","f,III,acc,sg","f,III,acc,sg","f,III,acc,sg","f,III,acc,sg","f,III,acc,sg","f,III,acc,sg","f,III,acc,sg"
"pediculus:nomsg","m,II,nom,sg","n,II,nom,sg","m,II,nom,sg","n,II,acc,sg","n,II,acc,sg","n,II,acc,sg","n,II,acc,sg","n,II,acc,sg","n,II,acc,sg","n,II,acc,sg","n,II,acc,sg","n,II,acc,sg","n,II,acc,sg","n,II,acc,sg","f,III,acc,sg","n,II,acc,sg"
"pediculus:gensg","m,II,gen,sg","n,II,gen,pl","n,II,acc,pl","n,II,acc,pl","n,II,acc,sg","n,II,acc,pl","n,II,acc,pl","n,II,acc,pl","n,II,acc,pl","n,II,acc,pl","n,II,acc,pl","n,II,acc,pl","n,II,acc,pl","n,II,acc,pl","n,II,acc,pl","n,II,acc,pl"
"pediculus:accsg","m,II,acc,sg","n,II,acc,sg","n,II,acc,sg","n,II,acc,sg","n,II,acc,sg","n,II,acc,sg","n,II,acc,sg","n,II,acc,sg","n,II,acc,sg","n,II,acc,sg","n,II,acc,sg","n,II,acc,sg","n,II,acc,sg","n,II,acc,sg","n,II,acc,sg","n,II,acc,sg"
"pediculus:nompl","m,II,nom,pl","n,II,gen,pl","n,II,acc,pl","n,II,acc,pl","n,II,acc,sg","n,II,acc,pl","n,II,acc,pl","n,II,acc,pl","n,II,acc,pl","n,II,acc,pl","n,II,acc,pl","n,II,acc,pl","n,II,acc,pl","n,II,acc,pl","n,II,acc,pl","n,II,acc,pl"
"pediculus:genpl","m,II,gen,pl","n,II,gen,pl","n,II,acc,pl","n,II,acc,pl","n,II,acc,sg","n,II,acc,pl","f,III,acc,pl","n,II,acc,pl","n,II,acc,pl","n,II,acc,pl","n,II,acc,pl","n,II,acc,pl","n,II,acc,pl","n,II,acc,pl","f,III,acc,pl","n,II,acc,sg"
"pediculus:accpl","m,II,acc,pl","m,II,acc,pl","n,II,acc,sg","n,II,acc,pl","n,II,acc,sg","n,II,acc,sg","n,II,acc,pl","n,II,acc,pl","n,II,acc,pl","n,II,acc,pl","n,II,acc,pl","n,II,acc,pl","n,II,acc,pl","n,II,acc,pl","f,III,acc,pl","n,II,acc,pl"
"pellicula:nomsg","f,I,nom,sg","f,II,nom,pl","f,I,acc,sg","f,I,acc,sg","f,I,acc,pl","f,I,acc,pl","f,I,acc,pl","f,I,acc,pl","f,I,acc,pl","f,I,acc,pl","f,I,acc,sg","f,I,acc,pl","f,I,acc,pl","f,I,acc,pl","f,I,acc,pl","f,I,acc,sg"
"pellicula:gensg","f,I,gen,sg","f,I,nom,pl","f,I,acc,pl","f,I,acc,pl","f,II,acc,pl","f,I,acc,pl","f,I,acc,pl","f,I,acc,pl","f,I,acc,pl","f,I,acc,pl","f,I,acc,pl","f,I,acc,pl","f,I,acc,pl","f,I,acc,pl","f,I,acc,pl","f,I,acc,pl"
"pellicula:accsg","f,I,acc,sg","f,I,acc,sg","f,I,acc,sg","f,I,acc,sg","f,II,acc,sg","f,I,acc,sg","f,I,acc,sg","f,I,acc,pl","f,I,acc,sg","f,I,acc,sg","f,I,acc,sg","f,I,acc,sg","f,I,acc,sg","f,I,acc,sg","f,I,acc,sg","f,I,acc,sg"
"pellicula:nompl","f,I,nom,pl","f,I,nom,pl","f,I,acc,pl","f,I,acc,pl","f,II,acc,pl","f,I,acc,pl","f,I,acc,pl","f,I,acc,pl","f,I,acc,pl","f,I,acc,pl","f,I,acc,pl","f,I,acc,pl","f,I,acc,pl","f,I,acc,pl","f,I,acc,pl","f,I,acc,pl"
"pellicula:genpl","f,I,gen,pl","f,I,gen,pl","f,I,acc,pl","f,I,acc,pl","f,II,acc,pl","f,I,acc,pl","f,I,acc,pl","f,I,acc,pl","f,I,acc,pl","f,I,acc,pl","f,I,acc,pl","f,I,acc,pl","f,I,acc,pl","f,I,acc,pl","f,I,acc,pl","f,I,acc,sg"
"pellicula:accpl","f,I,acc,pl","f,I,acc,pl","f,I,acc,pl","f,I,acc,pl","f,I,acc,pl","f,I,acc,pl","f,I,acc,pl","f,I,acc,pl","f,I,acc,pl","f,I,acc,pl","f,I,acc,pl","f,I,acc,pl","f,I,acc,pl","f,I,acc,pl","f,I,acc,pl","f,I,acc,pl"
"pellis:nomsg","f,III,nom,sg","f,III,nom,sg","f,III,acc,sg","f,III,acc,sg","f,III,acc,sg","f,III,acc,sg","f,III,acc,sg","f,III,acc,sg","f,III,acc,sg","f,III,acc,sg","f,III,acc,sg","f,III,acc,sg","f,III,acc,sg","f,III,acc,sg","f,III,acc,sg","f,III,acc,sg"
"pellis:gensg","f,III,gen,sg","f,III,nom,sg","f,III,acc,sg","f,III,acc,sg","f,III,acc,sg","f,III,acc,sg","f,III,acc,sg","f,III,acc,sg","f,III,acc,sg","f,III,acc,sg","f,III,acc,sg","f,III,acc,sg","f,III,acc,sg","f,III,acc,sg","f,III,acc,sg","f,III,acc,sg"
"pellis:accsg","f,III,acc,sg","n,III,acc,sg","n,III,acc,sg","f,III,acc,sg","f,III,acc,sg","f,III,acc,sg","f,III,acc,sg","f,III,acc,sg","f,III,acc,sg","f,III,acc,sg","f,III,acc,sg","f,III,acc,sg","f,III,acc,sg","f,III,acc,sg","f,III,acc,sg","f,III,acc,sg"
"pellis:nompl","f,III,nom,pl","f,III,acc,pl","f,III,acc,pl","f,III,acc,pl","f,III,acc,pl","f,III,acc,pl","f,III,acc,pl","f,III,acc,pl","f,III,acc,pl","f,III,acc,pl","f,III,acc,pl","f,III,acc,pl","f,III,acc,pl","f,III,acc,pl","f,III,acc,pl","f,III,acc,pl"
"pellis:genpl","f,III,gen,pl","f,III,gen,pl","f,III,gen,pl","n,II,acc,sg","f,III,acc,sg","f,III,acc,sg","f,III,acc,sg","f,III,acc,sg","f,III,acc,sg","f,III,acc,sg","f,III,acc,sg","f,III,acc,sg","f,III,acc,sg","f,III,acc,sg","f,III,acc,sg","f,III,acc,sg"
"pellis:accpl","f,III,acc,pl","f,III,acc,pl","f,III,acc,pl","f,III,acc,pl","f,III,acc,pl","f,III,acc,pl","f,III,acc,pl","f,III,acc,pl","f,III,acc,pl","f,III,acc,pl","f,III,acc,pl","f,III,acc,pl","f,III,acc,pl","f,III,acc,pl","f,III,acc,pl","f,III,acc,pl"
"pepon:nomsg","m,III,nom,sg","n,II,acc,sg","n,II,acc,pl","n,II,acc,pl","n,II,acc,pl","n,II,acc,pl","n,II,acc,pl","n,II,acc,pl","n,II,acc,pl","n,II,acc,pl","n,II,acc,pl","n,II,acc,pl","n,II,acc,pl","n,II,acc,pl","n,II,acc,pl","n,II,acc,pl"
"pepon:gensg","m,III,gen,sg","m,III,gen,sg","m,III,acc,sg","f,III,acc,pl","f,III,acc,pl","f,III,acc,sg","f,III,acc,sg","f,III,acc,sg","f,III,acc,sg","f,III,acc,sg","f,III,acc,sg","f,III,acc,pl","f,III,acc,sg","f,III,acc,sg","f,III,acc,sg","f,III,acc,pl"
"pepon:accsg","m,III,acc,sg","m,III,acc,sg","f,III,acc,sg","f,III,acc,sg","f,III,acc,sg","f,III,acc,sg","f,III,acc,sg","f,III,acc,sg","f,III,acc,sg","f,III,acc,sg","f,III,acc,sg","f,III,acc,sg","f,III,acc,sg","f,III,acc,sg","f,III,acc,sg","f,III,acc,sg"
"pepon:nompl","m,III,nom,pl","m,III,acc,pl","f,III,acc,pl","f,III,acc,pl","f,III,acc,pl","f,III,acc,pl","f,III,acc,pl","f,III,acc,pl","f,III,acc,pl","f,III,acc,sg","f,III,acc,sg","f,III,acc,pl","f,III,acc,sg","f,III,acc,sg","f,III,acc,sg","f,III,acc,pl"
"pepon:genpl","m,III,gen,pl","n,III,gen,pl","m,III,acc,sg","f,II,acc,pl","f,II,acc,pl","f,III,acc,pl","f,III,acc,pl","f,III,acc,sg","f,III,acc,sg","f,III,acc,sg","n,II,acc,sg","f,III,acc,sg","f,III,acc,sg","n,III,acc,sg","f,III,acc,sg","f,III,acc,pl"
"pepon:accpl","m,III,acc,pl","m,III,acc,pl","f,III,acc,pl","f,III,acc,pl","f,III,acc,pl","f,III,acc,pl","f,III,acc,pl","f,III,acc,pl","f,III,acc,pl","f,III,acc,sg","f,III,acc,sg","f,III,acc,pl","f,III,acc,sg","f,III,acc,sg","f,III,acc,sg","f,III,acc,pl"
"percussor:nomsg","m,III,nom,sg","n,II,nom,pl","m,IV,acc,sg","n,II,nom,sg","n,II,acc,sg","f,III,acc,sg","f,III,acc,pl","f,III,acc,sg","n,II,acc,sg","n,II,acc,sg","n,II,acc,sg","f,I,acc,sg","f,I,acc,sg","f,III,acc,sg","f,III,acc,sg","f,III,acc,sg"
"percussor:gensg","m,III,gen,sg","n,III,gen,pl","m,III,acc,pl","f,III,acc,pl","f,III,acc,sg","f,III,acc,sg","f,III,acc,sg","f,III,acc,pl","n,II,acc,pl","n,II,acc,pl","n,II,acc,pl","n,III,acc,pl","f,III,acc,pl","f,III,acc,pl","f,III,acc,pl","f,III,acc,pl"
"percussor:accsg","m,III,acc,sg","n,III,acc,sg","m,III,acc,sg","f,III,acc,sg","f,III,acc,sg","f,III,acc,sg","f,III,acc,sg","f,III,acc,sg","n,II,acc,sg","n,II,acc,sg","n,II,acc,pl","f,III,acc,pl","f,III,acc,pl","f,III,acc,sg","f,III,acc,sg","f,III,acc,sg"
"percussor:nompl","m,III,nom,pl","n,III,acc,pl","f,III,acc,pl","f,III,acc,pl","f,III,acc,pl","f,III,acc,sg","f,III,acc,pl","f,III,acc,pl","n,II,acc,pl","n,II,acc,pl","n,II,acc,pl","n,II,acc,pl","f,III,acc,pl","f,III,acc,pl","f,III,acc,pl","f,III,acc,pl"
"percussor:genpl","m,III,gen,pl","n,III,gen,pl","n,II,acc,pl","n,II,acc,pl","f,II,acc,pl","f,III,acc,pl","n,II,acc,pl","n,II,acc,pl","n,II,acc,pl","n,II,acc,sg","n,II,acc,pl","n,II,acc,pl","n,II,acc,pl","n,II,acc,pl","n,II,acc,pl","n,II,acc,pl"
"percussor:accpl","m,III,acc,pl","n,III,acc,pl","f,III,acc,pl","f,III,acc,pl","f,III,acc,pl","f,III,acc,sg","f,III,acc,pl","f,III,acc,pl","n,II,acc,pl","n,II,acc,pl","n,II,acc,pl","n,II,acc,pl","f,III,acc,pl","f,III,acc,pl","f,III,acc,pl","f,III,acc,pl"
"peregrinus:nomsg","m,II,nom,sg","m,II,nom,sg","m,II,nom,sg","n,II,nom,sg","n,II,acc,sg","n,II,acc,sg","n,II,acc,pl","n,II,acc,pl","n,II,acc,sg","n,II,acc,sg","n,II,acc,sg","n,II,acc,sg","n,II,acc,sg","n,II,acc,sg","n,II,acc,sg","n,II,acc,sg"
"peregrinus:gensg","m,II,gen,sg","n,II,acc,pl","n,II,acc,pl","n,II,acc,pl","n,II,acc,pl","n,II,acc,pl","n,II,acc,pl","n,II,acc,pl","n,II,acc,pl","n,II,acc,pl","n,II,acc,pl","n,II,acc,pl","n,II,acc,pl","n,II,acc,pl","n,II,acc,pl","n,II,acc,pl"
"peregrinus:accsg","m,II,acc,sg","n,II,acc,sg","n,II,acc,sg","n,II,acc,sg","n,II,acc,sg","n,II,acc,sg","n,II,acc,sg","n,II,acc,sg","n,II,acc,sg","n,II,acc,sg","n,II,acc,sg","n,II,acc,sg","n,II,acc,sg","n,II,acc,sg","n,II,acc,sg","n,II,acc,sg"
"peregrinus:nompl","m,II,nom,pl","n,II,acc,pl","n,II,acc,pl","n,II,acc,pl","n,II,acc,pl","n,II,acc,pl","n,II,acc,pl","n,II,acc,pl","n,II,acc,pl","n,II,acc,pl","n,II,acc,pl","n,II,acc,pl","n,II,acc,pl","n,II,acc,pl","n,II,acc,pl","n,II,acc,pl"
"peregrinus:genpl","m,II,gen,pl","m,II,acc,pl","m,II,acc,pl","n,II,acc,pl","n,II,acc,pl","n,II,acc,pl","n,II,acc,pl","n,II,acc,pl","n,II,acc,pl","n,II,acc,pl","n,II,acc,pl","n,II,acc,pl","n,II,acc,pl","n,II,acc,pl","n,II,acc,pl","n,II,acc,pl"
"peregrinus:accpl","m,II,acc,pl","m,II,acc,pl","m,II,acc,pl","f,II,acc,pl","n,II,acc,pl","n,II,acc,pl","n,II,acc,pl","n,II,acc,pl","n,II,acc,pl","n,II,acc,pl","n,II,acc,pl","n,II,acc,pl","n,II,acc,pl","n,II,acc,pl","n,II,acc,pl","n,II,acc,pl"
"persicum:nomsg","n,II,nom,sg","n,II,acc,sg","n,II,acc,sg","n,II,acc,sg","n,II,acc,sg","n,II,acc,sg","n,II,acc,sg","n,II,acc,sg","n,II,acc,sg","n,II,acc,sg","n,II,acc,sg","n,II,acc,sg","n,II,acc,sg","n,II,acc,sg","n,II,acc,sg","n,II,acc,sg"
"persicum:gensg","n,II,gen,sg","n,II,acc,sg","n,II,acc,pl","n,II,acc,pl","n,II,acc,pl","n,II,acc,pl","n,II,acc,pl","n,II,acc,pl","n,II,acc,pl","n,II,acc,pl","n,II,acc,pl","n,II,acc,pl","n,II,acc,pl","n,II,acc,pl","n,II,acc,pl","n,II,acc,pl"
"persicum:accsg","n,II,acc,sg","n,II,acc,sg","n,II,acc,sg","n,II,acc,sg","n,II,acc,sg","n,II,acc,sg","n,II,acc,sg","n,II,acc,sg","n,II,acc,sg","n,II,acc,sg","n,II,acc,sg","n,II,acc,sg","n,II,acc,sg","n,II,acc,sg","n,II,acc,sg","n,II,acc,sg"
"persicum:nompl","n,II,nom,pl","n,II,acc,pl","n,II,nom,pl","f,I,acc,pl","f,I,acc,pl","f,I,acc,pl","f,I,acc,pl","f,I,acc,pl","f,I,acc,sg","f,I,acc,pl","f,I,acc,pl","f,I,acc,pl","f,I,acc,pl","f,I,acc,pl","f,I,acc,pl","f,I,acc,pl"
"persicum:genpl","n,II,gen,pl","n,II,acc,pl","n,II,acc,pl","n,II,acc,pl","f,II,acc,pl","n,II,acc,pl","n,II,acc,pl","n,II,acc,pl","n,II,acc,pl","n,II,acc,pl","n,II,acc,pl","n,II,acc,pl","f,II,acc,pl","n,II,acc,pl","n,II,acc,pl","n,II,acc,pl"
"persicum:accpl","n,II,acc,pl","n,II,acc,pl","n,II,nom,pl","f,I,acc,pl","f,I,acc,pl","f,I,acc,pl","f,I,acc,pl","f,I,acc,pl","f,I,acc,sg","f,I,acc,pl","f,I,acc,pl","f,I,acc,pl","f,I,acc,pl","f,I,acc,pl","f,I,acc,pl","f,I,acc,pl"
"pes:nomsg","m,III,nom,sg","f,III,acc,sg","f,III,acc,pl","f,III,acc,pl","f,III,acc,pl","f,III,acc,pl","f,III,acc,pl","f,III,acc,pl","f,III,acc,pl","f,III,acc,pl","f,III,acc,pl","f,III,acc,pl","f,III,acc,pl","f,III,acc,pl","f,III,acc,pl","f,III,acc,pl"
"pes:gensg","m,III,gen,sg","m,III,gen,sg","f,III,acc,sg","f,III,acc,sg","f,III,acc,sg","f,III,acc,sg","f,III,acc,sg","f,III,acc,sg","f,III,acc,sg","f,III,acc,sg","f,III,acc,sg","f,III,acc,sg","f,III,acc,sg","f,III,acc,sg","f,III,acc,sg","f,III,acc,sg"
"pes:accsg","m,III,acc,sg","m,III,acc,sg","f,III,acc,sg","f,III,acc,sg","f,III,acc,sg","f,III,acc,sg","f,III,acc,sg","f,III,acc,sg","f,III,acc,sg","f,III,acc,sg","f,III,acc,sg","f,III,acc,sg","f,III,acc,sg","f,III,acc,sg","f,III,acc,sg","f,III,acc,sg"
"pes:nompl","m,III,nom,pl","m,III,acc,pl","f,III,acc,pl","f,III,acc,pl","f,III,acc,pl","f,III,acc,pl","f,III,acc,pl","f,III,acc,pl","f,III,acc,pl","f,III,acc,sg","f,III,acc,sg","f,III,acc,sg","f,III,acc,sg","f,III,acc,sg","f,III,acc,sg","f,III,acc,sg"
"pes:genpl","m,III,gen,pl","f,III,gen,pl","f,III,acc,pl","f,III,acc,sg","f,III,acc,pl","f,III,acc,sg","f,III,acc,sg","f,III,acc,sg","f,III,acc,sg","f,III,acc,sg","f,III,acc,sg","f,III,acc,sg","f,III,acc,sg","f,III,acc,sg","f,III,acc,sg","f,III,acc,sg"
"pes:accpl","m,III,acc,pl","m,III,acc,pl","f,III,acc,pl","f,III,acc,pl","f,III,acc,pl","f,III,acc,pl","f,III,acc,pl","f,III,acc,pl","f,III,acc,pl","f,III,acc,sg","f,III,acc,sg","f,III,acc,sg","f,III,acc,sg","f,III,acc,sg","f,III,acc,sg","f,III,acc,sg"
"petra:nomsg","f,I,nom,sg","n,II,acc,pl","n,II,nom,pl","f,I,acc,pl","f,I,acc,pl","f,I,acc,pl","f,I,acc,pl","f,I,acc,pl","f,I,acc,pl","f,I,acc,pl","f,I,acc,pl","f,I,acc,pl","f,I,acc,pl","f,I,acc,pl","f,I,acc,pl","f,I,acc,pl"
"petra:gensg","f,I,gen,sg","f,I,acc,pl","f,I,acc,pl","f,I,acc,pl","f,I,acc,pl","f,I,acc,pl","f,I,acc,pl","f,I,acc,pl","f,I,acc,pl","f,I,acc,pl","f,I,acc,pl","f,I,acc,pl","f,I,acc,pl","f,I,acc,pl","f,I,acc,pl","f,I,acc,pl"
"petra:accsg","f,I,acc,sg","f,I,acc,sg","f,I,acc,sg","f,I,acc,sg","f,I,acc,sg","f,I,acc,sg","f,I,acc,sg","f,I,acc,sg","f,I,acc,sg","f,I,acc,sg","f,I,acc,sg","f,I,acc,sg","f,I,acc,sg","f,I,acc,sg","f,I,acc,sg","f,I,acc,sg"
"petra:nompl","f,I,nom,pl","f,I,acc,pl","f,I,acc,pl","f,I,acc,pl","f,I,acc,pl","f,I,acc,pl","f,I,acc,pl","f,I,acc,pl","f,I,acc,pl","f,I,acc,pl","f,I,acc,pl","f,I,acc,pl","f,I,acc,pl","f,I,acc,pl","f,I,acc,pl","f,I,acc,pl"
"petra:genpl","f,I,gen,pl","f,I,gen,pl","f,I,acc,pl","f,I,acc,pl","f,I,acc,pl","f,I,acc,pl","f,I,acc,pl","f,I,acc,pl","f,I,acc,pl","f,I,acc,pl","f,I,acc,pl","f,I,acc,pl","f,I,acc,pl","f,I,acc,pl","f,I,acc,pl","f,I,acc,pl"
"petra:accpl","f,I,acc,pl","f,I,acc,pl","f,I,acc,pl","f,I,acc,pl","f,I,acc,pl","f,I,acc,pl","f,I,acc,pl","f,I,acc,pl","f,I,acc,pl","f,I,acc,pl","f,I,acc,pl","f,I,acc,pl","f,I,acc,pl","f,I,acc,pl","f,I,acc,pl","f,I,acc,pl"
"pilus:nomsg","m,II,nom,sg","n,II,nom,sg","n,II,nom,sg","n,II,nom,sg","n,II,nom,sg","n,II,acc,sg","n,II,acc,sg","n,II,acc,sg","n,II,acc,sg","n,II,acc,sg","n,II,acc,sg","n,II,acc,sg","n,II,acc,sg","n,II,acc,sg","n,II,acc,sg","n,II,acc,sg"
"pilus:gensg","m,II,gen,sg","n,II,gen,sg","n,II,acc,pl","n,II,acc,pl","n,II,acc,pl","n,II,acc,pl","n,II,acc,pl","n,II,acc,pl","n,II,acc,pl","n,II,acc,pl","n,II,acc,pl","n,II,acc,pl","n,II,acc,pl","n,II,acc,pl","n,II,acc,pl","n,II,acc,pl"
"pilus:accsg","m,II,acc,sg","n,II,acc,sg","n,II,acc,sg","n,II,acc,sg","n,II,acc,sg","n,II,acc,sg","n,II,acc,sg","n,II,acc,sg","n,II,acc,sg","n,II,acc,sg","n,II,acc,sg","n,II,acc,sg","n,II,acc,sg","n,II,acc,sg","n,II,acc,sg","n,II,acc,sg"
"pilus:nompl","m,II,nom,pl","n,II,gen,sg","n,II,acc,pl","n,II,acc,pl","n,II,acc,pl","n,II,acc,pl","n,II,acc,pl","n,II,acc,pl","n,II,acc,pl","n,II,acc,pl","n,II,acc,pl","n,II,acc,pl","n,II,acc,pl","n,II,acc,pl","n,II,acc,pl","n,II,acc,pl"
"pilus:genpl","m,II,gen,pl","n,II,gen,pl","n,II,acc,pl","n,II,acc,pl","n,II,acc,pl","n,II,acc,pl","n,II,acc,pl","n,II,acc,pl","n,II,acc,pl","n,II,acc,pl","n,II,acc,pl","n,II,acc,pl","n,II,acc,pl","n,II,acc,pl","n,II,acc,pl","n,II,acc,pl"
"pilus:accpl","m,II,acc,pl","m,II,acc,pl","n,II,acc,pl","n,II,acc,pl","n,II,acc,pl","n,II,acc,pl","n,II,acc,pl","n,II,acc,pl","n,II,acc,pl","n,II,acc,pl","n,II,acc,pl","n,II,acc,pl","n,II,acc,pl","n,II,acc,pl","n,II,acc,pl","n,II,acc,pl"
"pinea:nomsg","f,I,nom,sg","f,I,acc,sg","f,I,nom,sg","f,I,acc,sg","f,I,acc,sg","f,I,acc,sg","f,I,acc,sg","f,I,acc,pl","f,I,acc,pl","f,I,acc,pl","f,I,acc,pl","f,I,acc,pl","f,I,acc,pl","f,I,acc,pl","f,I,acc,pl","f,I,acc,pl"
"pinea:gensg","f,I,gen,sg","f,I,acc,sg","f,I,acc,sg","f,I,acc,sg","f,I,acc,sg","f,I,acc,sg","f,III,acc,sg","f,III,acc,sg","f,I,acc,pl","f,I,acc,sg","f,I,acc,pl","f,I,acc,pl","f,I,acc,sg","f,III,acc,sg","f,I,acc,sg","f,I,acc,pl"
"pinea:accsg","f,I,acc,sg","f,I,acc,sg","f,I,acc,sg","f,I,acc,sg","f,I,acc,sg","f,I,acc,sg","f,I,acc,sg","f,I,acc,sg","f,I,acc,sg","f,I,acc,sg","f,I,acc,sg","f,I,acc,sg","f,I,acc,sg","f,I,acc,sg","f,I,acc,sg","f,I,acc,sg"
"pinea:nompl","f,I,nom,pl","f,I,acc,sg","f,I,acc,sg","f,I,acc,sg","f,I,acc,sg","f,I,acc,sg","f,III,acc,sg","f,III,acc,sg","f,I,acc,pl","f,I,acc,sg","f,I,acc,pl","f,I,acc,pl","f,I,acc,sg","f,III,acc,sg","f,I,acc,sg","f,I,acc,pl"
"pinea:genpl","f,I,gen,pl","f,I,acc,pl","f,I,acc,pl","f,I,acc,pl","f,I,acc,pl","f,I,acc,pl","f,I,acc,pl","f,I,acc,pl","f,I,acc,pl","f,I,acc,pl","f,I,acc,pl","f,I,acc,pl","f,I,acc,pl","f,I,acc,pl","f,I,acc,pl","f,I,acc,pl"
"pinea:accpl","f,I,acc,pl","f,I,acc,pl","f,I,acc,pl","f,I,acc,pl","f,I,acc,pl","f,I,acc,pl","f,I,acc,pl","f,I,acc,pl","f,I,acc,pl","f,I,acc,pl","f,I,acc,pl","f,I,acc,pl","f,I,acc,pl","f,I,acc,pl","f,I,acc,pl","f,I,acc,pl"
"pinnaculum:nomsg","n,II,nom,sg","n,II,acc,sg","n,II,acc,sg","n,II,acc,sg","n,II,acc,sg","n,II,acc,sg","n,II,acc,sg","n,II,acc,sg","n,II,acc,sg","n,II,acc,sg","n,II,acc,sg","n,II,acc,sg","n,II,acc,sg","n,II,acc,sg","n,II,acc,sg","n,II,acc,sg"
"pinnaculum:gensg","n,II,gen,sg","n,II,acc,sg","n,II,acc,sg","n,II,acc,pl","n,II,acc,sg","n,II,acc,pl","n,II,acc,pl","n,II,acc,pl","n,II,acc,pl","n,II,acc,pl","n,II,acc,pl","f,I,acc,pl","n,II,acc,sg","n,II,acc,pl","n,II,acc,pl","n,II,acc,pl"
"pinnaculum:accsg","n,II,acc,sg","n,II,acc,sg","n,II,acc,sg","n,II,acc,sg","n,II,acc,sg","n,II,acc,sg","n,II,acc,sg","n,II,acc,sg","n,II,acc,sg","n,II,acc,sg","n,II,acc,sg","n,II,acc,sg","n,II,acc,sg","n,II,acc,sg","n,II,acc,sg","n,II,acc,sg"
"pinnaculum:nompl","n,II,nom,pl","f,I,acc,sg","f,I,acc,sg","f,I,acc,pl","f,I,acc,sg","f,I,acc,pl","f,I,acc,pl","f,I,acc,pl","f,I,acc,pl","f,I,acc,pl","f,I,acc,pl","f,I,acc,sg","f,I,acc,sg","f,I,acc,pl","f,I,acc,pl","f,I,acc,pl"
"pinnaculum:genpl","n,II,gen,pl","m,II,acc,pl","n,II,acc,pl","f,II,acc,pl","n,II,acc,sg","n,II,acc,pl","n,II,acc,pl","n,II,acc,pl","n,II,acc,pl","n,II,acc,sg","n,II,acc,pl","f,I,acc,pl","n,II,acc,sg","n,II,acc,pl","n,II,acc,pl","n,II,acc,pl"
"pinnaculum:accpl","n,II,acc,pl","f,I,acc,sg","f,I,acc,sg","f,I,acc,pl","f,I,acc,sg","f,I,acc,pl","f,I,acc,pl","f,I,acc,pl","f,I,acc,pl","f,I,acc,pl","f,I,acc,pl","f,I,acc,sg","f,I,acc,sg","f,I,acc,pl","f,I,acc,pl","f,I,acc,pl"
"pinus:nomsg","f,IV,nom,sg","n,II,nom,sg","m,II,acc,sg","n,II,nom,sg","n,II,acc,sg","n,II,acc,sg","n,II,acc,sg","n,II,acc,sg","n,II,acc,sg","n,II,acc,sg","n,II,acc,sg","n,II,acc,sg","n,II,acc,sg","n,II,acc,sg","n,II,acc,sg","n,II,acc,sg"
"pinus:gensg","f,IV,gen,sg","f,II,acc,pl","n,II,acc,pl","n,II,acc,pl","n,II,acc,pl","n,II,acc,pl","n,II,acc,pl","n,II,acc,pl","n,II,acc,pl","n,II,acc,pl","n,II,acc,pl","n,II,acc,pl","n,II,acc,pl","n,II,acc,pl","n,II,acc,pl","n,II,acc,pl"
"pinus:accsg","f,IV,acc,sg","n,II,acc,sg","n,II,acc,sg","n,II,acc,sg","n,II,acc,sg","n,II,acc,sg","n,II,acc,sg","n,II,acc,sg","n,II,acc,sg","n,II,acc,sg","n,II,acc,sg","n,II,acc,sg","n,II,acc,sg","n,II,acc,sg","n,II,acc,sg","n,II,acc,sg"
"pinus:nompl","f,IV,nom,pl","f,II,acc,pl","n,II,acc,pl","n,II,acc,pl","n,II,acc,pl","n,II,acc,pl","n,II,acc,pl","n,II,acc,pl","n,II,acc,pl","n,II,acc,pl","n,II,acc,pl","n,II,acc,pl","n,II,acc,pl","n,II,acc,pl","n,II,acc,pl","n,II,acc,pl"
"pinus:genpl","f,IV,gen,pl","m,II,acc,pl","n,II,acc,pl","n,II,acc,sg","n,II,acc,sg","n,II,acc,sg","n,II,acc,pl","n,II,acc,sg","n,II,acc,pl","n,II,acc,sg","n,II,acc,sg","n,II,acc,sg","n,II,acc,sg","n,II,acc,sg","n,II,acc,sg","n,II,acc,sg"
"pinus:accpl","f,IV,acc,pl","f,II,acc,pl","n,II,acc,pl","n,II,acc,pl","n,II,acc,pl","n,II,acc,pl","n,II,acc,pl","n,II,acc,pl","n,II,acc,pl","n,II,acc,pl","n,II,acc,pl","n,II,acc,pl","n,II,acc,pl","n,II,acc,pl","n,II,acc,pl","n,II,acc,pl"
"piscator:nomsg","m,III,nom,sg","m,III,nom,sg","m,IV,nom,sg","n,II,nom,sg","n,II,nom,sg","n,II,acc,sg","n,II,acc,sg","n,II,acc,sg","n,II,acc,sg","n,II,acc,sg","n,II,acc,sg","f,I,acc,sg","f,III,acc,sg","f,III,acc,sg","f,III,acc,sg","f,III,acc,sg"
"piscator:gensg","m,III,gen,sg","m,III,gen,pl","m,III,acc,pl","f,III,acc,pl","f,III,acc,sg","f,III,acc,sg","f,III,acc,sg","f,III,acc,pl","n,II,acc,sg","n,II,acc,pl","n,II,acc,pl","f,III,acc,pl","f,III,acc,pl","f,III,acc,pl","f,III,acc,pl","f,III,acc,pl"
"piscator:accsg","m,III,acc,sg","m,III,acc,pl","f,III,acc,sg","f,III,acc,sg","f,III,acc,sg","f,III,acc,sg","f,III,acc,sg","f,III,acc,sg","n,II,acc,sg","n,II,acc,sg","n,II,acc,pl","f,II,acc,pl","f,II,acc,pl","f,III,acc,pl","f,III,acc,sg","f,III,acc,sg"
"piscator:nompl","m,III,nom,pl","m,III,acc,pl","f,III,acc,pl","f,III,acc,pl","f,III,acc,pl","f,III,acc,pl","f,III,acc,sg","f,III,acc,pl","n,II,acc,pl","f,III,acc,pl","f,III,acc,pl","f,III,acc,pl","f,III,acc,pl","f,III,acc,pl","f,III,acc,pl","f,III,acc,pl"
"piscator:genpl","m,III,gen,pl","n,II,gen,pl","n,II,acc,pl","n,II,acc,pl","n,II,acc,pl","n,II,acc,pl","n,II,acc,pl","n,II,acc,pl","n,II,acc,sg","n,II,acc,pl","n,II,acc,pl","n,II,acc,pl","n,II,acc,pl","n,II,acc,pl","n,II,acc,pl","n,II,acc,pl"
"piscator:accpl","m,III,acc,pl","m,III,acc,pl","f,III,acc,pl","f,III,acc,pl","f,III,acc,pl","f,III,acc,pl","f,III,acc,sg","f,III,acc,pl","n,II,acc,pl","f,III,acc,pl","f,III,acc,pl","f,III,acc,pl","f,III,acc,pl","f,III,acc,pl","f,III,acc,pl","f,III,acc,pl"
"piscis:nomsg","m,III,nom,sg","f,III,acc,sg","f,III,acc,sg","f,III,acc,sg","f,III,acc,sg","f,III,acc,sg","f,III,acc,sg","f,III,acc,sg","f,III,acc,sg","f,III,acc,sg","f,III,acc,sg","f,III,acc,sg","f,III,acc,sg","f,III,acc,sg","f,III,acc,sg","f,III,acc,sg"
"piscis:gensg","m,III,gen,sg","f,III,acc,sg","f,III,acc,sg","f,III,acc,sg","f,III,acc,sg","f,III,acc,sg","f,III,acc,sg","f,III,acc,sg","f,III,acc,sg","f,III,acc,sg","f,III,acc,sg","f,III,acc,sg","f,III,acc,sg","f,III,acc,sg","f,III,acc,sg","f,III,acc,sg"
"piscis:accsg","m,III,acc,sg","n,III,acc,sg","f,III,acc,sg","f,III,acc,sg","f,III,acc,sg","f,III,acc,sg","f,III,acc,sg","f,III,acc,sg","f,III,acc,sg","f,III,acc,sg","f,III,acc,sg","f,III,acc,sg","f,III,acc,sg","f,III,acc,sg","f,III,acc,sg","f,III,acc,sg"
"piscis:nompl","m,III,nom,pl","f,III,gen,pl","f,III,acc,pl","f,III,acc,pl","f,III,acc,pl","f,III,acc,pl","f,III,acc,pl","f,III,acc,pl","f,III,acc,pl","f,III,acc,pl","f,III,acc,pl","f,III,acc,pl","f,III,acc,pl","f,III,acc,pl","f,III,acc,pl","f,III,acc,pl"
"piscis:genpl","m,III,gen,pl","f,III,gen,pl","f,III,acc,pl","f,III,acc,sg","f,III,acc,sg","f,III,acc,sg","f,III,acc,sg","f,III,acc,sg","f,II,acc,sg","f,III,acc,sg","f,III,acc,sg","n,III,acc,sg","f,III,acc,sg","f,III,acc,sg","f,III,acc,sg","f,III,acc,sg"
"piscis:accpl","m,III,acc,pl","f,III,gen,pl","f,III,acc,pl","f,III,acc,pl","f,III,acc,pl","f,III,acc,pl","f,III,acc,pl","f,III,acc,pl","f,III,acc,pl","f,III,acc,pl","f,III,acc,pl","f,III,acc,pl","f,III,acc,pl","f,III,acc,pl","f,III,acc,pl","f,III,acc,pl"
"plaga:nomsg","f,I,nom,sg","f,II,nom,pl","f,II,nom,pl","f,I,acc,pl","f,I,acc,pl","f,I,acc,pl","f,I,acc,pl","f,I,acc,pl","f,I,acc,pl","f,I,acc,pl","f,I,acc,pl","f,I,acc,pl","f,I,acc,pl","f,I,acc,pl","f,I,acc,pl","f,I,acc,pl"
"plaga:gensg","f,I,gen,sg","f,I,acc,pl","f,I,acc,pl","f,I,acc,pl","f,I,acc,pl","f,I,acc,pl","f,I,acc,pl","f,I,acc,pl","f,I,acc,pl","f,I,acc,pl","f,I,acc,pl","f,I,acc,pl","f,I,acc,pl","f,I,acc,pl","f,I,acc,pl","f,I,acc,pl"
"plaga:accsg","f,I,acc,sg","f,I,acc,sg","f,I,acc,sg","f,I,acc,sg","f,I,acc,sg","f,I,acc,sg","f,I,acc,sg","f,I,acc,sg","f,I,acc,sg","f,I,acc,sg","f,I,acc,sg","f,I,acc,sg","f,I,acc,sg","f,I,acc,sg","f,I,acc,sg","f,I,acc,sg"
"plaga:nompl","f,I,nom,pl","f,I,acc,pl","f,I,acc,pl","f,I,acc,pl","f,I,acc,pl","f,I,acc,pl","f,I,acc,pl","f,I,acc,pl","f,I,acc,pl","f,I,acc,pl","f,I,acc,pl","f,I,acc,pl","f,I,acc,pl","f,I,acc,pl","f,I,acc,pl","f,I,acc,pl"
"plaga:genpl","f,I,gen,pl","f,I,gen,pl","f,I,acc,pl","f,I,acc,pl","f,I,acc,pl","f,I,acc,pl","f,I,acc,pl","f,I,acc,pl","f,I,acc,pl","f,I,acc,pl","f,I,acc,pl","f,I,acc,pl","f,I,acc,pl","f,I,acc,pl","f,I,acc,pl","f,I,acc,pl"
"plaga:accpl","f,I,acc,pl","f,I,acc,pl","f,I,acc,pl","f,I,acc,pl","f,I,acc,pl","f,I,acc,pl","f,I,acc,pl","f,I,acc,pl","f,I,acc,pl","f,I,acc,pl","f,I,acc,pl","f,I,acc,pl","f,I,acc,pl","f,I,acc,pl","f,I,acc,pl","f,I,acc,pl"
"platea:nomsg","f,I,nom,sg","f,II,nom,sg","f,I,nom,sg","f,I,acc,sg","f,I,acc,sg","f,I,acc,sg","f,I,acc,sg","f,I,acc,sg","f,I,acc,pl","f,I,acc,pl","f,I,acc,pl","f,I,acc,pl","f,I,acc,pl","f,I,acc,pl","f,I,acc,pl","f,I,acc,pl"
"platea:gensg","f,I,gen,sg","f,I,acc,sg","f,I,acc,pl","f,I,acc,pl","f,I,acc,pl","f,I,acc,pl","f,I,acc,pl","f,I,acc,pl","f,I,acc,pl","f,I,acc,pl","f,I,acc,pl","f,I,acc,pl","f,I,acc,pl","f,I,acc,pl","f,I,acc,pl","f,I,acc,pl"
"platea:accsg","f,I,acc,sg","f,I,acc,sg","f,I,acc,sg","f,I,acc,sg","f,I,acc,sg","f,I,acc,sg","f,I,acc,sg","f,I,acc,sg","f,I,acc,sg","f,I,acc,sg","f,I,acc,sg","f,I,acc,sg","f,I,acc,sg","f,I,acc,sg","f,I,acc,sg","f,I,acc,sg"
"platea:nompl","f,I,nom,pl","f,I,acc,sg","f,I,acc,pl","f,I,acc,pl","f,I,acc,pl","f,I,acc,pl","f,I,acc,pl","f,I,acc,pl","f,I,acc,pl","f,I,acc,pl","f,I,acc,pl","f,I,acc,pl","f,I,acc,pl","f,I,acc,pl","f,I,acc,pl","f,I,acc,pl"
"platea:genpl","f,I,gen,pl","f,I,acc,pl","f,I,acc,pl","f,I,acc,pl","f,I,acc,pl","f,I,acc,pl","f,I,acc,pl","f,I,acc,sg","f,I,acc,pl","f,I,acc,pl","f,I,acc,pl","f,I,acc,pl","f,I,acc,pl","f,I,acc,pl","f,I,acc,pl","f,I,acc,pl"
"platea:accpl","f,I,acc,pl","f,I,acc,pl","f,I,acc,pl","f,I,acc,pl","f,I,acc,pl","f,I,acc,pl","f,I,acc,pl","f,I,acc,pl","f,I,acc,pl","f,I,acc,pl","f,I,acc,pl","f,I,acc,pl","f,I,acc,pl","f,I,acc,pl","f,I,acc,pl","f,I,acc,pl"
"plaustra:nomsg","n,II,nom,sg","n,II,acc,sg","n,II,acc,sg","n,II,acc,sg","n,II,acc,sg","n,II,acc,sg","n,II,acc,sg","n,II,acc,sg","n,II,acc,sg","n,II,acc,sg","n,II,acc,sg","n,II,acc,sg","n,II,acc,sg","n,II,acc,sg","n,II,acc,sg","n,II,acc,sg"
"plaustra:gensg","n,II,gen,sg","n,II,gen,sg","n,II,acc,pl","n,II,acc,pl","n,II,acc,pl","n,II,acc,pl","n,II,acc,pl","n,II,acc,pl","n,II,acc,pl","n,II,acc,pl","n,II,acc,pl","n,II,acc,pl","n,II,acc,pl","n,II,acc,pl","n,II,acc,pl","n,II,acc,pl"
"plaustra:accsg","n,II,acc,sg","n,II,acc,sg","n,II,acc,sg","n,II,acc,sg","n,II,acc,sg","n,II,acc,sg","n,II,acc,sg","n,II,acc,sg","n,II,acc,sg","n,II,acc,sg","n,II,acc,sg","n,II,acc,sg","n,II,acc,sg","n,II,acc,sg","n,II,acc,sg","n,II,acc,sg"
"plaustra:nompl","n,II,nom,pl","f,II,nom,pl","n,II,acc,pl","f,II,nom,pl","f,I,acc,sg","f,I,acc,pl","f,I,acc,pl","f,I,acc,sg","f,I,acc,pl","f,I,acc,pl","f,I,acc,pl","f,I,acc,pl","f,I,acc,pl","f,I,acc,pl","f,I,acc,pl","f,I,acc,pl"
"plaustra:genpl","n,II,gen,pl","n,II,gen,pl","n,III,acc,pl","f,II,acc,pl","n,II,acc,pl","n,II,acc,pl","n,II,acc,pl","n,II,acc,pl","n,II,acc,pl","n,II,acc,pl","n,II,acc,pl","n,II,acc,pl","n,II,acc,pl","n,II,acc,pl","n,II,acc,pl","n,II,acc,pl"
"plaustra:accpl","n,II,acc,pl","f,II,nom,pl","n,II,acc,pl","f,II,nom,pl","f,I,acc,sg","f,I,acc,pl","f,I,acc,pl","f,I,acc,sg","f,I,acc,pl","f,I,acc,pl","f,I,acc,pl","f,I,acc,pl","f,I,acc,pl","f,I,acc,pl","f,I,acc,pl","f,I,acc,pl"
"plebs:nomsg","f,III,nom,sg","f,III,nom,sg","f,III,nom,sg","f,III,acc,sg","f,III,acc,sg","f,III,acc,pl","f,III,acc,pl","f,III,acc,pl","f,III,acc,pl","f,III,acc,pl","f,III,acc,pl","f,III,acc,pl","f,III,acc,pl","f,III,acc,pl","f,III,acc,pl","f,III,acc,pl"
"plebs:gensg","f,III,gen,sg","f,III,gen,sg","f,III,acc,sg","f,III,acc,pl","f,III,acc,pl","f,III,acc,pl","f,III,acc,sg","f,III,acc,pl","f,III,acc,pl","f,III,acc,pl","f,III,acc,pl","f,III,acc,pl","f,III,acc,pl","f,III,acc,pl","f,III,acc,pl","f,III,acc,pl"
"plebs:accsg","f,III,acc,sg","f,III,gen,sg","n,III,acc,sg","f,III,acc,sg","f,III,acc,sg","f,III,acc,sg","f,III,acc,sg","f,III,acc,sg","f,III,acc,sg","f,III,acc,sg","f,III,acc,sg","f,III,acc,sg","f,III,acc,sg","f,III,acc,sg","f,III,acc,sg","f,III,acc,sg"
"plebs:nompl","f,III,nom,pl","f,III,gen,pl","n,III,acc,pl","f,III,acc,pl","f,III,acc,pl","f,III,acc,pl","f,III,acc,pl","f,III,acc,pl","f,III,acc,pl","f,III,acc,pl","f,III,acc,pl","f,III,acc,pl","f,III,acc,pl","f,III,acc,pl","f,III,acc,pl","f,III,acc,pl"
"plebs:genpl","f,III,gen,pl","f,III,gen,pl","f,III,acc,pl","f,III,acc,pl","f,III,acc,pl","f,III,acc,pl","f,III,acc,pl","f,III,acc,pl","f,III,acc,pl","f,III,acc,pl","f,III,acc,sg","f,III,acc,pl","f,III,acc,pl","f,III,acc,pl","n,II,acc,pl","f,III,acc,pl"
"plebs:accpl","f,III,acc,pl","f,III,gen,pl","n,III,acc,pl","f,III,acc,pl","f,III,acc,pl","f,III,acc,pl","f,III,acc,pl","f,III,acc,pl","f,III,acc,pl","f,III,acc,pl","f,III,acc,pl","f,III,acc,pl","f,III,acc,pl","f,III,acc,pl","f,III,acc,pl","f,III,acc,pl"
"plenitudo:nomsg","f,III,nom,sg","n,II,acc,pl","n,II,acc,pl","n,II,acc,pl","n,II,acc,pl","n,II,acc,pl","n,II,acc,pl","n,II,acc,pl","n,II,acc,pl","n,II,acc,pl","n,II,acc,pl","n,II,acc,pl","n,II,acc,pl","n,II,acc,pl","n,II,acc,pl","n,II,acc,pl"
"plenitudo:gensg","f,III,gen,sg","f,III,gen,sg","m,III,acc,sg","f,III,acc,sg","f,III,acc,sg","f,III,acc,sg","f,III,acc,sg","f,III,acc,sg","f,III,acc,sg","f,III,acc,sg","f,III,acc,sg","f,III,acc,sg","f,III,acc,sg","f,III,acc,sg","f,III,acc,sg","f,III,acc,sg"
"plenitudo:accsg","f,III,acc,sg","m,III,acc,sg","m,III,acc,sg","n,II,acc,sg","f,III,acc,sg","f,III,acc,sg","f,III,acc,sg","f,III,acc,sg","f,III,acc,sg","f,III,acc,sg","f,III,acc,sg","f,III,acc,sg","f,III,acc,sg","f,III,acc,sg","f,III,acc,sg","f,III,acc,sg"
"plenitudo:nompl","f,III,nom,pl","n,III,acc,pl","m,III,acc,pl","n,II,acc,pl","f,III,acc,pl","f,III,acc,pl","f,III,acc,sg","f,III,acc,sg","f,III,acc,sg","f,III,acc,sg","f,III,acc,pl","f,III,acc,sg","f,III,acc,sg","f,III,acc,sg","f,III,acc,sg","f,III,acc,sg"
"plenitudo:genpl","f,III,gen,pl","f,III,gen,pl","m,II,acc,pl","n,II,acc,pl","n,II,acc,pl","n,II,acc,pl","n,II,acc,pl","n,II,acc,sg","n,II,acc,sg","f,III,acc,sg","n,II,acc,pl","f,III,acc,sg","f,III,acc,sg","f,III,acc,sg","f,III,acc,sg","f,III,acc,sg"
"plenitudo:accpl","f,III,acc,pl","n,III,acc,pl","m,III,acc,pl","n,II,acc,pl","f,III,acc,pl","f,III,acc,pl","f,III,acc,sg","f,III,acc,sg","f,III,acc,sg","f,III,acc,sg","f,III,acc,pl","f,III,acc,sg","f,III,acc,sg","f,III,acc,sg","f,III,acc,sg","f,III,acc,sg"
"pluvia:nomsg","f,I,nom,sg","f,II,nom,sg","f,I,acc,sg","f,I,acc,sg","f,I,acc,sg","f,I,acc,sg","f,I,acc,sg","f,I,acc,sg","f,I,acc,pl","f,I,acc,pl","f,I,acc,pl","f,I,acc,pl","f,I,acc,pl","f,I,acc,pl","f,I,acc,pl","f,I,acc,pl"
"pluvia:gensg","f,I,gen,sg","f,I,acc,sg","f,I,acc,pl","f,I,acc,pl","f,I,acc,pl","f,I,acc,pl","f,I,acc,pl","f,I,acc,pl","f,I,acc,pl","f,I,acc,pl","f,I,acc,pl","f,I,acc,pl","f,I,acc,pl","f,I,acc,pl","f,I,acc,pl","f,I,acc,pl"
"pluvia:accsg","f,I,acc,sg","f,I,acc,sg","f,I,acc,sg","f,I,acc,sg","f,I,acc,sg","f,I,acc,sg","f,I,acc,sg","f,I,acc,sg","f,I,acc,sg","f,I,acc,sg","f,I,acc,sg","f,I,acc,sg","f,I,acc,sg","f,I,acc,sg","f,I,acc,sg","f,I,acc,sg"
"pluvia:nompl","f,I,nom,pl","f,I,acc,sg","f,I,acc,pl","f,I,acc,pl","f,I,acc,pl","f,I,acc,pl","f,I,acc,pl","f,I,acc,pl","f,I,acc,pl","f,I,acc,pl","f,I,acc,pl","f,I,acc,pl","f,I,acc,pl","f,I,acc,pl","f,I,acc,pl","f,I,acc,pl"
"pluvia:genpl","f,I,gen,pl","f,I,acc,pl","f,I,acc,pl","f,I,acc,pl","f,I,acc,pl","f,I,acc,pl","f,I,acc,pl","f,I,acc,pl","f,I,acc,pl","f,I,acc,pl","f,I,acc,pl","f,I,acc,pl","f,I,acc,pl","f,I,acc,pl","f,I,acc,pl","f,I,acc,pl"
"pluvia:accpl","f,I,acc,pl","f,I,acc,pl","f,I,acc,pl","f,I,acc,pl","f,I,acc,pl","f,I,acc,pl","f,I,acc,pl","f,I,acc,pl","f,I,acc,pl","f,I,acc,pl","f,I,acc,pl","f,I,acc,pl","f,I,acc,pl","f,I,acc,pl","f,I,acc,pl","f,I,acc,pl"
"poena:nomsg","f,I,nom,sg","n,II,nom,pl","f,I,acc,pl","f,I,acc,pl","f,I,acc,pl","f,I,acc,pl","f,I,acc,pl","f,I,acc,pl","f,I,acc,pl","f,I,acc,pl","f,I,acc,pl","f,I,acc,pl","f,I,acc,pl","f,I,acc,pl","f,I,acc,pl","f,I,acc,pl"
"poena:gensg","f,I,gen,sg","f,I,acc,pl","f,I,acc,pl","f,I,acc,pl","f,I,acc,pl","f,I,acc,pl","f,I,acc,pl","f,I,acc,pl","f,I,acc,pl","f,I,acc,pl","f,I,acc,pl","f,I,acc,pl","f,I,acc,pl","f,I,acc,pl","f,I,acc,pl","f,I,acc,pl"
"poena:accsg","f,I,acc,sg","f,I,acc,sg","f,I,acc,sg","f,I,acc,sg","f,I,acc,sg","f,I,acc,sg","f,I,acc,sg","f,I,acc,sg","f,I,acc,sg","f,I,acc,sg","f,I,acc,sg","f,I,acc,sg","f,I,acc,sg","f,I,acc,sg","f,I,acc,sg","f,I,acc,sg"
"poena:nompl","f,I,nom,pl","f,I,acc,pl","f,I,acc,pl","f,I,acc,pl","f,I,acc,pl","f,I,acc,pl","f,I,acc,pl","f,I,acc,pl","f,I,acc,pl","f,I,acc,pl","f,I,acc,pl","f,I,acc,pl","f,I,acc,pl","f,I,acc,pl","f,I,acc,pl","f,I,acc,pl"
"poena:genpl","f,I,gen,pl","f,I,gen,pl","f,I,acc,pl","f,I,acc,pl","f,I,acc,pl","f,I,acc,pl","f,I,acc,pl","f,I,acc,pl","f,I,acc,pl","f,I,acc,pl","f,I,acc,pl","f,I,acc,pl","f,I,acc,pl","f,I,acc,pl","f,I,acc,pl","f,I,acc,pl"
"poena:accpl","f,I,acc,pl","f,I,acc,pl","f,I,acc,pl","f,I,acc,pl","f,I,acc,pl","f,I,acc,pl","f,I,acc,pl","f,I,acc,pl","f,I,acc,pl","f,I,acc,pl","f,I,acc,pl","f,I,acc,pl","f,I,acc,pl","f,I,acc,pl","f,I,acc,pl","f,I,acc,pl"
"pomum:nomsg","n,II,nom,sg","n,II,acc,sg","n,II,acc,sg","n,II,acc,sg","n,II,acc,sg","n,II,acc,sg","n,II,acc,sg","n,II,acc,sg","n,II,acc,sg","n,II,acc,sg","n,II,acc,sg","n,II,acc,sg","n,II,acc,sg","n,II,acc,sg","n,II,acc,sg","n,II,acc,sg"
"pomum:gensg","n,II,gen,sg","n,II,gen,pl","n,II,acc,pl","n,II,acc,pl","n,II,acc,pl","n,II,acc,pl","n,II,acc,pl","n,II,acc,pl","n,II,acc,pl","n,II,acc,pl","n,II,acc,pl","n,II,acc,pl","f,III,acc,pl","n,II,acc,pl","n,II,acc,pl","n,II,acc,pl"
"pomum:accsg","n,II,acc,sg","n,II,acc,sg","n,II,acc,sg","n,II,acc,sg","n,II,acc,sg","n,II,acc,sg","n,II,acc,sg","n,II,acc,sg","n,II,acc,sg","n,II,acc,sg","n,II,acc,sg","n,II,acc,sg","n,II,acc,sg","n,II,acc,sg","n,II,acc,sg","n,II,acc,sg"
"pomum:nompl","n,II,nom,pl","n,II,nom,pl","n,II,acc,pl","f,I,acc,pl","f,I,acc,pl","f,I,acc,pl","f,I,acc,pl","f,I,acc,pl","f,I,acc,pl","f,I,acc,pl","f,I,acc,pl","f,I,acc,pl","f,I,acc,pl","f,I,acc,pl","f,I,acc,pl","f,I,acc,pl"
"pomum:genpl","n,II,gen,pl","n,II,gen,pl","n,II,acc,pl","n,II,acc,pl","n,II,acc,pl","n,II,acc,pl","n,II,acc,pl","n,II,acc,pl","n,II,acc,pl","n,II,acc,pl","n,II,acc,pl","n,II,acc,pl","f,II,acc,pl","n,II,acc,sg","n,II,acc,pl","n,II,acc,pl"
"pomum:accpl","n,II,acc,pl","n,II,nom,pl","n,II,acc,pl","f,I,acc,pl","f,I,acc,pl","f,I,acc,pl","f,I,acc,pl","f,I,acc,pl","f,I,acc,pl","f,I,acc,pl","f,I,acc,pl","f,I,acc,pl","f,I,acc,pl","f,I,acc,pl","f,I,acc,pl","f,I,acc,pl"
"pondus:nomsg","n,III,nom,sg","n,II,nom,sg","n,II,nom,sg","n,II,nom,sg","n,II,acc,sg","n,II,acc,sg","n,II,acc,sg","n,II,acc,sg","n,II,acc,sg","n,II,acc,sg","n,II,acc,sg","n,II,acc,sg","n,II,acc,sg","n,II,acc,sg","n,II,acc,sg","n,II,acc,sg"
"pondus:gensg","n,III,gen,sg","f,III,acc,sg","m,III,acc,sg","f,III,acc,sg","f,III,acc,sg","f,III,acc,sg","f,III,acc,sg","f,III,acc,sg","f,III,acc,sg","f,III,acc,sg","f,III,acc,sg","f,III,acc,sg","f,III,acc,sg","f,III,acc,sg","f,III,acc,sg","f,III,acc,sg"
"pondus:accsg","n,III,acc,sg","n,II,nom,sg","n,II,nom,sg","n,II,nom,sg","n,II,acc,sg","n,II,acc,sg","n,II,acc,sg","n,II,acc,sg","n,II,acc,sg","n,II,acc,sg","n,II,acc,sg","n,II,acc,sg","n,II,acc,sg","n,II,acc,sg","n,II,acc,sg","n,II,acc,sg"
"pondus:nompl","n,III,nom,pl","n,III,acc,pl","n,III,acc,sg","f,III,acc,pl","f,III,acc,pl","f,III,acc,pl","f,III,acc,sg","f,III,acc,pl","f,III,acc,pl","f,III,acc,pl","f,III,acc,sg","f,III,acc,sg","f,III,acc,sg","f,III,acc,sg","f,III,acc,sg","f,III,acc,sg"
"pondus:genpl","n,III,gen,pl","n,III,gen,pl","f,III,acc,pl","f,III,acc,pl","f,III,acc,pl","f,III,acc,sg","f,III,acc,sg","f,III,acc,sg","f,III,acc,sg","f,III,acc,sg","f,III,acc,sg","f,III,acc,sg","f,III,acc,sg","f,III,acc,sg","f,III,acc,sg","f,III,acc,sg"
"pondus:accpl","n,III,acc,pl","n,III,acc,pl","n,III,acc,sg","f,III,acc,pl","f,III,acc,pl","f,III,acc,pl","f,III,acc,sg","f,III,acc,pl","f,III,acc,pl","f,III,acc,pl","f,III,acc,sg","f,III,acc,sg","f,III,acc,sg","f,III,acc,sg","f,III,acc,sg","f,III,acc,sg"
"pons:nomsg","m,III,nom,sg","n,III,nom,sg","n,III,nom,sg","f,III,nom,sg","f,III,acc,sg","f,III,acc,sg","f,III,acc,sg","f,III,acc,sg","f,III,acc,sg","f,III,acc,sg","f,III,acc,sg","f,III,acc,sg","f,III,acc,sg","f,II,acc,sg","f,II,acc,sg","f,II,acc,sg"
"pons:gensg","m,III,gen,sg","f,III,acc,sg","f,III,acc,sg","f,III,acc,sg","f,III,acc,sg","f,III,acc,sg","f,III,acc,sg","f,III,acc,sg","f,III,acc,sg","f,III,acc,sg","f,III,acc,sg","f,III,acc,sg","f,III,acc,sg","f,III,acc,sg","f,III,acc,sg","f,III,acc,sg"
"pons:accsg","m,III,acc,sg","f,III,acc,sg","f,III,acc,sg","f,III,acc,sg","f,III,acc,sg","f,III,acc,sg","f,III,acc,sg","f,III,acc,sg","f,III,acc,sg","f,III,acc,sg","f,III,acc,sg","f,III,acc,sg","f,III,acc,sg","f,III,acc,sg","f,III,acc,sg","f,III,acc,sg"
"pons:nompl","m,III,nom,pl","f,III,acc,pl","f,III,acc,pl","f,III,acc,pl","f,III,acc,pl","f,III,acc,pl","f,III,acc,pl","f,III,acc,pl","f,III,acc,pl","f,III,acc,pl","f,III,acc,pl","f,III,acc,pl","f,III,acc,pl","f,III,acc,pl","f,III,acc,pl","f,III,acc,pl"
"pons:genpl","m,III,gen,pl","f,III,gen,pl","f,III,acc,pl","f,III,acc,pl","f,III,acc,sg","f,III,acc,sg","f,III,acc,sg","f,III,acc,sg","f,III,acc,sg","f,III,acc,sg","f,III,acc,sg","f,III,acc,sg","f,III,acc,sg","f,III,acc,sg","f,III,acc,sg","f,III,acc,sg"
"pons:accpl","m,III,acc,pl","f,III,acc,pl","f,III,acc,pl","f,III,acc,pl","f,III,acc,pl","f,III,acc,pl","f,III,acc,pl","f,III,acc,pl","f,III,acc,pl","f,III,acc,pl","f,III,acc,pl","f,III,acc,pl","f,III,acc,pl","f,III,acc,pl","f,III,acc,pl","f,III,acc,pl"
"pontus:nomsg","m,II,nom,sg","n,II,acc,sg","n,II,acc,sg","n,II,nom,sg","n,II,nom,sg","n,II,acc,sg","n,II,acc,sg","n,II,acc,sg","n,II,acc,sg","n,II,acc,sg","n,II,acc,sg","n,II,acc,sg","n,II,acc,sg","n,II,acc,sg","n,II,acc,sg","n,II,acc,sg"
"pontus:gensg","m,II,gen,sg","n,II,gen,pl","n,II,acc,pl","n,II,acc,pl","n,II,acc,pl","n,II,acc,pl","n,II,acc,pl","n,II,acc,pl","n,II,acc,pl","n,II,acc,pl","n,II,acc,pl","n,II,acc,pl","n,II,acc,pl","n,II,acc,pl","n,II,acc,pl","n,II,acc,pl"
"pontus:accsg","m,II,acc,sg","n,II,acc,sg","n,II,acc,sg","n,II,acc,sg","n,II,acc,sg","n,II,acc,sg","n,II,acc,sg","n,II,acc,sg","n,II,acc,sg","n,II,acc,sg","n,II,acc,sg","n,II,acc,sg","n,II,acc,sg","n,II,acc,sg","n,II,acc,sg","n,II,acc,sg"
"pontus:nompl","m,II,nom,pl","n,II,gen,pl","n,II,acc,pl","n,II,acc,pl","n,II,acc,pl","n,II,acc,pl","n,II,acc,pl","n,II,acc,pl","n,II,acc,pl","n,II,acc,pl","n,II,acc,pl","n,II,acc,pl","n,II,acc,pl","n,II,acc,pl","n,II,acc,pl","n,II,acc,pl"
"pontus:genpl","m,II,gen,pl","n,II,gen,pl","n,II,acc,pl","f,II,acc,pl","f,II,acc,pl","n,II,acc,pl","n,II,acc,pl","n,II,acc,pl","n,II,acc,pl","n,II,acc,pl","n,II,acc,pl","n,II,acc,pl","n,II,acc,pl","n,II,acc,pl","n,II,acc,pl","n,II,acc,pl"
"pontus:accpl","m,II,acc,pl","m,II,acc,pl","m,III,acc,pl","f,III,acc,pl","f,III,acc,pl","f,III,acc,pl","f,III,acc,pl","f,III,acc,pl","n,II,acc,pl","n,II,acc,pl","n,II,acc,pl","f,III,acc,pl","n,II,acc,pl","n,II,acc,pl","n,II,acc,pl","n,II,acc,pl"
"populus:nomsg","m,II,nom,sg","m,II,nom,sg","n,II,acc,sg","n,II,acc,sg","n,II,acc,sg","n,II,acc,sg","n,II,acc,sg","n,II,acc,sg","n,II,acc,sg","n,II,acc,sg","n,II,acc,sg","n,II,acc,sg","n,II,acc,sg","n,II,acc,sg","n,II,acc,sg","n,II,acc,sg"
"populus:gensg","m,II,gen,sg","n,II,gen,sg","n,II,acc,pl","n,II,acc,pl","n,II,acc,pl","n,II,acc,pl","n,II,acc,pl","n,II,acc,pl","n,II,acc,pl","n,II,acc,pl","n,II,acc,pl","n,II,acc,pl","n,II,acc,pl","n,II,acc,pl","n,II,acc,pl","n,II,acc,pl"
"populus:accsg","m,II,acc,sg","n,II,acc,sg","n,II,acc,sg","n,II,acc,sg","n,II,acc,sg","n,II,acc,sg","n,II,acc,sg","n,II,acc,sg","n,II,acc,sg","n,II,acc,sg","n,II,acc,sg","n,II,acc,sg","n,II,acc,sg","n,II,acc,sg","n,II,acc,sg","n,II,acc,sg"
"populus:nompl","m,II,nom,pl","n,II,gen,sg","n,II,acc,pl","n,II,acc,pl","n,II,acc,pl","n,II,acc,pl","n,II,acc,pl","n,II,acc,pl","n,II,acc,pl","n,II,acc,pl","n,II,acc,pl","n,II,acc,pl","n,II,acc,pl","n,II,acc,pl","n,II,acc,pl","n,II,acc,pl"
"populus:genpl","m,II,gen,pl","n,II,gen,pl","n,II,acc,pl","f,I,acc,pl","n,II,acc,pl","n,II,acc,pl","n,II,acc,pl","n,II,acc,pl","n,II,acc,pl","n,II,acc,pl","n,II,acc,pl","n,II,acc,pl","n,II,acc,pl","n,II,acc,pl","n,II,acc,pl","n,II,acc,pl"
"populus:accpl","m,II,acc,pl","m,II,acc,pl","n,II,acc,pl","n,II,acc,pl","n,II,acc,pl","n,II,acc,sg","n,II,acc,sg","n,II,acc,pl","n,II,acc,pl","n,II,acc,pl","n,II,acc,pl","n,II,acc,pl","n,II,acc,pl","n,II,acc,pl","n,II,acc,pl","n,II,acc,pl"
"porcus:nomsg","m,II,nom,sg","n,III,acc,sg","m,II,nom,sg","n,II,nom,sg","n,II,acc,sg","f,II,acc,sg","n,II,acc,sg","n,II,acc,sg","n,II,acc,sg","n,II,acc,sg","n,II,acc,sg","n,II,acc,sg","n,II,acc,sg","n,II,acc,sg","n,II,acc,sg","n,II,acc,sg"
"porcus:gensg","m,II,gen,sg","n,II,gen,pl","n,II,acc,pl","n,II,acc,pl","n,II,acc,pl","f,III,acc,pl","n,II,acc,pl","n,II,acc,pl","n,II,acc,pl","n,II,acc,pl","n,II,acc,pl","n,II,acc,pl","n,II,acc,pl","n,II,acc,pl","n,II,acc,pl","n,II,acc,pl"
"porcus:accsg","m,II,acc,sg","n,II,acc,sg","n,II,acc,sg","n,II,acc,sg","n,II,acc,sg","n,II,acc,sg","n,II,acc,sg","n,II,acc,sg","n,II,acc,sg","n,II,acc,sg","n,II,acc,sg","n,II,acc,sg","n,II,acc,sg","n,II,acc,sg","n,II,acc,sg","n,II,acc,sg"
"porcus:nompl","m,II,nom,pl","n,II,gen,pl","n,II,acc,pl","n,II,acc,pl","n,II,acc,pl","f,III,acc,pl","n,II,acc,pl","n,II,acc,pl","n,II,acc,pl","n,II,acc,pl","n,II,acc,pl","n,II,acc,pl","n,II,acc,pl","n,II,acc,pl","n,II,acc,pl","n,II,acc,pl"
"porcus:genpl","m,II,gen,pl","n,II,gen,pl","f,III,acc,sg","n,III,acc,pl","f,III,acc,pl","f,III,acc,pl","f,III,acc,pl","n,II,acc,pl","n,II,acc,pl","n,II,acc,pl","n,II,acc,pl","n,II,acc,pl","n,II,acc,pl","n,II,acc,pl","n,II,acc,pl","n,II,acc,pl"
"porcus:accpl","m,II,acc,pl","m,II,acc,pl","m,III,acc,sg","f,III,acc,pl","f,III,acc,pl","f,III,acc,pl","n,II,acc,pl","n,II,acc,pl","f,III,acc,pl","n,II,acc,pl","n,II,acc,pl","n,II,acc,pl","n,II,acc,pl","n,II,acc,pl","n,II,acc,pl","n,II,acc,pl"
"porta:nomsg","f,I,nom,sg","n,II,acc,pl","f,I,acc,pl","f,I,acc,pl","f,I,acc,pl","f,I,acc,pl","f,I,acc,pl","f,I,acc,pl","f,I,acc,pl","f,I,acc,pl","f,I,acc,pl","f,I,acc,pl","f,I,acc,pl","f,I,acc,pl","f,I,acc,pl","f,I,acc,pl"
"porta:gensg","f,I,gen,sg","f,I,acc,pl","f,I,acc,pl","f,I,acc,pl","f,I,acc,pl","f,I,acc,pl","f,I,acc,pl","f,I,acc,pl","f,I,acc,pl","f,I,acc,pl","f,I,acc,pl","f,I,acc,pl","f,I,acc,pl","f,I,acc,pl","f,I,acc,pl","f,I,acc,pl"
"porta:accsg","f,I,acc,sg","f,I,acc,sg","f,I,acc,sg","f,I,acc,sg","f,I,acc,sg","f,I,acc,sg","f,I,acc,sg","f,III,acc,sg","f,I,acc,sg","f,I,acc,sg","f,I,acc,sg","f,I,acc,sg","f,I,acc,sg","f,I,acc,sg","f,I,acc,sg","f,I,acc,sg"
"porta:nompl","f,I,nom,pl","f,I,acc,pl","f,I,acc,pl","f,I,acc,pl","f,I,acc,pl","f,I,acc,pl","f,I,acc,pl","f,I,acc,pl","f,I,acc,pl","f,I,acc,pl","f,I,acc,pl","f,I,acc,pl","f,I,acc,pl","f,I,acc,pl","f,I,acc,pl","f,I,acc,pl"
"porta:genpl","f,I,gen,pl","f,I,gen,pl","f,I,acc,pl","f,I,acc,pl","f,I,acc,pl","f,I,acc,pl","f,I,acc,pl","f,III,acc,pl","f,I,acc,pl","f,I,acc,pl","f,I,acc,pl","f,I,acc,pl","f,I,acc,pl","f,I,acc,pl","f,I,acc,pl","f,I,acc,pl"
"porta:accpl","f,I,acc,pl","f,I,acc,pl","f,I,acc,pl","f,I,acc,pl","f,I,acc,pl","f,I,acc,pl","f,I,acc,pl","f,I,acc,pl","f,I,acc,pl","f,I,acc,pl","f,I,acc,pl","f,I,acc,pl","f,I,acc,pl","f,I,acc,pl","f,I,acc,pl","f,I,acc,pl"
"potestas:nomsg","f,III,nom,sg","f,III,nom,sg","f,I,nom,sg","f,I,acc,sg","f,I,acc,sg","f,I,acc,sg","f,I,acc,sg","f,I,acc,sg","f,I,acc,pl","f,I,acc,sg","f,I,acc,sg","f,I,acc,sg","f,I,acc,pl","f,I,acc,pl","f,I,acc,pl","f,I,acc,pl"
"potestas:gensg","f,III,gen,sg","f,III,gen,sg","f,III,acc,sg","f,III,acc,pl","f,III,acc,sg","f,III,acc,sg","f,III,acc,sg","f,III,acc,sg","f,III,acc,pl","f,III,acc,pl","f,III,acc,pl","f,I,acc,pl","f,III,acc,pl","f,III,acc,pl","f,III,acc,pl","f,III,acc,pl"
"potestas:accsg","f,III,acc,sg","f,III,acc,sg","f,III,acc,sg","f,III,acc,sg","f,III,acc,sg","f,III,acc,sg","f,III,acc,sg","f,III,acc,sg","f,III,acc,pl","f,III,acc,sg","f,III,acc,sg","f,III,acc,sg","f,III,acc,sg","f,III,acc,sg","f,III,acc,sg","f,III,acc,sg"
"potestas:nompl","f,III,nom,pl","n,III,acc,pl","f,III,acc,pl","f,III,acc,pl","f,III,acc,pl","f,III,acc,sg","f,III,acc,sg","f,III,acc,sg","f,III,acc,pl","f,III,acc,pl","f,III,acc,pl","f,III,acc,pl","f,III,acc,pl","f,III,acc,pl","f,III,acc,pl","f,III,acc,pl"
"potestas:genpl","f,III,gen,pl","f,III,gen,pl","f,I,acc,pl","f,I,acc,pl","f,II,acc,pl","f,I,acc,pl","f,I,acc,pl","f,I,acc,pl","f,I,acc,pl","f,I,acc,pl","f,I,acc,pl","f,I,acc,pl","f,I,acc,pl","n,II,acc,pl","f,I,acc,pl","f,I,acc,pl"
"potestas:accpl","f,III,acc,pl","n,III,acc,pl","f,III,acc,pl","f,III,acc,pl","f,III,acc,pl","f,III,acc,sg","f,III,acc,sg","f,III,acc,sg","f,III,acc,pl","f,III,acc,pl","f,III,acc,pl","f,III,acc,pl","f,III,acc,pl","f,III,acc,pl","f,III,acc,pl","f,III,acc,pl"
"praeceptor:nomsg","m,III,nom,sg","n,II,nom,sg","n,II,acc,sg","n,II,acc,sg","n,II,acc,sg","f,III,acc,sg","f,III,acc,sg","f,III,acc,sg","f,III,acc,pl","f,III,acc,sg","n,II,acc,sg","f,I,acc,sg","f,III,acc,sg","f,I,acc,sg","f,III,acc,sg","f,III,acc,sg"
"praeceptor:gensg","m,III,gen,sg","n,III,acc,pl","m,II,acc,pl","f,III,acc,sg","f,III,acc,sg","f,III,acc,sg","f,III,acc,sg","f,III,acc,sg","f,III,acc,pl","f,III,acc,pl","f,III,acc,pl","f,III,acc,pl","f,III,acc,sg","f,III,acc,pl","f,III,acc,pl","f,III,acc,pl"
"praeceptor:accsg","m,III,acc,sg","n,III,acc,pl","f,II,acc,pl","f,III,acc,sg","f,III,acc,sg","f,III,acc,sg","f,III,acc,sg","f,III,acc,sg","f,III,acc,pl","f,III,acc,sg","f,III,acc,sg","f,III,acc,sg","f,III,acc,sg","f,III,acc,sg","f,III,acc,sg","f,III,acc,sg"
"praeceptor:nompl","m,III,nom,pl","n,II,nom,pl","f,II,acc,pl","f,III,acc,pl","f,III,acc,pl","f,III,acc,pl","f,III,acc,pl","f,III,acc,pl","f,III,acc,pl","f,III,acc,pl","f,III,acc,pl","f,III,acc,pl","f,III,acc,sg","f,III,acc,pl","f,III,acc,pl","f,III,acc,pl"
"praeceptor:genpl","m,III,gen,pl","n,II,gen,pl","n,II,acc,pl","f,II,acc,sg","f,II,acc,pl","f,III,acc,pl","n,II,acc,pl","n,II,acc,sg","n,II,acc,pl","n,II,acc,sg","n,II,acc,pl","n,II,acc,pl","n,II,acc,sg","n,II,acc,pl","n,II,acc,pl","n,II,acc,pl"
"praeceptor:accpl","m,III,acc,pl","n,II,nom,pl","f,II,acc,pl","f,III,acc,pl","f,III,acc,pl","f,III,acc,pl","f,III,acc,pl","f,III,acc,pl","f,III,acc,pl","f,III,acc,pl","f,III,acc,pl","f,III,acc,pl","f,III,acc,sg","f,III,acc,pl","f,III,acc,pl","f,III,acc,pl"
"pretium:nomsg","n,II,nom,sg","n,II,acc,sg","n,II,acc,sg","n,II,acc,sg","n,II,acc,sg","n,II,acc,sg","n,II,acc,sg","n,II,acc,sg","n,II,acc,sg","n,II,acc,sg","n,II,acc,sg","n,II,acc,sg","n,II,acc,sg","n,II,acc,sg","n,II,acc,sg","n,II,acc,sg"
"pretium:gensg","n,II,gen,sg","n,II,acc,sg","n,II,acc,pl","n,II,acc,pl","n,II,acc,pl","n,II,acc,pl","n,II,acc,pl","n,II,acc,pl","n,II,acc,pl","n,II,acc,pl","n,II,acc,pl","n,II,acc,pl","n,II,acc,pl","n,II,acc,pl","n,II,acc,pl","n,II,acc,pl"
"pretium:accsg","n,II,acc,sg","n,II,acc,sg","n,II,acc,sg","n,II,acc,sg","n,II,acc,sg","n,II,acc,sg","n,II,acc,sg","n,II,acc,sg","n,II,acc,sg","n,II,acc,sg","n,II,acc,sg","n,II,acc,sg","n,II,acc,sg","n,II,acc,sg","n,II,acc,sg","n,II,acc,sg"
"pretium:nompl","n,II,nom,pl","n,II,acc,pl","f,I,nom,sg","f,I,acc,pl","f,I,acc,pl","f,I,acc,pl","f,I,acc,pl","f,I,acc,pl","f,I,acc,pl","f,I,acc,pl","f,I,acc,pl","f,I,acc,pl","f,I,acc,pl","f,I,acc,pl","f,I,acc,pl","f,I,acc,pl"
"pretium:genpl","n,II,gen,pl","n,II,acc,pl","n,II,acc,pl","f,II,acc,pl","n,II,acc,pl","f,II,acc,pl","n,II,acc,pl","n,II,acc,pl","n,II,acc,pl","n,II,acc,pl","n,II,acc,pl","n,II,acc,pl","n,II,acc,pl","n,II,acc,pl","n,II,acc,pl","n,II,acc,pl"
"pretium:accpl","n,II,acc,pl","n,II,acc,pl","f,I,nom,sg","f,I,acc,pl","f,I,acc,pl","f,I,acc,pl","f,I,acc,pl","f,I,acc,pl","f,I,acc,pl","f,I,acc,pl","f,I,acc,pl","f,I,acc,pl","f,I,acc,pl","f,I,acc,pl","f,I,acc,pl","f,I,acc,pl"
"princeps:nomsg","m,III,nom,sg","m,III,acc,sg","f,III,nom,sg","f,III,acc,sg","f,III,acc,sg","f,III,acc,sg","f,III,acc,sg","f,III,acc,sg","f,III,acc,sg","f,III,acc,sg","f,III,acc,sg","f,III,acc,sg","f,III,acc,sg","f,III,acc,sg","f,III,acc,sg","f,III,acc,sg"
"princeps:gensg","m,III,gen,sg","f,III,acc,sg","m,III,acc,sg","f,III,acc,sg","f,III,acc,sg","f,III,acc,sg","f,III,acc,sg","f,III,acc,sg","f,III,acc,sg","f,III,acc,sg","f,III,acc,sg","f,III,acc,pl","f,III,acc,sg","f,III,acc,sg","f,III,acc,sg","f,III,acc,sg"
"princeps:accsg","m,III,acc,sg","f,III,acc,sg","f,III,acc,sg","f,III,acc,sg","f,III,acc,sg","f,III,acc,sg","f,III,acc,sg","f,III,acc,sg","f,III,acc,sg","f,III,acc,sg","f,III,acc,sg","f,III,acc,sg","f,III,acc,sg","f,III,acc,sg","f,III,acc,sg","f,III,acc,sg"
"princeps:nompl","m,III,nom,pl","n,III,acc,pl","f,III,acc,sg","f,III,acc,pl","f,III,acc,pl","f,III,acc,pl","f,III,acc,pl","f,III,acc,sg","f,III,acc,sg","f,III,acc,sg","f,III,acc,sg","f,III,acc,sg","f,III,acc,sg","f,III,acc,sg","f,III,acc,sg","f,III,acc,sg"
"princeps:genpl","m,III,gen,pl","f,III,gen,pl","f,III,acc,pl","f,III,acc,pl","f,III,acc,pl","f,III,acc,sg","f,III,acc,sg","f,III,acc,sg","n,II,acc,sg","f,III,acc,sg","f,III,acc,sg","f,III,acc,sg","f,III,acc,sg","f,III,acc,sg","f,III,acc,sg","f,III,acc,sg"
"princeps:accpl","m,III,acc,pl","n,III,acc,pl","f,III,acc,sg","f,III,acc,pl","f,III,acc,pl","f,III,acc,pl","f,III,acc,pl","f,III,acc,sg","f,III,acc,sg","f,III,acc,sg","f,III,acc,sg","f,III,acc,sg","f,III,acc,sg","f,III,acc,sg","f,III,acc,sg","f,III,acc,sg"
"propheta:nomsg","m,I,nom,sg","n,II,nom,pl","n,II,acc,sg","f,I,acc,sg","f,I,acc,sg","f,I,acc,pl","f,I,acc,pl","f,I,acc,pl","f,I,acc,pl","f,I,acc,sg","f,I,acc,sg","f,I,acc,pl","f,I,acc,pl","f,I,acc,pl","f,I,acc,pl","f,I,acc,pl"
"propheta:gensg","m,I,gen,sg","f,I,acc,sg","f,I,acc,pl","f,I,acc,pl","f,I,acc,pl","f,I,acc,pl","f,I,acc,pl","f,I,acc,pl","f,I,acc,pl","f,I,acc,pl","f,I,acc,pl","f,I,acc,pl","f,I,acc,pl","f,I,acc,pl","f,I,acc,pl","f,I,acc,pl"
"propheta:accsg","m,I,acc,sg","f,I,acc,sg","f,I,acc,sg","f,I,acc,sg","f,I,acc,sg","f,I,acc,sg","f,I,acc,sg","f,I,acc,sg","f,I,acc,sg","f,I,acc,sg","f,I,acc,sg","f,I,acc,sg","f,I,acc,sg","f,I,acc,sg","f,I,acc,sg","f,I,acc,sg"
"propheta:nompl","m,I,nom,pl","f,I,acc,sg","f,I,acc,pl","f,I,acc,pl","f,I,acc,pl","f,I,acc,pl","f,I,acc,pl","f,I,acc,pl","f,I,acc,pl","f,I,acc,pl","f,I,acc,pl","f,I,acc,pl","f,I,acc,pl","f,I,acc,pl","f,I,acc,pl","f,I,acc,pl"
"propheta:genpl","m,I,gen,pl","f,I,gen,pl","f,I,acc,pl","f,I,acc,pl","f,I,acc,pl","f,I,acc,pl","f,I,acc,pl","f,I,acc,pl","f,I,acc,pl","f,I,acc,sg","f,I,acc,pl","f,I,acc,pl","f,I,acc,pl","f,I,acc,pl","f,I,acc,pl","f,I,acc,pl"
"propheta:accpl","m,I,acc,pl","m,I,acc,sg","f,I,acc,pl","f,I,acc,pl","f,I,acc,pl","f,I,acc,pl","f,I,acc,pl","f,I,acc,pl","f,I,acc,pl","f,I,acc,pl","f,I,acc,pl","f,I,acc,pl","f,I,acc,pl","f,I,acc,pl","f,I,acc,pl","f,I,acc,pl"
"providens:nomsg","m,III,nom,sg","f,III,acc,sg","f,III,nom,sg","f,III,nom,sg","f,III,acc,sg","f,III,acc,sg","f,III,acc,sg","f,III,acc,pl","f,III,acc,sg","f,III,acc,sg","n,II,acc,pl","f,III,acc,pl","f,III,acc,sg","f,III,acc,sg","f,III,acc,sg","f,III,acc,pl"
"providens:gensg","m,III,gen,sg","m,III,acc,sg","m,III,acc,sg","f,III,acc,sg","f,III,acc,sg","f,III,acc,sg","f,III,acc,sg","f,III,acc,sg","f,III,acc,sg","f,III,acc,sg","f,III,acc,sg","f,III,acc,sg","f,III,acc,sg","f,III,acc,sg","f,III,acc,sg","f,III,acc,sg"
"providens:accsg","m,III,acc,sg","m,III,acc,sg","f,III,acc,sg","f,III,acc,sg","f,III,acc,sg","f,III,acc,sg","f,III,acc,sg","f,III,acc,sg","f,III,acc,sg","f,III,acc,sg","f,III,acc,sg","f,III,acc,sg","f,III,acc,sg","f,III,acc,sg","f,III,acc,sg","f,III,acc,sg"
"providens:nompl","m,III,nom,pl","m,III,acc,sg","m,III,acc,sg","f,III,acc,sg","f,III,acc,sg","f,III,acc,sg","f,III,acc,sg","f,III,acc,sg","f,III,acc,sg","f,III,acc,sg","f,III,acc,sg","f,III,acc,sg","f,III,acc,sg","f,III,acc,sg","f,III,acc,sg","f,III,acc,sg"
"providens:genpl","m,III,gen,pl","m,III,acc,sg","f,III,acc,sg","f,I,acc,sg","f,III,acc,sg","f,III,acc,sg","f,III,acc,sg","f,III,acc,sg","f,III,acc,sg","f,III,acc,sg","f,III,acc,sg","f,III,acc,sg","f,II,acc,sg","f,III,acc,sg","f,III,acc,sg","f,III,acc,sg"
"providens:accpl","m,III,acc,pl","m,III,acc,sg","m,III,acc,sg","f,III,acc,sg","f,III,acc,sg","f,III,acc,sg","f,III,acc,sg","f,III,acc,sg","f,III,acc,sg","f,III,acc,sg","f,III,acc,sg","f,III,acc,sg","f,III,acc,sg","f,III,acc,sg","f,III,acc,sg","f,III,acc,sg"
"prunum:nomsg","n,II,nom,sg","n,II,acc,sg","n,II,acc,sg","n,II,acc,sg","n,II,acc,sg","n,II,acc,sg","n,II,acc,sg","n,II,acc,sg","n,II,acc,sg","n,II,acc,sg","n,II,acc,sg","n,II,acc,sg","n,II,acc,sg","n,II,acc,sg","n,II,acc,sg","n,II,acc,sg"
"prunum:gensg","n,II,gen,sg","m,II,acc,pl","n,II,acc,sg","n,II,acc,pl","n,II,acc,pl","n,II,acc,pl","n,II,acc,pl","n,II,acc,pl","n,II,acc,pl","n,II,acc,pl","n,II,acc,pl","n,II,acc,pl","n,II,acc,pl","n,II,acc,pl","n,II,acc,pl","n,II,acc,pl"
"prunum:accsg","n,II,acc,sg","n,II,acc,sg","n,II,acc,sg","n,II,acc,sg","n,II,acc,sg","n,II,acc,sg","n,II,acc,sg","n,II,acc,sg","n,II,acc,sg","n,II,acc,sg","n,II,acc,sg","n,II,acc,sg","n,II,acc,sg","n,II,acc,sg","n,II,acc,sg","n,II,acc,sg"
"prunum:nompl","n,II,nom,pl","f,II,nom,sg","n,II,nom,pl","f,I,acc,pl","f,I,acc,pl","f,I,acc,pl","f,I,acc,pl","f,I,acc,pl","f,I,acc,pl","f,I,acc,pl","f,I,acc,pl","f,I,acc,pl","f,I,acc,pl","f,I,acc,pl","f,I,acc,pl","f,I,acc,pl"
"prunum:genpl","n,II,gen,pl","n,III,gen,pl","n,II,acc,pl","n,II,acc,pl","n,II,acc,pl","n,II,acc,pl","n,II,acc,pl","n,II,acc,pl","n,II,acc,pl","n,II,acc,pl","n,II,acc,pl","n,II,acc,pl","n,II,acc,pl","n,II,acc,pl","n,II,acc,pl","n,II,acc,pl"
"prunum:accpl","n,II,acc,pl","f,II,nom,sg","n,II,nom,pl","f,I,acc,pl","f,I,acc,pl","f,I,acc,pl","f,I,acc,pl","f,I,acc,pl","f,I,acc,pl","f,I,acc,pl","f,I,acc,pl","f,I,acc,pl","f,I,acc,pl","f,I,acc,pl","f,I,acc,pl","f,I,acc,pl"
"psalmus:nomsg","m,II,nom,sg","m,II,nom,sg","n,II,nom,sg","n,II,acc,sg","n,II,acc,sg","n,II,acc,sg","n,II,acc,pl","n,II,acc,sg","n,II,acc,sg","n,II,acc,sg","n,II,acc,sg","n,II,acc,sg","n,II,acc,sg","n,II,acc,sg","n,II,acc,sg","n,II,acc,sg"
"psalmus:gensg","m,II,gen,sg","n,II,gen,pl","n,II,acc,pl","n,II,acc,pl","n,II,acc,pl","n,II,acc,pl","n,II,acc,pl","n,II,acc,pl","n,II,acc,pl","n,II,acc,pl","n,II,acc,pl","n,II,acc,pl","n,II,acc,pl","n,II,acc,pl","n,II,acc,pl","n,II,acc,pl"
"psalmus:accsg","m,II,acc,sg","n,II,acc,sg","n,II,acc,sg","n,II,acc,sg","n,II,acc,sg","n,II,acc,sg","n,II,acc,sg","n,II,acc,sg","n,II,acc,sg","n,II,acc,sg","n,II,acc,sg","n,II,acc,sg","n,II,acc,sg","n,II,acc,sg","n,II,acc,sg","n,II,acc,sg"
"psalmus:nompl","m,II,nom,pl","n,II,gen,pl","n,II,acc,pl","n,II,acc,pl","n,II,acc,pl","n,II,acc,pl","n,II,acc,pl","n,II,acc,pl","n,II,acc,pl","n,II,acc,pl","n,II,acc,pl","n,II,acc,pl","n,II,acc,pl","n,II,acc,pl","n,II,acc,pl","n,II,acc,pl"
"psalmus:genpl","m,II,gen,pl","n,II,gen,pl","n,II,acc,pl","n,III,acc,pl","f,II,acc,pl","n,II,acc,pl","n,II,acc,pl","n,II,acc,pl","n,II,acc,pl","n,II,acc,pl","n,II,acc,pl","n,II,acc,pl","n,II,acc,pl","n,II,acc,pl","n,II,acc,pl","n,II,acc,pl"
"psalmus:accpl","m,II,acc,pl","n,II,acc,pl","m,III,acc,pl","f,III,acc,pl","f,III,acc,pl","f,III,acc,pl","f,III,acc,pl","f,III,acc,pl","f,III,acc,pl","n,II,acc,pl","n,II,acc,pl","n,II,acc,pl","n,II,acc,pl","n,II,acc,pl","n,II,acc,pl","n,II,acc,pl"
"puella:nomsg","f,I,nom,sg","n,II,nom,sg","f,I,acc,sg","f,I,acc,sg","f,I,acc,sg","f,I,acc,sg","f,I,acc,sg","f,I,acc,sg","f,I,acc,pl","f,I,acc,pl","f,I,acc,pl","f,I,acc,pl","f,I,acc,pl","f,I,acc,pl","f,I,acc,pl","f,I,acc,pl"
"puella:gensg","f,I,gen,sg","f,I,acc,sg","f,I,acc,sg","f,I,acc,pl","f,I,acc,pl","f,I,acc,pl","f,I,acc,pl","f,I,acc,pl","f,I,acc,pl","f,I,acc,pl","f,I,acc,pl","f,I,acc,pl","f,I,acc,pl","f,I,acc,pl","f,I,acc,pl","f,I,acc,pl"
"puella:accsg","f,I,acc,sg","f,I,acc,sg","f,I,acc,sg","f,I,acc,sg","f,I,acc,sg","f,I,acc,sg","f,I,acc,sg","f,I,acc,sg","f,I,acc,sg","f,I,acc,sg","f,I,acc,sg","f,I,acc,sg","f,I,acc,sg","f,I,acc,sg","f,I,acc,sg","f,I,acc,sg"
"puella:nompl","f,I,nom,pl","f,I,acc,sg","f,I,acc,sg","f,I,acc,pl","f,I,acc,pl","f,I,acc,pl","f,I,acc,pl","f,I,acc,pl","f,I,acc,pl","f,I,acc,pl","f,I,acc,pl","f,I,acc,pl","f,I,acc,pl","f,I,acc,pl","f,I,acc,pl","f,I,acc,pl"
"puella:genpl","f,I,gen,pl","f,I,gen,pl","f,I,acc,pl","f,I,acc,pl","f,I,acc,pl","f,I,acc,pl","f,I,acc,pl","f,I,acc,pl","f,I,acc,pl","f,I,acc,pl","f,I,acc,pl","f,I,acc,pl","f,I,acc,pl","f,I,acc,pl","f,I,acc,pl","f,I,acc,pl"
"puella:accpl","f,I,acc,pl","f,I,acc,pl","f,I,acc,pl","f,I,acc,sg","f,I,acc,pl","f,I,acc,pl","f,I,acc,pl","f,I,acc,pl","f,I,acc,pl","f,I,acc,pl","f,I,acc,pl","f,I,acc,pl","f,I,acc,pl","f,I,acc,pl","f,I,acc,pl","f,I,acc,pl"
"pugna:nomsg","f,I,nom,sg","n,II,acc,pl","f,I,acc,pl","f,I,acc,pl","f,I,acc,pl","f,I,acc,pl","f,I,acc,pl","f,I,acc,pl","f,I,acc,pl","f,I,acc,pl","f,I,acc,pl","f,I,acc,pl","f,I,acc,pl","f,I,acc,pl","f,I,acc,pl","f,I,acc,pl"
"pugna:gensg","f,I,gen,sg","f,I,acc,pl","f,I,acc,pl","f,I,acc,pl","f,I,acc,pl","f,I,acc,pl","f,I,acc,pl","f,I,acc,pl","f,I,acc,pl","f,I,acc,pl","f,I,acc,pl","f,I,acc,pl","f,I,acc,pl","f,I,acc,pl","f,I,acc,pl","f,I,acc,pl"
"pugna:accsg","f,I,acc,sg","f,I,acc,sg","f,I,acc,sg","f,I,acc,sg","f,I,acc,sg","f,I,acc,sg","f,I,acc,sg","f,I,acc,sg","f,I,acc,sg","f,I,acc,sg","f,I,acc,sg","f,I,acc,sg","f,I,acc,sg","f,I,acc,sg","f,I,acc,sg","f,I,acc,sg"
"pugna:nompl","f,I,nom,pl","f,I,acc,pl","f,I,acc,pl","f,I,acc,pl","f,I,acc,pl","f,I,acc,pl","f,I,acc,pl","f,I,acc,pl","f,I,acc,pl","f,I,acc,pl","f,I,acc,pl","f,I,acc,pl","f,I,acc,pl","f,I,acc,pl","f,I,acc,pl","f,I,acc,pl"
"pugna:genpl","f,I,gen,pl","f,I,gen,pl","f,I,acc,pl","f,I,acc,pl","f,I,acc,pl","f,I,acc,pl","f,I,acc,pl","f,I,acc,pl","f,I,acc,pl","f,I,acc,pl","f,I,acc,pl","f,I,acc,pl","f,I,acc,pl","f,I,acc,pl","f,I,acc,pl","f,I,acc,pl"
"pugna:accpl","f,I,acc,pl","f,I,acc,pl","f,I,acc,pl","f,I,acc,pl","f,I,acc,pl","f,I,acc,pl","f,I,acc,pl","f,I,acc,pl","f,I,acc,pl","f,I,acc,pl","f,I,acc,pl","f,I,acc,pl","f,I,acc,pl","f,I,acc,pl","f,I,acc,pl","f,I,acc,pl"
"pugnus:nomsg","m,II,nom,sg","n,II,nom,sg","n,II,nom,sg","n,II,acc,sg","n,II,acc,sg","n,II,acc,sg","n,II,acc,sg","n,II,acc,sg","n,II,acc,sg","n,II,acc,sg","n,II,acc,sg","n,II,acc,sg","n,II,acc,sg","n,II,acc,sg","n,II,acc,sg","n,II,acc,sg"
"pugnus:gensg","m,II,gen,sg","n,II,gen,pl","n,II,acc,pl","n,II,acc,pl","n,II,acc,pl","n,II,acc,pl","n,II,acc,pl","n,II,acc,pl","n,II,acc,pl","n,II,acc,pl","n,II,acc,pl","n,II,acc,pl","n,II,acc,pl","n,II,acc,pl","n,II,acc,pl","n,II,acc,pl"
"pugnus:accsg","m,II,acc,sg","n,II,acc,sg","n,II,acc,sg","n,II,acc,sg","n,II,acc,sg","n,II,acc,sg","n,II,acc,sg","n,II,acc,sg","n,II,acc,sg","n,II,acc,sg","n,II,acc,sg","n,II,acc,sg","n,II,acc,sg","n,II,acc,sg","n,II,acc,sg","n,II,acc,sg"
"pugnus:nompl","m,II,nom,pl","n,II,gen,pl","n,II,acc,pl","n,II,acc,pl","n,II,acc,pl","n,II,acc,pl","n,II,acc,pl","n,II,acc,pl","n,II,acc,pl","n,II,acc,pl","n,II,acc,pl","n,II,acc,pl","n,II,acc,pl","n,II,acc,pl","n,II,acc,pl","n,II,acc,pl"
"pugnus:genpl","m,II,gen,pl","n,II,gen,pl","n,II,acc,pl","n,II,acc,pl","f,II,acc,pl","n,II,acc,pl","n,II,acc,pl","n,II,acc,pl","n,II,acc,pl","n,II,acc,pl","n,II,acc,pl","n,II,acc,pl","n,II,acc,pl","n,II,acc,pl","n,II,acc,pl","n,II,acc,pl"
"pugnus:accpl","m,II,acc,pl","m,II,acc,pl","n,II,acc,pl","n,II,acc,pl","f,II,acc,pl","f,III,acc,pl","n,II,acc,pl","n,II,acc,pl","n,II,acc,pl","n,II,acc,pl","n,II,acc,pl","n,II,acc,pl","n,II,acc,pl","n,II,acc,pl","n,II,acc,pl","n,II,acc,pl"
"pulex:nomsg","m,III,nom,sg","n,III,nom,sg","f,III,nom,sg","f,III,acc,sg","f,III,nom,sg","f,III,acc,sg","f,III,acc,sg","f,III,acc,sg","f,III,acc,sg","f,III,acc,sg","f,III,acc,sg","f,III,acc,sg","f,III,acc,sg","f,III,acc,sg","f,III,acc,sg","f,III,acc,pl"
"pulex:gensg","m,III,gen,sg","m,III,acc,sg","f,III,acc,sg","f,III,acc,sg","f,III,acc,sg","f,III,acc,sg","f,III,acc,sg","f,III,acc,sg","f,III,acc,sg","f,III,acc,sg","f,III,acc,sg","f,III,acc,sg","f,III,acc,sg","f,III,acc,sg","f,III,acc,sg","f,III,acc,sg"
"pulex:accsg","m,III,acc,sg","f,III,acc,sg","f,III,acc,sg","f,III,acc,sg","f,III,acc,sg","f,III,acc,sg","f,III,acc,sg","f,III,acc,sg","f,III,acc,sg","f,III,acc,sg","f,III,acc,sg","f,III,acc,sg","f,III,acc,sg","f,III,acc,sg","f,III,acc,sg","f,III,acc,sg"
"pulex:nompl","m,III,nom,pl","m,III,acc,pl","f,III,acc,pl","f,III,acc,pl","f,III,acc,sg","f,III,acc,pl","f,III,acc,sg","f,III,acc,pl","f,III,acc,sg","f,III,acc,sg","f,III,acc,sg","f,III,acc,sg","f,III,acc,sg","f,III,acc,sg","f,III,acc,sg","f,III,acc,sg"
"pulex:genpl","m,III,gen,pl","m,III,gen,pl","f,III,acc,sg","n,II,acc,pl","f,III,acc,sg","f,III,acc,sg","f,III,acc,pl","f,III,acc,sg","f,III,acc,sg","f,III,acc,sg","f,III,acc,sg","f,III,acc,sg","f,III,acc,sg","f,III,acc,sg","f,III,acc,sg","f,III,acc,sg"
"pulex:accpl","m,III,acc,pl","m,III,acc,pl","f,III,acc,pl","f,III,acc,pl","f,III,acc,sg","f,III,acc,pl","f,III,acc,sg","f,III,acc,pl","f,III,acc,sg","f,III,acc,sg","f,III,acc,sg","f,III,acc,sg","f,III,acc,sg","f,III,acc,sg","f,III,acc,sg","f,III,acc,sg"
"pullus:nomsg","m,II,nom,sg","n,II,nom,sg","n,II,acc,sg","n,II,nom,sg","n,II,acc,sg","n,II,acc,sg","n,II,acc,sg","n,II,acc,sg","n,II,acc,sg","n,II,acc,sg","n,II,acc,sg","n,II,acc,sg","n,II,acc,sg","n,II,acc,sg","n,II,acc,sg","n,II,acc,sg"
"pullus:gensg","m,II,gen,sg","n,II,gen,pl","n,II,acc,pl","n,II,acc,pl","n,II,acc,pl","n,II,acc,pl","n,II,acc,pl","n,II,acc,pl","n,II,acc,pl","n,II,acc,pl","n,II,acc,pl","n,II,acc,pl","n,II,acc,pl","n,II,acc,pl","n,II,acc,pl","n,II,acc,pl"
"pullus:accsg","m,II,acc,sg","n,II,acc,sg","n,II,acc,sg","n,II,acc,sg","n,II,acc,sg","n,II,acc,sg","n,II,acc,sg","n,II,acc,sg","n,II,acc,sg","n,II,acc,sg","n,II,acc,sg","n,II,acc,sg","n,II,acc,sg","n,II,acc,sg","n,II,acc,sg","n,II,acc,sg"
"pullus:nompl","m,II,nom,pl","n,II,gen,pl","n,II,acc,pl","n,II,acc,pl","n,II,acc,pl","n,II,acc,pl","n,II,acc,pl","n,II,acc,pl","n,II,acc,pl","n,II,acc,pl","n,II,acc,pl","n,II,acc,pl","n,II,acc,pl","n,II,acc,pl","n,II,acc,pl","n,II,acc,pl"
"pullus:genpl","m,II,gen,pl","n,III,gen,pl","n,II,acc,pl","n,II,acc,pl","f,II,acc,pl","n,II,acc,pl","n,II,acc,pl","n,II,acc,pl","n,II,acc,pl","n,II,acc,pl","n,II,acc,pl","n,II,acc,pl","n,II,acc,pl","n,II,acc,pl","n,II,acc,pl","n,II,acc,pl"
"pullus:accpl","m,II,acc,pl","m,II,acc,pl","m,II,acc,pl","n,II,acc,pl","f,II,acc,pl","f,III,acc,pl","n,II,acc,pl","n,II,acc,pl","f,II,acc,pl","n,II,acc,pl","n,II,acc,pl","n,II,acc,pl","n,II,acc,pl","n,II,acc,pl","n,II,acc,pl","n,II,acc,pl"
"pulvis:nomsg","m,III,nom,sg","f,III,nom,sg","f,III,acc,sg","f,III,acc,sg","f,III,acc,sg","f,III,acc,sg","f,III,acc,sg","f,III,acc,sg","f,III,acc,sg","f,III,acc,sg","f,III,acc,sg","f,III,acc,sg","f,III,acc,sg","f,III,acc,sg","f,III,acc,sg","f,III,acc,sg"
"pulvis:gensg","m,III,gen,sg","f,III,acc,pl","f,III,acc,sg","f,III,acc,sg","f,III,acc,sg","f,III,acc,sg","f,III,acc,sg","f,III,acc,sg","f,III,acc,sg","f,III,acc,pl","f,III,acc,sg","f,III,acc,sg","f,III,acc,sg","f,III,acc,sg","f,III,acc,sg","f,III,acc,sg"
"pulvis:accsg","m,III,acc,sg","f,III,acc,sg","f,III,acc,sg","f,III,acc,sg","f,III,acc,sg","f,III,acc,sg","f,III,acc,sg","f,III,acc,sg","f,III,acc,sg","f,III,acc,sg","f,III,acc,sg","f,III,acc,sg","f,III,acc,sg","f,III,acc,sg","f,III,acc,sg","f,III,acc,sg"
"pulvis:nompl","m,III,nom,pl","f,III,acc,pl","f,III,acc,pl","f,III,acc,pl","f,III,acc,sg","f,III,acc,sg","f,III,acc,sg","f,III,acc,sg","f,III,acc,pl","f,III,acc,pl","f,III,acc,sg","f,III,acc,sg","f,III,acc,sg","f,III,acc,sg","f,III,acc,sg","f,III,acc,sg"
"pulvis:genpl","m,III,gen,pl","f,III,gen,pl","f,III,acc,pl","f,III,acc,pl","f,III,acc,pl","f,III,acc,pl","f,III,acc,sg","f,III,acc,sg","f,III,acc,sg","f,III,acc,sg","f,III,acc,sg","f,III,acc,sg","f,III,acc,sg","f,III,acc,sg","f,III,acc,sg","f,III,acc,sg"
"pulvis:accpl","m,III,acc,pl","f,III,acc,pl","f,III,acc,pl","f,III,acc,pl","f,III,acc,sg","f,III,acc,sg","f,III,acc,sg","f,III,acc,sg","f,III,acc,pl","f,III,acc,pl","f,III,acc,sg","f,III,acc,sg","f,III,acc,sg","f,III,acc,sg","f,III,acc,sg","f,III,acc,sg"
"puteus:nomsg","m,II,nom,sg","m,II,nom,sg","n,II,acc,sg","n,II,acc,sg","n,II,acc,sg","n,II,acc,sg","n,II,acc,pl","n,II,acc,pl","n,II,acc,pl","n,II,acc,sg","n,II,acc,sg","n,II,acc,sg","n,II,acc,sg","n,II,acc,sg","n,II,acc,sg","n,II,acc,pl"
"puteus:gensg","m,II,gen,sg","n,II,acc,pl","n,II,acc,pl","n,II,acc,pl","n,II,acc,pl","n,II,acc,pl","n,II,acc,pl","n,II,acc,pl","n,II,acc,pl","n,II,acc,pl","n,II,acc,pl","n,II,acc,pl","n,II,acc,pl","n,II,acc,pl","n,II,acc,pl","n,II,acc,pl"
"puteus:accsg","m,II,acc,sg","m,II,acc,sg","m,II,acc,sg","n,II,acc,sg","n,II,acc,sg","n,II,acc,sg","n,II,acc,sg","n,II,acc,sg","n,II,acc,sg","n,II,acc,sg","n,II,acc,sg","n,II,acc,sg","n,II,acc,sg","n,II,acc,sg","n,II,acc,sg","n,II,acc,sg"
"puteus:nompl","m,II,nom,pl","n,II,acc,pl","n,II,acc,pl","n,II,acc,pl","n,II,acc,pl","n,II,acc,pl","n,II,acc,pl","n,II,acc,pl","n,II,acc,pl","n,II,acc,pl","n,II,acc,pl","n,II,acc,pl","n,II,acc,pl","n,II,acc,pl","n,II,acc,pl","n,II,acc,pl"
"puteus:genpl","m,II,gen,pl","n,II,gen,pl","m,II,acc,pl","n,II,acc,pl","n,II,acc,pl","n,II,acc,pl","n,II,acc,pl","n,II,acc,pl","n,II,acc,pl","n,II,acc,pl","n,II,acc,pl","n,II,acc,pl","n,II,acc,pl","n,II,acc,pl","n,II,acc,pl","n,II,acc,pl"
"puteus:accpl","m,II,acc,pl","m,II,acc,pl","m,II,acc,pl","m,II,acc,pl","n,II,acc,pl","n,II,acc,sg","n,II,acc,pl","n,II,acc,pl","n,II,acc,pl","n,II,acc,pl","n,II,acc,pl","n,II,acc,pl","n,II,acc,pl","n,II,acc,pl","n,II,acc,pl","n,II,acc,pl"
"radix:nomsg","f,III,nom,sg","f,III,nom,sg","f,III,nom,sg","f,III,nom,sg","f,III,nom,sg","n,II,acc,sg","f,III,acc,pl","f,III,acc,pl","f,III,acc,pl","f,III,acc,pl","n,II,acc,pl","n,II,acc,pl","n,II,acc,pl","n,II,acc,pl","n,II,acc,pl","n,II,acc,pl"
"radix:gensg","f,III,gen,sg","f,III,acc,sg","f,III,acc,sg","f,III,acc,pl","f,III,acc,pl","f,III,acc,sg","f,III,acc,pl","f,III,acc,pl","f,III,acc,pl","f,III,acc,pl","f,III,acc,pl","f,III,acc,pl","f,III,acc,pl","f,III,acc,pl","f,III,acc,pl","f,III,acc,pl"
"radix:accsg","f,III,acc,sg","f,III,acc,sg","f,III,acc,sg","f,III,acc,sg","f,III,acc,sg","f,III,acc,sg","f,III,acc,sg","f,III,acc,sg","f,III,acc,sg","f,III,acc,sg","f,III,acc,sg","f,III,acc,sg","f,III,acc,sg","f,III,acc,sg","f,III,acc,sg","f,III,acc,sg"
"radix:nompl","f,III,nom,pl","f,III,acc,pl","f,III,acc,pl","f,III,acc,pl","f,III,acc,pl","f,III,acc,pl","f,III,acc,pl","f,III,acc,pl","f,III,acc,pl","f,III,acc,pl","f,III,acc,pl","f,III,acc,pl","f,III,acc,pl","f,III,acc,pl","f,III,acc,pl","f,III,acc,pl"
"radix:genpl","f,III,gen,pl","f,III,gen,pl","f,III,acc,pl","n,II,acc,pl","f,II,acc,pl","f,III,acc,pl","f,III,acc,pl","f,III,acc,pl","f,III,acc,pl","f,III,acc,sg","f,III,acc,sg","n,II,acc,pl","f,III,acc,pl","f,III,acc,sg","n,II,acc,sg","n,II,acc,pl"
"radix:accpl","f,III,acc,pl","f,III,acc,pl","f,III,acc,pl","f,III,acc,pl","f,III,acc,pl","f,III,acc,pl","f,III,acc,pl","f,III,acc,pl","f,III,acc,pl","f,III,acc,pl","f,III,acc,pl","f,III,acc,pl","f,III,acc,pl","f,III,acc,pl","f,III,acc,pl","f,III,acc,pl"
"ramex:nomsg","m,III,nom,sg","n,III,nom,sg","f,III,nom,sg","f,III,nom,sg","f,III,nom,sg","f,III,acc,sg","f,III,acc,sg","f,III,acc,sg","f,III,acc,sg","f,III,acc,sg","f,III,acc,sg","f,III,acc,sg","f,III,acc,sg","f,III,acc,sg","f,III,acc,sg","f,III,acc,pl"
"ramex:gensg","m,III,gen,sg","f,III,acc,sg","m,III,acc,sg","f,III,acc,sg","f,III,acc,pl","f,III,acc,sg","f,III,acc,sg","f,III,acc,sg","f,III,acc,sg","f,III,acc,sg","f,III,acc,sg","f,III,acc,sg","f,III,acc,sg","f,III,acc,sg","f,III,acc,sg","f,III,acc,sg"
"ramex:accsg","m,III,acc,sg","f,III,acc,sg","m,III,acc,sg","f,III,acc,sg","f,III,acc,sg","f,III,acc,sg","f,III,acc,sg","f,III,acc,sg","f,III,acc,sg","f,III,acc,sg","f,III,acc,sg","f,III,acc,sg","f,III,acc,sg","f,III,acc,sg","f,III,acc,sg","f,III,acc,sg"
"ramex:nompl","m,III,nom,pl","m,III,acc,sg","m,III,acc,sg","f,III,acc,sg","f,III,acc,pl","f,III,acc,sg","f,III,acc,sg","f,III,acc,sg","f,III,acc,sg","f,III,acc,sg","f,III,acc,sg","f,III,acc,sg","f,III,acc,sg","f,III,acc,sg","f,III,acc,sg","f,III,acc,sg"
"ramex:genpl","m,III,gen,pl","f,III,gen,pl","f,III,nom,pl","n,II,acc,sg","f,III,acc,pl","f,III,acc,sg","f,III,acc,pl","f,III,acc,sg","f,III,acc,sg","f,III,acc,sg","f,III,acc,sg","f,III,acc,sg","f,III,acc,sg","f,III,acc,sg","f,III,acc,sg","f,III,acc,sg"
"ramex:accpl","m,III,acc,pl","m,III,acc,sg","m,III,acc,sg","f,III,acc,sg","f,III,acc,pl","f,III,acc,sg","f,III,acc,sg","f,III,acc,sg","f,III,acc,sg","f,III,acc,sg","f,III,acc,sg","f,III,acc,sg","f,III,acc,sg","f,III,acc,sg","f,III,acc,sg","f,III,acc,sg"
"ramus:nomsg","m,II,nom,sg","n,II,nom,sg","n,II,nom,sg","n,II,nom,sg","n,II,nom,sg","n,II,acc,sg","n,II,acc,sg","n,II,acc,sg","n,II,acc,sg","n,II,acc,sg","n,II,acc,sg","n,II,acc,sg","n,II,acc,sg","n,II,acc,sg","n,II,acc,sg","n,II,acc,sg"
"ramus:gensg","m,II,gen,sg","n,II,gen,pl","n,II,acc,pl","n,II,acc,pl","n,II,acc,pl","n,II,acc,pl","n,II,acc,pl","n,II,acc,pl","n,II,acc,pl","n,II,acc,pl","n,II,acc,pl","n,II,acc,pl","n,II,acc,pl","n,II,acc,pl","n,II,acc,pl","n,II,acc,pl"
"ramus:accsg","m,II,acc,sg","n,II,acc,sg","n,II,acc,sg","n,II,acc,sg","n,II,acc,sg","n,II,acc,sg","n,II,acc,sg","n,II,acc,sg","n,II,acc,sg","n,II,acc,sg","n,II,acc,sg","n,II,acc,sg","n,II,acc,sg","n,II,acc,sg","n,II,acc,sg","n,II,acc,sg"
"ramus:nompl","m,II,nom,pl","n,II,gen,pl","n,II,acc,pl","n,II,acc,pl","n,II,acc,pl","n,II,acc,pl","n,II,acc,pl","n,II,acc,pl","n,II,acc,pl","n,II,acc,pl","n,II,acc,pl","n,II,acc,pl","n,II,acc,pl","n,II,acc,pl","n,II,acc,pl","n,II,acc,pl"
"ramus:genpl","m,II,gen,pl","n,II,gen,pl","n,II,acc,pl","n,II,acc,pl","n,II,acc,pl","f,III,acc,pl","n,II,acc,pl","n,II,acc,pl","n,II,acc,pl","n,II,acc,pl","n,II,acc,pl","n,II,acc,pl","n,II,acc,pl","n,II,acc,pl","n,II,acc,pl","n,II,acc,pl"
"ramus:accpl","m,II,acc,pl","m,II,acc,pl","m,III,nom,sg","f,III,nom,pl","n,II,acc,pl","f,III,acc,pl","n,II,acc,pl","n,II,acc,pl","n,II,acc,pl","n,II,acc,pl","n,II,acc,pl","n,II,acc,pl","f,II,acc,pl","n,II,acc,pl","n,II,acc,pl","n,II,acc,pl"
"res:nomsg","f,V,nom,sg","n,III,nom,sg","f,III,nom,sg","f,III,acc,pl","f,III,acc,pl","f,III,acc,pl","f,III,acc,pl","f,III,acc,pl","f,III,acc,pl","f,III,acc,pl","f,III,acc,pl","f,III,acc,pl","f,III,acc,pl","f,III,acc,pl","f,III,acc,pl","f,III,acc,pl"
"res:gensg","f,V,gen,sg","n,III,acc,pl","n,III,acc,pl","f,III,acc,sg","f,III,acc,pl","f,III,acc,pl","f,III,acc,pl","f,III,acc,pl","f,III,acc,pl","f,III,acc,sg","f,III,acc,sg","f,III,acc,pl","f,III,acc,sg","f,III,acc,sg","f,III,acc,sg","f,III,acc,sg"
"res:accsg","f,V,acc,sg","n,III,acc,sg","f,III,acc,sg","f,III,acc,sg","f,III,acc,sg","f,III,acc,sg","f,III,acc,sg","f,III,acc,sg","f,III,acc,sg","f,III,acc,sg","f,III,acc,sg","f,III,acc,sg","f,III,acc,sg","f,III,acc,sg","f,III,acc,sg","f,III,acc,sg"
"res:nompl","f,V,nom,pl","n,III,nom,sg","f,III,nom,sg","f,III,acc,pl","f,III,acc,pl","f,III,acc,pl","f,III,acc,pl","f,III,acc,pl","f,III,acc,pl","f,III,acc,pl","f,III,acc,pl","f,III,acc,pl","f,III,acc,pl","f,III,acc,pl","f,III,acc,pl","f,III,acc,pl"
"res:genpl","f,V,gen,pl","f,III,gen,pl","f,III,gen,pl","f,III,acc,pl","f,III,acc,pl","f,III,acc,pl","f,III,acc,pl","f,III,acc,pl","f,III,acc,pl","f,III,acc,pl","f,III,acc,pl","f,III,acc,pl","n,II,acc,pl","f,III,acc,pl","f,III,acc,pl","f,III,acc,pl"
"res:accpl","f,V,acc,pl","n,III,nom,sg","f,III,nom,sg","f,III,acc,pl","f,III,acc,pl","f,III,acc,pl","f,III,acc,pl","f,III,acc,pl","f,III,acc,pl","f,III,acc,pl","f,III,acc,pl","f,III,acc,pl","f,III,acc,pl","f,III,acc,pl","f,III,acc,pl","f,III,acc,pl"
"rete:nomsg","n,III,nom,sg","n,III,nom,sg","n,III,nom,sg","n,III,acc,sg","f,III,acc,sg","f,III,acc,sg","f,III,acc,pl","f,III,acc,sg","f,III,acc,sg","f,III,acc,sg","f,III,acc,sg","f,III,acc,sg","f,III,acc,sg","f,III,acc,sg","f,III,acc,sg","f,III,acc,pl"
"rete:gensg","n,III,gen,sg","m,III,acc,sg","m,III,nom,sg","f,III,acc,sg","f,III,acc,sg","f,III,acc,sg","f,III,acc,sg","f,III,acc,sg","f,III,acc,sg","f,III,acc,sg","f,III,acc,sg","f,III,acc,sg","f,III,acc,sg","f,III,acc,sg","f,III,acc,sg","f,III,acc,sg"
"rete:accsg","n,III,acc,sg","n,III,nom,sg","n,III,nom,sg","n,III,acc,sg","f,III,acc,sg","f,III,acc,sg","f,III,acc,pl","f,III,acc,sg","f,III,acc,sg","f,III,acc,sg","f,III,acc,sg","f,III,acc,sg","f,III,acc,sg","f,III,acc,sg","f,III,acc,sg","f,III,acc,pl"
"rete:nompl","n,III,nom,pl","n,II,acc,pl","f,III,acc,sg","n,III,acc,pl","f,III,acc,pl","f,III,acc,sg","f,III,acc,sg","f,III,acc,sg","f,III,acc,sg","f,III,acc,sg","f,III,acc,sg","f,III,acc,sg","f,III,acc,sg","f,III,acc,sg","f,III,acc,sg","f,III,acc,sg"
"rete:genpl","n,III,gen,pl","n,III,acc,pl","f,III,acc,pl","n,III,acc,sg","f,III,acc,pl","f,III,acc,sg","f,III,acc,sg","f,III,acc,sg","f,III,acc,sg","f,III,acc,sg","f,III,acc,sg","f,III,acc,sg","f,III,acc,sg","f,III,acc,sg","f,III,acc,sg","f,III,acc,sg"
"rete:accpl","n,III,acc,pl","n,II,acc,pl","f,III,acc,sg","n,III,acc,pl","f,III,acc,pl","f,III,acc,sg","f,III,acc,sg","f,III,acc,sg","f,III,acc,sg","f,III,acc,sg","f,III,acc,sg","f,III,acc,sg","f,III,acc,sg","f,III,acc,sg","f,III,acc,sg","f,III,acc,sg"
"rex:nomsg","m,III,nom,sg","n,III,nom,sg","f,III,nom,sg","f,III,nom,sg","f,III,acc,sg","f,III,acc,sg","f,III,acc,sg","f,III,acc,pl","f,III,acc,pl","f,III,acc,pl","f,III,acc,pl","f,III,acc,pl","f,III,acc,pl","f,III,acc,pl","f,III,acc,pl","f,III,acc,pl"
"rex:gensg","m,III,gen,sg","m,III,gen,sg","f,III,acc,sg","f,III,acc,pl","f,III,acc,pl","f,III,acc,pl","f,III,acc,pl","f,III,acc,sg","f,III,acc,pl","f,III,acc,pl","f,III,acc,pl","f,III,acc,pl","f,III,acc,pl","f,III,acc,pl","f,III,acc,pl","f,III,acc,pl"
"rex:accsg","m,III,acc,sg","m,III,acc,sg","f,III,acc,sg","f,III,acc,sg","f,III,acc,sg","f,III,acc,sg","f,III,acc,sg","f,III,acc,sg","f,III,acc,sg","f,III,acc,sg","f,III,acc,sg","f,III,acc,sg","f,III,acc,sg","f,III,acc,sg","f,III,acc,sg","f,III,acc,sg"
"rex:nompl","m,III,nom,pl","f,III,acc,pl","m,III,acc,pl","f,III,acc,pl","f,III,acc,pl","f,III,acc,pl","f,III,acc,pl","f,III,acc,pl","f,III,acc,pl","f,III,acc,pl","f,III,acc,pl","f,III,acc,pl","f,III,acc,pl","f,III,acc,pl","f,III,acc,pl","f,III,acc,sg"
"rex:genpl","m,III,gen,pl","m,III,gen,pl","f,III,acc,pl","f,III,acc,pl","f,III,acc,pl","f,III,acc,pl","f,III,acc,pl","f,III,acc,pl","f,III,acc,pl","f,III,acc,pl","f,III,acc,sg","f,III,acc,pl","f,III,acc,pl","f,III,acc,pl","f,III,acc,pl","f,III,acc,sg"
"rex:accpl","m,III,acc,pl","f,III,acc,pl","m,III,acc,pl","f,III,acc,pl","f,III,acc,pl","f,III,acc,pl","f,III,acc,pl","f,III,acc,pl","f,III,acc,pl","f,III,acc,pl","f,III,acc,pl","f,III,acc,pl","f,III,acc,pl","f,III,acc,pl","f,III,acc,pl","f,III,acc,sg"
"ripa:nomsg","f,I,nom,sg","f,II,nom,pl","f,I,acc,pl","f,I,acc,sg","f,I,acc,sg","f,I,acc,pl","f,I,acc,pl","f,I,acc,pl","f,I,acc,pl","f,I,acc,pl","f,I,acc,pl","f,I,acc,pl","f,I,acc,pl","f,I,acc,pl","f,I,acc,pl","f,I,acc,pl"
"ripa:gensg","f,I,gen,sg","f,I,acc,pl","f,I,acc,pl","f,I,acc,pl","f,I,acc,pl","f,I,acc,pl","f,I,acc,pl","f,I,acc,pl","f,I,acc,pl","f,I,acc,pl","f,I,acc,pl","f,I,acc,pl","f,I,acc,pl","f,I,acc,pl","f,I,acc,pl","f,I,acc,pl"
"ripa:accsg","f,I,acc,sg","f,I,acc,sg","f,I,acc,sg","f,I,acc,sg","f,I,acc,sg","f,I,acc,sg","f,I,acc,sg","f,I,acc,sg","f,I,acc,sg","f,I,acc,sg","f,I,acc,sg","f,I,acc,sg","f,I,acc,sg","f,I,acc,sg","f,I,acc,sg","f,I,acc,sg"
"ripa:nompl","f,I,nom,pl","f,I,acc,pl","f,I,acc,pl","f,I,acc,pl","f,I,acc,pl","f,I,acc,pl","f,I,acc,pl","f,I,acc,pl","f,I,acc,pl","f,I,acc,pl","f,I,acc,pl","f,I,acc,pl","f,I,acc,pl","f,I,acc,pl","f,I,acc,pl","f,I,acc,pl"
"ripa:genpl","f,I,gen,pl","f,I,gen,pl","f,I,acc,pl","f,I,acc,pl","f,I,acc,pl","f,I,acc,pl","f,I,acc,pl","f,I,acc,pl","f,I,acc,pl","f,I,acc,pl","f,I,acc,pl","f,I,acc,pl","f,I,acc,pl","f,I,acc,pl","f,I,acc,pl","f,I,acc,pl"
"ripa:accpl","f,I,acc,pl","f,I,acc,pl","f,I,acc,pl","f,I,acc,pl","f,I,acc,pl","f,I,acc,pl","f,I,acc,pl","f,I,acc,pl","f,I,acc,pl","f,I,acc,pl","f,I,acc,pl","f,I,acc,pl","f,I,acc,pl","f,I,acc,pl","f,I,acc,pl","f,I,acc,pl"
"rivus:nomsg","m,II,nom,sg","n,II,nom,sg","n,II,nom,sg","n,II,nom,sg","n,II,nom,sg","n,II,acc,sg","n,II,acc,sg","n,II,acc,sg","n,II,acc,sg","n,II,acc,sg","n,II,acc,sg","n,II,acc,sg","n,II,acc,sg","n,II,acc,sg","n,II,acc,sg","n,II,acc,sg"
"rivus:gensg","m,II,gen,sg","n,II,gen,pl","n,II,acc,pl","n,II,acc,pl","n,II,acc,pl","n,II,acc,pl","n,II,acc,pl","n,II,acc,pl","n,II,acc,pl","n,II,acc,pl","n,II,acc,pl","n,II,acc,pl","n,II,acc,pl","n,II,acc,pl","n,II,acc,pl","n,II,acc,pl"
"rivus:accsg","m,II,acc,sg","n,II,acc,sg","n,II,acc,sg","n,II,acc,sg","n,II,acc,sg","n,II,acc,sg","n,II,acc,sg","n,II,acc,sg","n,II,acc,sg","n,II,acc,sg","n,II,acc,sg","n,II,acc,sg","n,II,acc,sg","n,II,acc,sg","n,II,acc,sg","n,II,acc,sg"
"rivus:nompl","m,II,nom,pl","n,II,gen,pl","n,II,acc,pl","n,II,acc,pl","n,II,acc,pl","n,II,acc,pl","n,II,acc,pl","n,II,acc,pl","n,II,acc,pl","n,II,acc,pl","n,II,acc,pl","n,II,acc,pl","n,II,acc,pl","n,II,acc,pl","n,II,acc,pl","n,II,acc,pl"
"rivus:genpl","m,II,gen,pl","n,II,gen,pl","n,II,acc,pl","n,II,acc,pl","n,II,acc,pl","n,II,acc,pl","n,II,acc,pl","n,II,acc,pl","n,II,acc,pl","n,II,acc,pl","n,II,acc,pl","n,II,acc,pl","n,II,acc,pl","n,II,acc,pl","n,II,acc,pl","n,II,acc,pl"
"rivus:accpl","m,II,acc,pl","m,II,acc,pl","m,III,acc,pl","n,III,nom,pl","n,II,acc,sg","f,III,acc,sg","n,II,acc,pl","n,II,acc,pl","n,II,acc,pl","n,II,acc,pl","n,II,acc,pl","n,II,acc,pl","n,II,acc,pl","n,II,acc,pl","n,II,acc,pl","n,II,acc,pl"
"ros:nomsg","m,III,nom,sg","n,III,nom,sg","n,III,nom,sg","n,III,nom,sg","f,III,acc,pl","f,III,acc,pl","f,II,acc,sg","f,III,acc,pl","n,II,acc,pl","f,III,acc,pl","f,III,acc,pl","f,III,acc,pl","n,II,acc,pl","f,II,acc,pl","n,II,acc,pl","n,II,acc,pl"
"ros:gensg","m,III,gen,sg","f,III,acc,sg","m,III,acc,pl","f,III,acc,pl","f,III,acc,sg","f,III,acc,pl","f,III,acc,pl","f,III,acc,pl","f,III,acc,pl","f,III,acc,pl","f,III,acc,pl","f,III,acc,pl","f,III,acc,pl","f,III,acc,pl","f,III,acc,pl","f,III,acc,pl"
"ros:accsg","m,III,acc,sg","m,III,acc,sg","m,III,acc,sg","f,III,acc,sg","f,III,acc,sg","f,III,acc,sg","f,III,acc,sg","f,III,acc,sg","f,III,acc,sg","f,III,acc,sg","f,III,acc,sg","f,III,acc,pl","f,III,acc,sg","f,III,acc,sg","f,III,acc,sg","f,III,acc,sg"
"ros:nompl","m,III,nom,pl","n,III,acc,pl","m,III,acc,pl","f,III,acc,pl","f,III,acc,pl","f,III,acc,pl","f,III,acc,pl","f,III,acc,pl","f,III,acc,pl","f,III,acc,pl","f,III,acc,pl","f,III,acc,pl","f,III,acc,pl","f,III,acc,pl","f,III,acc,pl","f,III,acc,pl"
"ros:genpl","m,III,gen,pl","m,III,gen,pl","n,II,acc,pl","n,II,acc,pl","n,II,acc,pl","f,III,acc,pl","f,II,acc,pl","n,II,acc,pl","n,II,acc,pl","n,II,acc,pl","n,II,acc,pl","n,II,acc,pl","n,II,acc,pl","n,II,acc,pl","n,II,acc,pl","n,II,acc,pl"
"ros:accpl","m,III,acc,pl","n,III,acc,pl","m,III,acc,pl","f,III,acc,pl","f,III,acc,pl","f,III,acc,pl","f,III,acc,pl","f,III,acc,pl","f,III,acc,pl","f,III,acc,pl","f,III,acc,pl","f,III,acc,pl","f,III,acc,pl","f,III,acc,pl","f,III,acc,pl","f,III,acc,pl"
"rusticus:nomsg","m,II,nom,sg","m,II,nom,sg","f,II,acc,sg","n,II,nom,sg","f,III,nom,sg","n,II,acc,sg","n,II,acc,pl","n,II,acc,sg","n,II,acc,sg","n,II,acc,sg","n,II,acc,sg","n,II,acc,sg","n,II,acc,sg","n,II,acc,sg","n,II,acc,sg","n,II,acc,sg"
"rusticus:gensg","m,II,gen,sg","n,II,gen,pl","n,II,acc,sg","n,II,acc,pl","f,I,acc,pl","n,II,acc,pl","n,II,acc,pl","n,II,acc,pl","n,II,acc,pl","n,II,acc,pl","n,II,acc,pl","n,II,acc,pl","f,III,acc,pl","n,II,acc,pl","n,II,acc,pl","n,II,acc,pl"
"rusticus:accsg","m,II,acc,sg","n,II,acc,sg","n,II,acc,sg","n,II,acc,sg","n,II,acc,sg","n,II,acc,sg","n,II,acc,sg","n,II,acc,sg","n,II,acc,sg","n,II,acc,sg","n,II,acc,sg","n,II,acc,sg","n,II,acc,sg","n,II,acc,sg","n,II,acc,sg","n,II,acc,sg"
"rusticus:nompl","m,II,nom,pl","n,II,gen,pl","n,II,acc,sg","n,II,acc,pl","f,I,acc,pl","n,II,acc,pl","n,II,acc,pl","n,II,acc,pl","n,II,acc,pl","n,II,acc,pl","n,II,acc,pl","n,II,acc,pl","f,III,acc,pl","n,II,acc,pl","n,II,acc,pl","n,II,acc,pl"
"rusticus:genpl","m,II,gen,pl","n,II,gen,pl","f,II,acc,pl","n,II,acc,pl","f,III,acc,pl","n,II,acc,pl","n,II,acc,pl","n,II,acc,pl","n,II,acc,pl","n,II,acc,pl","n,II,acc,pl","n,II,acc,pl","f,II,acc,pl","n,II,acc,pl","n,II,acc,pl","n,II,acc,pl"
"rusticus:accpl","m,II,acc,pl","m,II,acc,pl","m,II,acc,pl","m,III,acc,pl","f,III,acc,pl","n,II,acc,pl","n,II,acc,pl","n,II,acc,pl","n,II,acc,pl","n,II,acc,pl","n,II,acc,pl","n,II,acc,pl","f,III,acc,pl","n,II,acc,pl","n,II,acc,pl","n,II,acc,pl"
"sacerdos:nomsg","m,III,nom,sg","m,II,acc,pl","n,II,acc,pl","n,II,acc,pl","f,II,acc,pl","f,III,acc,pl","f,III,acc,pl","f,III,acc,pl","f,II,acc,pl","n,II,acc,pl","n,II,acc,pl","n,II,acc,pl","n,II,acc,pl","n,II,acc,pl","n,II,acc,pl","n,II,acc,pl"
"sacerdos:gensg","m,III,gen,sg","f,III,acc,sg","f,III,acc,sg","f,III,acc,pl","f,III,acc,sg","f,III,acc,sg","f,III,acc,sg","f,III,acc,sg","f,III,acc,pl","f,III,acc,pl","f,III,acc,pl","f,III,acc,pl","f,III,acc,pl","f,III,acc,pl","f,III,acc,pl","f,III,acc,pl"
"sacerdos:accsg","m,III,acc,sg","m,III,acc,sg","f,III,acc,sg","f,III,acc,sg","f,III,acc,sg","f,III,acc,sg","f,III,acc,sg","f,III,acc,sg","f,III,acc,sg","f,III,acc,sg","f,III,acc,sg","f,III,acc,sg","f,III,acc,sg","f,III,acc,sg","f,III,acc,sg","f,III,acc,sg"
"sacerdos:nompl","m,III,nom,pl","f,III,acc,pl","f,III,acc,pl","f,III,acc,pl","f,III,acc,pl","f,III,acc,sg","f,III,acc,pl","f,III,acc,pl","f,III,acc,pl","f,III,acc,pl","f,III,acc,pl","f,III,acc,pl","f,III,acc,pl","f,III,acc,sg","f,III,acc,pl","f,III,acc,pl"
"sacerdos:genpl","m,III,gen,pl","n,III,gen,pl","n,II,acc,pl","f,II,acc,pl","f,II,acc,pl","f,III,acc,pl","f,III,acc,pl","f,III,acc,pl","f,III,acc,pl","f,III,acc,pl","f,III,acc,pl","n,II,acc,pl","n,II,acc,pl","n,II,acc,sg","n,II,acc,sg","n,II,acc,pl"
"sacerdos:accpl","m,III,acc,pl","f,III,acc,pl","f,III,acc,pl","f,III,acc,pl","f,III,acc,pl","f,III,acc,sg","f,III,acc,pl","f,III,acc,pl","f,III,acc,pl","f,III,acc,pl","f,III,acc,pl","f,III,acc,pl","f,III,acc,pl","f,III,acc,sg","f,III,acc,pl","f,III,acc,pl"
"saeculum:nomsg","n,II,nom,sg","n,II,acc,sg","n,II,acc,sg","n,II,acc,sg","n,II,acc,sg","n,II,acc,sg","n,II,acc,sg","n,II,acc,sg","n,II,acc,sg","n,II,acc,sg","n,II,acc,sg","n,II,acc,sg","n,II,acc,sg","n,II,acc,sg","n,II,acc,sg","n,II,acc,sg"
"saeculum:gensg","n,II,gen,sg","n,II,acc,pl","n,II,acc,pl","n,II,acc,pl","n,II,acc,pl","n,II,acc,pl","n,II,acc,pl","n,II,acc,pl","n,II,acc,pl","n,II,acc,pl","n,II,acc,pl","n,II,acc,pl","n,II,acc,pl","n,II,acc,pl","n,II,acc,pl","n,II,acc,pl"
"saeculum:accsg","n,II,acc,sg","n,II,acc,sg","n,II,acc,sg","n,II,acc,sg","n,II,acc,sg","n,II,acc,sg","n,II,acc,sg","n,II,acc,sg","n,II,acc,sg","n,II,acc,sg","n,II,acc,sg","n,II,acc,sg","n,II,acc,sg","n,II,acc,sg","n,II,acc,sg","n,II,acc,sg"
"saeculum:nompl","n,II,nom,pl","f,II,acc,sg","f,I,acc,sg","f,I,acc,sg","f,I,acc,sg","f,I,acc,sg","f,I,acc,sg","f,I,acc,sg","f,I,acc,pl","f,I,acc,pl","f,I,acc,pl","f,I,acc,pl","f,I,acc,pl","f,I,acc,pl","f,I,acc,pl","f,I,acc,pl"
"saeculum:genpl","n,II,gen,pl","n,II,gen,pl","n,II,acc,pl","n,II,acc,pl","n,II,acc,pl","n,II,acc,pl","n,II,acc,pl","n,II,acc,pl","n,II,acc,pl","n,II,acc,pl","n,II,acc,pl","n,II,acc,pl","n,II,acc,pl","n,II,acc,pl","n,II,acc,pl","n,II,acc,pl"
"saeculum:accpl","n,II,acc,pl","f,II,acc,sg","f,I,acc,sg","f,I,acc,sg","f,I,acc,sg","f,I,acc,sg","f,I,acc,sg","f,I,acc,sg","f,I,acc,pl","f,I,acc,pl","f,I,acc,pl","f,I,acc,pl","f,I,acc,pl","f,I,acc,pl","f,I,acc,pl","f,I,acc,pl"
"sanctor:nomsg","m,III,nom,sg","m,III,nom,sg","n,II,nom,sg","n,III,nom,sg","n,III,acc,sg","f,III,acc,sg","f,III,acc,sg","f,III,acc,sg","f,III,acc,sg","f,III,acc,sg","f,III,acc,sg","f,III,acc,sg","f,III,acc,sg","f,III,acc,sg","f,III,acc,sg","f,III,acc,sg"
"sanctor:gensg","m,III,gen,sg","m,III,acc,sg","f,III,acc,sg","f,III,acc,sg","f,III,acc,sg","f,III,acc,sg","f,III,acc,sg","f,III,acc,sg","f,III,acc,sg","f,III,acc,pl","f,III,acc,pl","f,III,acc,sg","f,III,acc,sg","f,III,acc,sg","f,III,acc,sg","f,III,acc,sg"
"sanctor:accsg","m,III,acc,sg","m,III,acc,sg","m,III,acc,sg","f,III,acc,sg","f,III,acc,sg","f,III,acc,sg","f,III,acc,sg","f,III,acc,sg","f,III,acc,sg","f,III,acc,sg","f,III,acc,sg","f,III,acc,sg","f,III,acc,sg","f,III,acc,sg","f,III,acc,sg","f,III,acc,sg"
"sanctor:nompl","m,III,nom,pl","m,III,acc,pl","m,III,acc,sg","f,III,acc,sg","f,III,acc,sg","f,III,acc,sg","f,III,acc,sg","f,III,acc,sg","f,III,acc,sg","f,III,acc,sg","f,III,acc,sg","f,III,acc,sg","f,III,acc,sg","f,III,acc,sg","f,III,acc,sg","f,III,acc,sg"
"sanctor:genpl","m,III,gen,pl","n,III,gen,pl","m,III,nom,sg","f,III,acc,sg","f,III,acc,sg","f,III,acc,sg","f,II,acc,sg","n,II,acc,sg","n,II,acc,sg","f,III,acc,sg","f,I,acc,sg","f,III,acc,sg","f,III,acc,sg","f,III,acc,sg","f,III,acc,sg","f,III,acc,sg"
"sanctor:accpl","m,III,acc,pl","m,III,acc,pl","m,III,acc,sg","f,III,acc,sg","f,III,acc,sg","f,III,acc,sg","f,III,acc,sg","f,III,acc,sg","f,III,acc,sg","f,III,acc,sg","f,III,acc,sg","f,III,acc,sg","f,III,acc,sg","f,III,acc,sg","f,III,acc,sg","f,III,acc,sg"
"sanguis:nomsg","m,III,nom,sg","m,II,nom,sg","f,II,acc,pl","f,II,nom,sg","f,II,acc,sg","f,III,acc,sg","f,III,acc,sg","f,III,acc,sg","f,III,acc,sg","f,III,acc,sg","f,III,acc,sg","f,III,acc,sg","f,III,acc,sg","f,III,acc,sg","f,III,acc,sg","f,III,acc,sg"
"sanguis:gensg","m,III,gen,sg","f,III,gen,sg","f,III,acc,sg","f,III,acc,sg","f,III,acc,sg","f,III,acc,sg","f,III,acc,sg","f,III,acc,sg","f,III,acc,sg","f,III,acc,sg","f,III,acc,sg","f,III,acc,sg","f,III,acc,sg","f,III,acc,sg","f,III,acc,sg","f,III,acc,sg"
"sanguis:accsg","m,III,acc,sg","m,III,acc,sg","f,III,acc,sg","f,III,acc,sg","f,III,acc,sg","f,III,acc,sg","f,III,acc,sg","f,III,acc,sg","f,III,acc,sg","f,III,acc,sg","f,III,acc,sg","f,III,acc,sg","f,III,acc,sg","f,III,acc,sg","f,III,acc,sg","f,III,acc,sg"
"sanguis:nompl","m,III,nom,pl","m,III,acc,pl","f,III,acc,pl","f,III,acc,pl","f,III,acc,pl","f,III,acc,pl","f,III,acc,sg","f,III,acc,sg","f,III,acc,sg","f,III,acc,sg","f,III,acc,sg","f,III,acc,sg","f,III,acc,sg","f,III,acc,sg","f,III,acc,sg","f,III,acc,sg"
"sanguis:genpl","m,III,gen,pl","f,III,gen,pl","f,II,acc,sg","f,I,acc,pl","f,II,acc,pl","f,III,acc,sg","f,III,acc,pl","f,III,acc,sg","f,III,acc,sg","f,III,acc,sg","f,III,acc,sg","f,III,acc,sg","f,III,acc,sg","f,III,acc,sg","f,III,acc,sg","f,III,acc,sg"
"sanguis:accpl","m,III,acc,pl","m,III,acc,pl","f,III,acc,pl","f,III,acc,pl","f,III,acc,pl","f,III,acc,pl","f,III,acc,sg","f,III,acc,sg","f,III,acc,sg","f,III,acc,sg","f,III,acc,sg","f,III,acc,sg","f,III,acc,sg","f,III,acc,sg","f,III,acc,sg","f,III,acc,sg"
"sapientia:nomsg","f,I,nom,sg","f,I,acc,sg","f,I,acc,sg","f,I,acc,sg","f,I,acc,sg","f,I,acc,sg","f,I,acc,pl","f,I,acc,pl","f,I,acc,pl","f,I,acc,pl","f,I,acc,sg","f,I,acc,sg","f,I,acc,sg","f,III,acc,pl","f,I,acc,pl","f,I,acc,pl"
"sapientia:gensg","f,I,gen,sg","f,I,acc,sg","f,I,acc,pl","f,I,acc,pl","f,I,acc,pl","f,I,acc,pl","f,I,acc,pl","f,I,acc,pl","f,I,acc,pl","f,I,acc,pl","f,I,acc,pl","f,I,acc,pl","f,I,acc,pl","f,III,acc,pl","f,I,acc,pl","f,I,acc,pl"
"sapientia:accsg","f,I,acc,sg","f,I,acc,sg","f,I,acc,sg","f,I,acc,sg","f,II,acc,sg","f,I,acc,sg","f,I,acc,sg","f,I,acc,sg","f,I,acc,sg","f,I,acc,sg","f,I,acc,sg","f,I,acc,sg","f,I,acc,sg","f,III,acc,sg","f,I,acc,sg","f,I,acc,sg"
"sapientia:nompl","f,I,nom,pl","f,I,acc,sg","f,I,acc,pl","f,I,acc,pl","f,I,acc,pl","f,I,acc,pl","f,I,acc,pl","f,I,acc,pl","f,I,acc,pl","f,I,acc,pl","f,I,acc,pl","f,I,acc,pl","f,I,acc,pl","f,III,acc,pl","f,I,acc,pl","f,I,acc,pl"
"sapientia:genpl","f,I,gen,pl","f,I,acc,pl","f,I,acc,pl","f,I,acc,pl","f,II,acc,pl","f,I,acc,pl","f,I,acc,pl","f,I,acc,pl","f,I,acc,pl","f,I,acc,pl","f,I,acc,pl","f,I,acc,pl","f,I,acc,pl","f,III,acc,pl","f,I,acc,pl","f,I,acc,pl"
"sapientia:accpl","f,I,acc,pl","f,I,acc,pl","f,I,acc,pl","f,I,acc,pl","f,II,acc,pl","f,I,acc,pl","f,I,acc,pl","f,I,acc,pl","f,I,acc,pl","f,I,acc,pl","f,I,acc,pl","f,I,acc,pl","f,I,acc,pl","f,III,acc,pl","f,I,acc,pl","f,I,acc,pl"
"scandalum:nomsg","n,II,nom,sg","n,II,acc,sg","n,II,acc,sg","n,II,acc,sg","n,II,acc,sg","n,II,acc,sg","n,II,acc,sg","n,II,acc,sg","n,II,acc,sg","n,II,acc,sg","n,II,acc,sg","n,II,acc,sg","n,II,acc,sg","n,II,acc,sg","n,II,acc,sg","n,II,acc,sg"
"scandalum:gensg","n,II,gen,sg","n,II,acc,sg","n,II,acc,pl","n,II,acc,pl","n,II,acc,pl","n,II,acc,pl","n,II,acc,pl","n,II,acc,pl","n,II,acc,sg","n,II,acc,pl","n,II,acc,pl","n,II,acc,pl","n,II,acc,pl","n,II,acc,pl","n,II,acc,pl","n,II,acc,pl"
"scandalum:accsg","n,II,acc,sg","n,II,acc,sg","n,II,acc,sg","n,II,acc,sg","n,II,acc,sg","n,II,acc,sg","n,II,acc,sg","n,II,acc,sg","n,II,acc,sg","n,II,acc,sg","n,II,acc,sg","n,II,acc,sg","n,II,acc,sg","n,II,acc,sg","n,II,acc,sg","n,II,acc,sg"
"scandalum:nompl","n,II,nom,pl","n,II,acc,sg","n,II,acc,pl","f,I,acc,pl","f,I,acc,sg","f,I,acc,sg","f,I,acc,sg","f,I,acc,sg","f,I,acc,sg","f,III,acc,pl","f,I,acc,pl","f,I,acc,pl","f,I,acc,pl","f,I,acc,pl","f,I,acc,pl","f,I,acc,pl"
"scandalum:genpl","n,II,gen,pl","n,II,gen,pl","n,II,acc,pl","f,I,acc,pl","n,II,acc,pl","n,II,acc,pl","n,II,acc,pl","n,II,acc,pl","n,II,acc,sg","n,II,acc,sg","n,II,acc,pl","n,II,acc,pl","n,II,acc,pl","n,II,acc,pl","n,II,acc,pl","n,II,acc,pl"
"scandalum:accpl","n,II,acc,pl","n,II,acc,sg","n,II,acc,pl","f,I,acc,pl","f,I,acc,sg","f,I,acc,sg","f,I,acc,sg","f,I,acc,sg","f,I,acc,sg","f,III,acc,pl","f,I,acc,pl","f,I,acc,pl","f,I,acc,pl","f,I,acc,pl","f,I,acc,pl","f,I,acc,pl"
"scientia:nomsg","f,I,nom,sg","f,I,acc,sg","f,I,acc,sg","f,I,acc,pl","f,I,acc,pl","f,I,acc,pl","f,I,acc,pl","f,I,acc,pl","f,I,acc,pl","f,I,acc,pl","f,I,acc,sg","f,I,acc,pl","f,I,acc,pl","f,I,acc,pl","f,I,acc,pl","f,I,acc,pl"
"scientia:gensg","f,I,gen,sg","f,I,acc,sg","f,I,acc,pl","f,I,acc,pl","f,I,acc,pl","f,I,acc,pl","f,I,acc,pl","f,I,acc,pl","f,I,acc,pl","f,I,acc,pl","f,I,acc,pl","f,I,acc,pl","f,I,acc,pl","f,I,acc,pl","f,I,acc,pl","f,I,acc,pl"
"scientia:accsg","f,I,acc,sg","f,I,acc,sg","f,I,acc,sg","f,I,acc,sg","f,I,acc,sg","f,I,acc,sg","f,I,acc,pl","f,I,acc,pl","f,I,acc,sg","f,I,acc,sg","f,I,acc,sg","f,I,acc,sg","f,I,acc,sg","f,I,acc,sg","f,I,acc,sg","f,I,acc,sg"
"scientia:nompl","f,I,nom,pl","f,I,acc,sg","f,I,acc,pl","f,I,acc,pl","f,I,acc,pl","f,I,acc,pl","f,I,acc,pl","f,I,acc,pl","f,I,acc,pl","f,I,acc,pl","f,I,acc,pl","f,I,acc,pl","f,I,acc,pl","f,I,acc,pl","f,I,acc,pl","f,I,acc,pl"
"scientia:genpl","f,I,gen,pl","f,I,acc,pl","f,I,acc,pl","f,I,acc,pl","f,I,acc,pl","f,I,acc,pl","f,I,acc,pl","f,I,acc,pl","f,I,acc,pl","f,I,acc,pl","f,I,acc,pl","f,I,acc,pl","f,I,acc,pl","f,I,acc,pl","f,I,acc,pl","f,I,acc,pl"
"scientia:accpl","f,I,acc,pl","f,I,acc,pl","f,I,acc,sg","f,I,acc,pl","f,I,acc,pl","f,I,acc,pl","f,I,acc,pl","f,I,acc,pl","f,I,acc,pl","f,I,acc,pl","f,I,acc,pl","f,I,acc,pl","f,I,acc,pl","f,I,acc,pl","f,I,acc,pl","f,I,acc,pl"
"scintilla:nomsg","f,I,nom,sg","f,I,acc,sg","f,II,acc,sg","f,I,acc,pl","f,I,acc,pl","f,I,acc,pl","f,I,acc,pl","f,I,acc,sg","f,I,acc,sg","f,I,acc,pl","f,I,acc,pl","f,I,acc,pl","f,I,acc,pl","f,I,acc,pl","f,I,acc,pl","f,I,acc,pl"
"scintilla:gensg","f,I,gen,sg","f,I,acc,sg","f,II,acc,sg","f,I,acc,pl","f,I,acc,pl","f,I,acc,pl","f,I,acc,pl","f,I,acc,pl","f,I,acc,pl","f,I,acc,pl","f,I,acc,pl","f,I,acc,pl","f,I,acc,pl","f,I,acc,pl","f,I,acc,pl","f,I,acc,pl"
"scintilla:accsg","f,I,acc,sg","f,I,acc,sg","f,I,acc,sg","f,I,acc,sg","f,I,acc,sg","f,I,acc,sg","f,I,acc,sg","f,I,acc,sg","f,I,acc,sg","f,I,acc,sg","f,I,acc,sg","f,I,acc,sg","f,I,acc,sg","f,I,acc,sg","f,I,acc,sg","f,I,acc,sg"
"scintilla:nompl","f,I,nom,pl","f,I,acc,sg","f,II,acc,sg","f,I,acc,pl","f,I,acc,pl","f,I,acc,pl","f,I,acc,pl","f,I,acc,pl","f,I,acc,pl","f,I,acc,pl","f,I,acc,pl","f,I,acc,pl","f,I,acc,pl","f,I,acc,pl","f,I,acc,pl","f,I,acc,pl"
"scintilla:genpl","f,I,gen,pl","f,I,gen,pl","f,I,acc,pl","f,I,acc,pl","f,I,acc,pl","f,I,acc,pl","f,I,acc,pl","f,I,acc,pl","f,I,acc,pl","f,I,acc,pl","f,I,acc,pl","f,I,acc,pl","f,I,acc,pl","f,I,acc,pl","f,I,acc,pl","f,I,acc,pl"
"scintilla:accpl","f,I,acc,pl","f,I,acc,pl","f,I,acc,pl","f,I,acc,pl","f,I,acc,pl","f,I,acc,pl","f,I,acc,pl","f,I,acc,sg","f,I,acc,pl","f,I,acc,pl","f,I,acc,pl","f,I,acc,pl","f,I,acc,pl","f,I,acc,pl","f,I,acc,pl","f,I,acc,pl"
"scopa:nomsg","f,I,nom,sg","f,III,nom,pl","f,I,acc,pl","f,I,acc,pl","f,I,acc,pl","f,I,acc,pl","f,I,acc,pl","f,I,acc,pl","f,I,acc,pl","f,I,acc,pl","f,I,acc,pl","f,I,acc,pl","f,I,acc,pl","f,I,acc,pl","f,I,acc,pl","f,I,acc,pl"
"scopa:gensg","f,I,gen,sg","f,I,nom,pl","f,I,acc,pl","f,I,acc,pl","f,I,acc,pl","f,I,acc,pl","f,I,acc,pl","f,I,acc,pl","f,I,acc,pl","f,I,acc,pl","f,I,acc,pl","f,I,acc,pl","f,I,acc,pl","f,I,acc,pl","f,I,acc,pl","f,I,acc,pl"
"scopa:accsg","f,I,acc,sg","f,I,acc,sg","f,I,acc,sg","f,I,acc,sg","f,I,acc,sg","f,I,acc,sg","f,I,acc,sg","f,I,acc,sg","f,I,acc,sg","f,I,acc,sg","f,I,acc,sg","f,I,acc,sg","f,I,acc,sg","f,I,acc,sg","f,I,acc,sg","f,I,acc,sg"
"scopa:nompl","f,I,nom,pl","f,I,nom,pl","f,I,acc,pl","f,I,acc,pl","f,I,acc,pl","f,I,acc,pl","f,I,acc,pl","f,I,acc,pl","f,I,acc,pl","f,I,acc,pl","f,I,acc,pl","f,I,acc,pl","f,I,acc,pl","f,I,acc,pl","f,I,acc,pl","f,I,acc,pl"
"scopa:genpl","f,I,gen,pl","f,I,gen,pl","f,I,acc,pl","f,I,acc,pl","f,I,acc,pl","f,I,acc,pl","f,I,acc,pl","f,I,acc,pl","f,I,acc,pl","f,I,acc,pl","f,I,acc,pl","f,I,acc,pl","f,I,acc,pl","f,I,acc,pl","f,III,acc,pl","f,I,acc,pl"
"scopa:accpl","f,I,acc,pl","f,I,acc,pl","f,I,acc,pl","f,I,acc,pl","f,I,acc,pl","f,I,acc,pl","f,I,acc,pl","f,I,acc,pl","f,I,acc,pl","f,I,acc,pl","f,I,acc,pl","f,I,acc,pl","f,I,acc,pl","f,I,acc,pl","f,I,acc,pl","f,I,acc,pl"
"secretum:nomsg","n,II,nom,sg","n,II,acc,sg","n,II,acc,sg","n,II,acc,sg","n,II,acc,sg","n,II,acc,sg","n,II,acc,sg","n,II,acc,sg","n,II,acc,sg","n,II,acc,sg","n,II,acc,sg","n,II,acc,sg","n,II,acc,sg","n,II,acc,sg","n,II,acc,sg","n,II,acc,sg"
"secretum:gensg","n,II,gen,sg","n,II,acc,sg","n,II,acc,sg","n,II,acc,sg","n,II,acc,sg","n,II,acc,sg","n,II,acc,sg","n,II,acc,sg","n,II,acc,sg","n,II,acc,sg","n,II,acc,sg","n,II,acc,sg","n,II,acc,sg","n,II,acc,sg","n,II,acc,sg","n,II,acc,sg"
"secretum:accsg","n,II,acc,sg","n,II,acc,sg","n,II,acc,sg","n,II,acc,sg","n,II,acc,sg","n,II,acc,sg","n,II,acc,sg","n,II,acc,sg","n,II,acc,sg","n,II,acc,sg","n,II,acc,sg","n,II,acc,sg","n,II,acc,sg","n,II,acc,sg","n,II,acc,sg","n,II,acc,sg"
"secretum:nompl","n,II,nom,pl","n,II,acc,sg","f,II,acc,sg","f,II,acc,sg","f,II,acc,sg","f,III,acc,sg","f,III,acc,sg","f,III,acc,sg","f,III,acc,sg","f,III,acc,sg","f,III,acc,sg","f,III,acc,sg","f,III,acc,sg","f,III,acc,sg","f,III,acc,sg","f,III,acc,sg"
"secretum:genpl","n,II,gen,pl","n,II,acc,pl","n,II,acc,pl","n,II,acc,pl","n,II,acc,pl","f,III,acc,pl","f,II,acc,pl","n,II,acc,pl","n,II,acc,pl","n,II,acc,pl","n,II,acc,pl","n,II,acc,pl","n,II,acc,pl","n,II,acc,pl","n,II,acc,pl","n,II,acc,pl"
"secretum:accpl","n,II,acc,pl","n,II,nom,pl","f,I,acc,pl","f,II,acc,pl","f,I,acc,pl","f,I,acc,pl","f,I,acc,pl","f,I,acc,pl","f,I,acc,pl","f,I,acc,pl","f,I,acc,pl","f,I,acc,pl","f,I,acc,pl","f,I,acc,pl","f,I,acc,pl","f,I,acc,pl"
"semen:nomsg","n,III,nom,sg","n,III,acc,sg","n,III,acc,sg","f,III,acc,sg","f,III,acc,sg","f,III,acc,sg","f,III,acc,sg","f,III,acc,sg","f,III,acc,sg","f,III,acc,sg","f,III,acc,sg","f,III,acc,sg","f,III,acc,sg","f,III,acc,sg","f,III,acc,sg","f,III,acc,sg"
"semen:gensg","n,III,gen,sg","m,III,acc,sg","m,III,acc,sg","f,III,acc,sg","f,III,acc,sg","f,III,acc,sg","f,III,acc,sg","f,III,acc,sg","f,III,acc,sg","f,III,acc,sg","f,III,acc,sg","f,III,acc,sg","f,III,acc,sg","f,III,acc,sg","f,III,acc,sg","f,III,acc,sg"
"semen:accsg","n,III,acc,sg","n,III,acc,sg","n,III,acc,sg","f,III,acc,sg","f,III,acc,sg","f,III,acc,sg","f,III,acc,sg","f,III,acc,sg","f,III,acc,sg","f,III,acc,sg","f,III,acc,sg","f,III,acc,sg","f,III,acc,sg","f,III,acc,sg","f,III,acc,sg","f,III,acc,sg"
"semen:nompl","n,III,nom,pl","n,III,acc,pl","n,III,acc,pl","n,III,acc,pl","f,III,acc,pl","f,III,acc,pl","f,III,acc,pl","f,III,acc,sg","f,III,acc,sg","f,III,acc,sg","f,III,acc,sg","f,III,acc,sg","f,III,acc,sg","f,III,acc,sg","f,III,acc,sg","f,III,acc,sg"
"semen:genpl","n,III,gen,pl","f,III,acc,pl","n,III,acc,pl","n,III,acc,pl","f,III,acc,sg","f,III,acc,sg","f,III,acc,sg","f,III,acc,sg","f,III,acc,sg","f,III,acc,sg","f,III,acc,sg","f,III,acc,sg","f,III,acc,sg","f,III,acc,sg","f,III,acc,sg","f,III,acc,sg"
"semen:accpl","n,III,acc,pl","n,III,acc,pl","n,III,acc,pl","n,III,acc,pl","f,III,acc,pl","f,III,acc,pl","f,III,acc,pl","f,III,acc,sg","f,III,acc,sg","f,III,acc,sg","f,III,acc,sg","f,III,acc,sg","f,III,acc,sg","f,III,acc,sg","f,III,acc,sg","f,III,acc,sg"
"semis:nomsg","m,III,nom,sg","m,III,acc,sg","f,III,nom,sg","f,III,acc,sg","f,III,nom,sg","f,III,acc,sg","f,III,acc,sg","f,III,acc,sg","f,III,acc,sg","f,III,acc,sg","f,III,acc,sg","f,III,acc,sg","f,III,acc,sg","f,III,acc,sg","f,III,acc,sg","f,III,acc,sg"
"semis:gensg","m,III,gen,sg","f,III,acc,sg","m,III,acc,sg","f,III,acc,pl","f,III,acc,sg","f,III,acc,sg","f,III,acc,sg","f,III,acc,sg","f,III,acc,sg","f,III,acc,sg","f,III,acc,sg","f,III,acc,sg","f,III,acc,sg","f,III,acc,sg","f,III,acc,sg","f,III,acc,sg"
"semis:accsg","m,III,acc,sg","f,III,acc,sg","f,III,nom,sg","f,III,acc,sg","f,III,acc,sg","f,III,acc,sg","f,III,acc,sg","f,III,acc,sg","f,III,acc,sg","f,III,acc,sg","f,III,acc,sg","f,III,acc,sg","f,III,acc,sg","f,III,acc,sg","f,III,acc,sg","f,III,acc,sg"
"semis:nompl","m,III,nom,pl","m,III,acc,sg","m,III,acc,sg","f,III,acc,pl","f,III,acc,pl","f,III,acc,sg","f,III,acc,sg","f,III,acc,pl","f,III,acc,pl","f,III,acc,sg","f,III,acc,sg","f,III,acc,sg","f,III,acc,sg","f,III,acc,sg","f,III,acc,sg","f,III,acc,sg"
"semis:genpl","m,III,gen,pl","f,III,gen,sg","f,III,nom,pl","f,III,acc,pl","f,III,acc,sg","f,III,acc,sg","f,III,acc,sg","f,III,acc,sg","f,III,acc,sg","f,III,acc,sg","f,III,acc,sg","f,III,acc,sg","f,III,acc,sg","f,III,acc,sg","f,II,acc,sg","f,III,acc,sg"
"semis:accpl","m,III,acc,pl","m,III,acc,sg","m,III,acc,sg","f,III,acc,pl","f,III,acc,pl","f,III,acc,sg","f,III,acc,sg","f,III,acc,pl","f,III,acc,pl","f,III,acc,sg","f,III,acc,sg","f,III,acc,sg","f,III,acc,sg","f,III,acc,sg","f,III,acc,sg","f,III,acc,sg"
"semita:nomsg","f,I,nom,sg","n,I,acc,sg","f,I,acc,sg","f,I,acc,sg","f,I,acc,pl","f,I,acc,pl","f,I,acc,sg","f,I,acc,sg","f,I,acc,pl","f,I,acc,pl","f,I,acc,pl","f,I,acc,pl","f,I,acc,pl","f,I,acc,pl","f,I,acc,pl","f,I,acc,pl"
"semita:gensg","f,I,gen,sg","f,I,acc,pl","f,I,acc,pl","f,I,acc,pl","f,I,acc,pl","f,I,acc,pl","f,I,acc,pl","f,I,acc,pl","f,I,acc,pl","f,I,acc,pl","f,I,acc,pl","f,I,acc,pl","f,I,acc,pl","f,I,acc,pl","f,I,acc,pl","f,I,acc,pl"
"semita:accsg","f,I,acc,sg","f,I,acc,sg","f,I,acc,sg","f,I,acc,sg","f,I,acc,sg","f,I,acc,sg","f,I,acc,sg","f,III,acc,sg","f,I,acc,sg","f,I,acc,sg","f,I,acc,sg","f,I,acc,sg","f,I,acc,sg","f,I,acc,sg","f,I,acc,sg","f,I,acc,sg"
"semita:nompl","f,I,nom,pl","f,I,acc,pl","f,I,acc,pl","f,I,acc,pl","f,I,acc,pl","f,I,acc,pl","f,I,acc,pl","f,I,acc,pl","f,I,acc,pl","f,I,acc,pl","f,I,acc,pl","f,I,acc,pl","f,I,acc,pl","f,I,acc,pl","f,I,acc,pl","f,I,acc,pl"
"semita:genpl","f,I,gen,pl","f,I,gen,pl","f,I,acc,pl","f,I,acc,pl","f,I,acc,pl","f,I,acc,pl","f,I,acc,pl","f,I,acc,pl","f,I,acc,pl","f,I,acc,pl","f,I,acc,pl","f,I,acc,pl","f,I,acc,pl","f,I,acc,pl","f,I,acc,pl","f,I,acc,pl"
"semita:accpl","f,I,acc,pl","f,I,acc,pl","f,I,acc,pl","f,I,acc,pl","f,I,acc,pl","f,I,acc,pl","f,I,acc,pl","f,I,acc,sg","f,I,acc,pl","f,I,acc,pl","f,I,acc,pl","f,I,acc,pl","f,I,acc,pl","f,I,acc,pl","f,I,acc,pl","f,I,acc,pl"
"senior:nomsg","m,III,nom,sg","n,II,acc,sg","n,III,acc,sg","n,III,acc,sg","n,III,acc,sg","n,II,acc,sg","f,III,acc,sg","f,III,acc,sg","n,II,acc,sg","n,II,acc,sg","n,II,acc,sg","f,III,acc,sg","n,II,acc,sg","n,II,acc,sg","n,II,acc,sg","n,II,acc,sg"
"senior:gensg","m,III,gen,sg","m,III,acc,pl","m,III,acc,pl","f,III,acc,pl","f,III,acc,sg","f,III,acc,sg","f,III,acc,sg","f,III,acc,sg","f,III,acc,sg","f,III,acc,sg","f,III,acc,sg","f,III,acc,pl","f,III,acc,pl","f,III,acc,pl","f,III,acc,sg","f,III,acc,sg"
"senior:accsg","m,III,acc,sg","m,III,acc,sg","m,III,acc,sg","f,III,acc,sg","f,III,acc,sg","f,III,acc,sg","f,III,acc,sg","f,III,acc,sg","f,III,acc,sg","f,III,acc,sg","f,III,acc,sg","f,III,acc,sg","f,III,acc,sg","f,III,acc,sg","f,III,acc,sg","f,III,acc,sg"
"senior:nompl","m,III,nom,pl","n,III,acc,pl","m,III,acc,pl","f,III,acc,pl","f,III,acc,sg","f,III,acc,sg","f,III,acc,sg","f,III,acc,sg","f,III,acc,sg","f,III,acc,sg","f,III,acc,sg","f,III,acc,sg","f,III,acc,sg","f,III,acc,sg","f,III,acc,sg","f,III,acc,sg"
"senior:genpl","m,III,gen,pl","n,II,acc,pl","m,III,acc,pl","n,III,acc,pl","f,III,acc,pl","n,II,acc,pl","f,III,acc,sg","n,II,acc,pl","n,II,acc,sg","n,II,acc,sg","f,III,acc,sg","n,II,acc,pl","n,II,acc,sg","f,III,acc,sg","n,II,acc,sg","n,II,acc,sg"
"senior:accpl","m,III,acc,pl","n,III,acc,pl","m,III,acc,pl","f,III,acc,pl","f,III,acc,sg","f,III,acc,sg","f,III,acc,sg","f,III,acc,sg","f,III,acc,sg","f,III,acc,sg","f,III,acc,sg","f,III,acc,sg","f,III,acc,sg","f,III,acc,sg","f,III,acc,sg","f,III,acc,sg"
"sensus:nomsg","m,IV,nom,sg","m,IV,nom,sg","m,IV,nom,sg","n,II,nom,sg","n,II,acc,sg","n,II,acc,sg","n,II,acc,sg","n,II,acc,sg","n,II,acc,sg","n,II,acc,sg","n,II,acc,sg","n,II,acc,sg","n,II,acc,sg","n,II,acc,sg","n,II,acc,sg","n,II,acc,sg"
"sensus:gensg","m,IV,gen,sg","m,IV,acc,pl","m,IV,acc,pl","f,II,acc,pl","n,II,acc,pl","n,II,acc,pl","n,II,acc,pl","n,II,acc,pl","n,II,acc,pl","n,II,acc,pl","n,II,acc,pl","n,II,acc,pl","n,II,acc,pl","n,II,acc,pl","n,II,acc,pl","n,II,acc,pl"
"sensus:accsg","m,IV,acc,sg","m,IV,acc,sg","m,IV,acc,sg","f,II,nom,sg","n,II,acc,sg","n,II,acc,sg","n,II,acc,sg","n,II,acc,sg","n,II,acc,sg","n,II,acc,sg","n,II,acc,sg","n,II,acc,sg","n,II,acc,sg","n,II,acc,sg","n,II,acc,sg","n,II,acc,sg"
"sensus:nompl","m,IV,nom,pl","m,IV,acc,pl","m,IV,acc,pl","f,II,acc,pl","n,II,acc,pl","n,II,acc,pl","n,II,acc,pl","n,II,acc,pl","n,II,acc,pl","n,II,acc,pl","n,II,acc,pl","n,II,acc,pl","n,II,acc,pl","n,II,acc,pl","n,II,acc,pl","n,II,acc,pl"
"sensus:genpl","m,IV,gen,pl","n,II,acc,pl","m,IV,acc,pl","f,I,acc,sg","n,II,acc,pl","n,II,acc,sg","n,II,acc,sg","n,II,acc,sg","n,II,acc,sg","n,II,acc,sg","n,II,acc,sg","n,II,acc,sg","n,II,acc,sg","n,II,acc,sg","n,II,acc,sg","n,II,acc,sg"
"sensus:accpl","m,IV,acc,pl","m,IV,acc,pl","m,IV,acc,pl","f,II,acc,pl","n,II,acc,pl","n,II,acc,pl","n,II,acc,pl","n,II,acc,pl","n,II,acc,pl","n,II,acc,pl","n,II,acc,pl","n,II,acc,pl","n,II,acc,pl","n,II,acc,pl","n,II,acc,pl","n,II,acc,pl"
"series:nomsg","f,V,nom,sg","f,III,acc,pl","f,I,acc,sg","f,I,acc,pl","f,II,acc,pl","f,III,acc,pl","f,III,acc,pl","f,III,acc,pl","f,I,acc,pl","f,III,acc,pl","f,III,acc,pl","f,III,acc,pl","f,III,acc,pl","f,III,acc,pl","f,III,acc,pl","f,III,acc,pl"
"series:gensg","f,V,gen,sg","m,II,acc,pl","f,III,acc,sg","f,III,acc,pl","f,III,acc,pl","f,III,acc,pl","f,III,acc,sg","f,III,acc,pl","f,III,acc,pl","f,III,acc,pl","f,III,acc,pl","f,III,acc,pl","f,III,acc,pl","f,III,acc,pl","f,III,acc,pl","f,III,acc,pl"
"series:accsg","f,V,acc,sg","n,II,acc,sg","f,III,acc,sg","f,III,acc,sg","f,II,acc,sg","f,III,acc,sg","f,III,acc,sg","f,III,acc,sg","f,I,acc,sg","f,III,acc,sg","f,III,acc,sg","f,III,acc,sg","f,III,acc,sg","f,III,acc,sg","f,III,acc,sg","f,III,acc,sg"
"series:nompl","f,V,nom,pl","f,III,acc,pl","f,I,acc,sg","f,I,acc,pl","f,II,acc,pl","f,III,acc,pl","f,III,acc,pl","f,III,acc,pl","f,I,acc,pl","f,III,acc,pl","f,III,acc,pl","f,III,acc,pl","f,III,acc,pl","f,III,acc,pl","f,III,acc,pl","f,III,acc,pl"
"series:genpl","f,V,gen,pl","f,III,gen,pl","f,II,acc,pl","f,II,acc,pl","f,II,acc,pl","f,III,acc,pl","f,III,acc,pl","f,III,acc,sg","f,I,acc,pl","f,III,acc,pl","f,III,acc,pl","n,III,acc,pl","n,II,acc,pl","f,III,acc,pl","f,III,acc,pl","f,III,acc,pl"
"series:accpl","f,V,acc,pl","f,III,acc,pl","f,I,acc,sg","f,I,acc,pl","f,II,acc,pl","f,III,acc,pl","f,III,acc,pl","f,III,acc,pl","f,I,acc,pl","f,III,acc,pl","f,III,acc,pl","f,III,acc,pl","f,III,acc,pl","f,III,acc,pl","f,III,acc,pl","f,III,acc,pl"
"sermo:nomsg","m,III,nom,sg","n,III,acc,sg","n,II,acc,sg","n,III,acc,pl","n,II,acc,pl","f,III,acc,pl","n,II,acc,pl","n,II,acc,pl","n,II,acc,pl","n,II,acc,pl","n,II,acc,pl","n,II,acc,pl","n,II,acc,pl","n,II,acc,pl","n,II,acc,pl","n,II,acc,pl"
"sermo:gensg","m,III,gen,sg","m,III,gen,sg","f,III,acc,sg","f,III,acc,pl","f,III,acc,pl","f,III,acc,pl","f,III,acc,pl","f,III,acc,pl","f,III,acc,pl","f,III,acc,pl","f,III,acc,pl","f,III,acc,pl","f,III,acc,pl","f,III,acc,pl","f,III,acc,pl","f,III,acc,pl"
"sermo:accsg","m,III,acc,sg","n,III,acc,sg","f,III,acc,sg","f,III,acc,sg","f,III,acc,sg","f,III,acc,sg","f,III,acc,sg","f,III,acc,sg","f,III,acc,sg","f,III,acc,sg","f,III,acc,sg","f,III,acc,sg","f,III,acc,sg","f,III,acc,sg","f,III,acc,sg","f,III,acc,sg"
"sermo:nompl","m,III,nom,pl","n,III,acc,pl","f,III,acc,pl","f,III,acc,pl","f,III,acc,pl","f,III,acc,pl","f,III,acc,pl","f,III,acc,pl","f,III,acc,pl","f,III,acc,pl","f,III,acc,pl","f,III,acc,pl","f,III,acc,pl","f,III,acc,pl","f,III,acc,pl","f,III,acc,pl"
"sermo:genpl","m,III,gen,pl","n,III,gen,pl","f,III,acc,sg","f,III,acc,pl","f,III,acc,pl","f,III,acc,pl","n,II,acc,pl","f,I,acc,pl","n,II,acc,pl","f,III,acc,sg","n,II,acc,pl","n,II,acc,pl","n,II,acc,pl","n,II,acc,pl","n,II,acc,pl","n,II,acc,pl"
"sermo:accpl","m,III,acc,pl","n,III,acc,pl","f,III,acc,pl","f,III,acc,pl","f,III,acc,pl","f,III,acc,pl","f,III,acc,pl","f,III,acc,pl","f,III,acc,pl","f,III,acc,pl","f,III,acc,pl","f,III,acc,pl","f,III,acc,pl","f,III,acc,pl","f,III,acc,pl","f,III,acc,pl"
"serpens:nomsg","f,III,nom,sg","f,III,acc,sg","f,III,acc,pl","f,III,acc,pl","f,III,acc,pl","f,III,acc,pl","f,III,acc,pl","f,III,acc,pl","f,III,acc,pl","f,III,acc,pl","f,III,acc,pl","f,III,acc,pl","f,III,acc,pl","f,III,acc,pl","f,III,acc,pl","f,III,acc,pl"
"serpens:gensg","f,III,gen,sg","f,III,acc,sg","f,III,acc,sg","f,III,acc,sg","f,III,acc,sg","f,III,acc,sg","f,III,acc,sg","f,III,acc,sg","f,III,acc,sg","f,III,acc,sg","f,III,acc,sg","f,III,acc,sg","f,III,acc,sg","f,III,acc,sg","f,III,acc,sg","f,III,acc,sg"
"serpens:accsg","f,III,acc,sg","n,III,acc,sg","f,III,acc,sg","f,III,acc,sg","f,III,acc,sg","f,III,acc,sg","f,III,acc,sg","f,III,acc,sg","f,III,acc,sg","f,III,acc,sg","f,III,acc,sg","f,III,acc,sg","f,III,acc,sg","f,III,acc,sg","f,III,acc,sg","f,III,acc,sg"
"serpens:nompl","f,III,nom,pl","f,III,acc,sg","f,III,acc,pl","f,III,acc,pl","f,III,acc,pl","f,III,acc,sg","f,III,acc,sg","f,III,acc,sg","f,III,acc,sg","f,III,acc,sg","f,III,acc,sg","f,III,acc,sg","f,III,acc,sg","f,III,acc,sg","f,III,acc,sg","f,III,acc,sg"
"serpens:genpl","f,III,gen,pl","f,III,acc,sg","f,III,acc,sg","f,III,acc,sg","f,III,acc,sg","f,III,acc,sg","f,III,acc,sg","f,III,acc,sg","f,III,acc,sg","f,III,acc,sg","f,III,acc,sg","f,III,acc,sg","f,III,acc,sg","f,III,acc,sg","f,III,acc,sg","f,III,acc,sg"
"serpens:accpl","f,III,acc,pl","f,III,acc,sg","f,III,acc,pl","f,III,acc,pl","f,III,acc,pl","f,III,acc,sg","f,III,acc,sg","f,III,acc,sg","f,III,acc,sg","f,III,acc,sg","f,III,acc,sg","f,III,acc,sg","f,III,acc,sg","f,III,acc,sg","f,III,acc,sg","f,III,acc,sg"
"servus:nomsg","m,II,nom,sg","n,II,nom,sg","n,II,nom,sg","n,II,nom,sg","n,II,nom,sg","n,II,acc,sg","n,II,acc,sg","n,II,acc,sg","n,II,acc,sg","n,II,acc,sg","n,II,acc,sg","n,II,acc,sg","n,II,acc,sg","n,II,acc,sg","n,II,acc,sg","n,II,acc,sg"
"servus:gensg","m,II,gen,sg","n,II,acc,pl","n,II,acc,pl","n,II,acc,pl","n,II,acc,pl","n,II,acc,pl","n,II,acc,pl","n,II,acc,pl","n,II,acc,pl","n,II,acc,pl","n,II,acc,pl","n,II,acc,pl","n,II,acc,pl","n,II,acc,pl","n,II,acc,pl","n,II,acc,pl"
"servus:accsg","m,II,acc,sg","n,II,acc,sg","n,II,acc,sg","n,II,acc,sg","n,II,acc,sg","n,II,acc,sg","n,II,acc,sg","n,II,acc,sg","n,II,acc,sg","n,II,acc,sg","n,II,acc,sg","n,II,acc,sg","n,II,acc,sg","n,II,acc,sg","n,II,acc,sg","n,II,acc,sg"
"servus:nompl","m,II,nom,pl","n,II,acc,pl","n,II,acc,pl","n,II,acc,pl","n,II,acc,pl","n,II,acc,pl","n,II,acc,pl","n,II,acc,pl","n,II,acc,pl","n,II,acc,pl","n,II,acc,pl","n,II,acc,pl","n,II,acc,pl","n,II,acc,pl","n,II,acc,pl","n,II,acc,pl"
"servus:genpl","m,II,gen,pl","n,II,gen,pl","n,II,acc,pl","m,III,acc,pl","f,II,acc,pl","f,II,acc,pl","n,II,acc,pl","n,II,acc,pl","n,II,acc,pl","n,II,acc,pl","n,II,acc,pl","n,II,acc,pl","n,II,acc,pl","n,II,acc,pl","n,II,acc,pl","n,II,acc,pl"
"servus:accpl","m,II,acc,pl","m,II,acc,pl","m,III,acc,sg","f,III,acc,pl","f,III,acc,sg","f,III,acc,pl","n,II,acc,pl","n,II,acc,pl","n,II,acc,pl","n,II,acc,pl","n,II,acc,pl","n,II,acc,pl","n,II,acc,pl","n,II,acc,pl","n,II,acc,pl","n,II,acc,pl"
"sexus:nomsg","m,IV,nom,sg","m,IV,nom,sg","n,II,nom,sg","n,II,nom,sg","n,II,acc,sg","n,II,acc,sg","n,II,acc,sg","n,II,acc,sg","n,II,acc,sg","n,II,acc,sg","n,II,acc,sg","n,II,acc,sg","n,II,acc,sg","n,II,acc,sg","n,II,acc,sg","n,II,acc,sg"
"sexus:gensg","m,IV,gen,sg","m,IV,acc,pl","m,II,acc,pl","n,II,nom,pl","n,II,acc,pl","n,II,acc,pl","n,II,acc,pl","n,II,acc,pl","n,II,acc,pl","n,II,acc,pl","n,II,acc,pl","n,II,acc,pl","n,II,acc,pl","n,II,acc,pl","n,II,acc,pl","n,II,acc,pl"
"sexus:accsg","m,IV,acc,sg","m,IV,acc,sg","n,II,acc,sg","n,II,acc,sg","n,II,acc,sg","n,II,acc,sg","n,II,acc,sg","n,II,acc,sg","n,II,acc,sg","n,II,acc,sg","n,II,acc,sg","n,II,acc,sg","n,II,acc,sg","n,II,acc,sg","n,II,acc,sg","n,II,acc,sg"
"sexus:nompl","m,IV,nom,pl","m,IV,acc,pl","m,II,acc,pl","n,II,nom,pl","n,II,acc,pl","n,II,acc,pl","n,II,acc,pl","n,II,acc,pl","n,II,acc,pl","n,II,acc,pl","n,II,acc,pl","n,II,acc,pl","n,II,acc,pl","n,II,acc,pl","n,II,acc,pl","n,II,acc,pl"
"sexus:genpl","m,IV,gen,pl","m,II,acc,pl","n,II,acc,pl","n,II,acc,sg","n,II,acc,pl","n,II,acc,sg","n,II,acc,sg","n,II,acc,sg","n,II,acc,sg","n,II,acc,sg","n,II,acc,sg","n,II,acc,sg","n,II,acc,sg","n,II,acc,sg","n,II,acc,sg","n,II,acc,sg"
"sexus:accpl","m,IV,acc,pl","m,IV,acc,pl","m,II,acc,pl","n,II,nom,pl","n,II,acc,pl","n,II,acc,pl","n,II,acc,pl","n,II,acc,pl","n,II,acc,pl","n,II,acc,pl","n,II,acc,pl","n,II,acc,pl","n,II,acc,pl","n,II,acc,pl","n,II,acc,pl","n,II,acc,pl"
"signum:nomsg","n,II,nom,sg","n,II,acc,sg","n,II,acc,sg","n,II,acc,sg","n,II,acc,sg","n,II,acc,sg","n,II,acc,sg","n,II,acc,sg","n,II,acc,sg","n,II,acc,sg","n,II,acc,sg","n,II,acc,sg","n,II,acc,sg","n,II,acc,sg","n,II,acc,sg","n,II,acc,sg"
"signum:gensg","n,II,gen,sg","n,II,acc,sg","n,II,acc,pl","n,II,acc,pl","n,II,acc,pl","n,II,acc,pl","n,II,acc,pl","n,II,acc,pl","n,II,acc,pl","n,II,acc,pl","n,II,acc,pl","n,II,acc,pl","n,II,acc,pl","n,II,acc,pl","n,II,acc,pl","n,II,acc,pl"
"signum:accsg","n,II,acc,sg","n,II,acc,sg","n,II,acc,sg","n,II,acc,sg","n,II,acc,sg","n,II,acc,sg","n,II,acc,sg","n,II,acc,sg","n,II,acc,sg","n,II,acc,sg","n,II,acc,sg","n,II,acc,sg","n,II,acc,sg","n,II,acc,sg","n,II,acc,sg","n,II,acc,sg"
"signum:nompl","n,II,nom,pl","n,II,acc,pl","f,II,acc,pl","f,I,acc,sg","f,I,acc,sg","f,I,acc,pl","f,I,acc,pl","f,I,acc,pl","f,I,acc,pl","f,I,acc,pl","f,I,acc,pl","f,I,acc,pl","f,I,acc,pl","f,I,acc,pl","f,I,acc,pl","f,I,acc,pl"
"signum:genpl","n,II,gen,pl","n,II,gen,pl","n,II,acc,pl","n,II,acc,pl","f,II,acc,pl","n,II,acc,pl","n,II,acc,pl","n,II,acc,pl","n,II,acc,pl","n,II,acc,pl","n,II,acc,pl","n,II,acc,pl","n,II,acc,pl","n,II,acc,pl","n,II,acc,pl","n,II,acc,pl"
"signum:accpl","n,II,acc,pl","n,II,acc,pl","f,II,acc,pl","f,I,acc,sg","f,I,acc,sg","f,I,acc,pl","f,I,acc,pl","f,I,acc,pl","f,I,acc,pl","f,I,acc,pl","f,I,acc,pl","f,I,acc,pl","f,I,acc,pl","f,I,acc,pl","f,I,acc,pl","f,I,acc,pl"
"silva:nomsg","f,I,nom,sg","f,I,acc,sg","f,I,acc,sg","f,I,acc,sg","f,I,acc,sg","f,I,acc,pl","f,I,acc,pl","f,I,acc,pl","f,I,acc,pl","f,I,acc,pl","f,I,acc,pl","f,I,acc,pl","f,I,acc,pl","f,I,acc,pl","f,I,acc,pl","f,I,acc,pl"
"silva:gensg","f,I,gen,sg","f,I,acc,pl","f,I,acc,pl","f,I,acc,pl","f,I,acc,pl","f,I,acc,pl","f,I,acc,pl","f,I,acc,pl","f,I,acc,pl","f,I,acc,pl","f,I,acc,pl","f,I,acc,pl","f,I,acc,pl","f,I,acc,pl","f,I,acc,pl","f,I,acc,pl"
"silva:accsg","f,I,acc,sg","f,I,acc,sg","f,I,acc,sg","f,I,acc,sg","f,I,acc,sg","f,I,acc,sg","f,I,acc,sg","f,I,acc,sg","f,I,acc,sg","f,I,acc,sg","f,I,acc,sg","f,I,acc,sg","f,I,acc,sg","f,I,acc,sg","f,I,acc,sg","f,I,acc,sg"
"silva:nompl","f,I,nom,pl","f,I,acc,pl","f,I,acc,pl","f,I,acc,pl","f,I,acc,pl","f,I,acc,pl","f,I,acc,pl","f,I,acc,pl","f,I,acc,pl","f,I,acc,pl","f,I,acc,pl","f,I,acc,pl","f,I,acc,pl","f,I,acc,pl","f,I,acc,pl","f,I,acc,pl"
"silva:genpl","f,I,gen,pl","f,I,gen,pl","f,I,acc,pl","f,I,acc,pl","f,I,acc,pl","f,I,acc,pl","f,I,acc,pl","f,I,acc,pl","f,I,acc,pl","f,I,acc,pl","f,I,acc,pl","f,I,acc,pl","f,I,acc,pl","f,I,acc,pl","f,I,acc,pl","f,I,acc,pl"
"silva:accpl","f,I,acc,pl","f,I,acc,pl","f,I,acc,pl","f,I,acc,pl","f,I,acc,pl","f,I,acc,pl","f,I,acc,pl","f,I,acc,pl","f,I,acc,pl","f,I,acc,pl","f,I,acc,pl","f,I,acc,pl","f,I,acc,pl","f,I,acc,pl","f,I,acc,pl","f,I,acc,pl"
"sinus:nomsg","m,IV,nom,sg","f,II,nom,sg","n,II,nom,sg","n,II,nom,sg","n,II,nom,sg","n,II,acc,sg","n,II,acc,sg","n,II,acc,sg","n,II,acc,sg","n,II,acc,sg","n,II,acc,sg","n,II,acc,sg","n,II,acc,sg","n,II,acc,sg","n,II,acc,sg","n,II,acc,sg"
"sinus:gensg","m,IV,gen,sg","f,II,acc,pl","m,II,acc,pl","n,II,acc,pl","n,II,acc,pl","n,II,acc,pl","n,II,acc,pl","n,II,acc,pl","n,II,acc,pl","n,II,acc,pl","n,II,acc,pl","n,II,acc,pl","n,II,acc,pl","n,II,acc,pl","n,II,acc,pl","n,II,acc,pl"
"sinus:accsg","m,IV,acc,sg","n,II,acc,sg","n,II,acc,sg","n,II,acc,sg","n,II,acc,sg","n,II,acc,sg","n,II,acc,sg","n,II,acc,sg","n,II,acc,sg","n,II,acc,sg","n,II,acc,sg","n,II,acc,sg","n,II,acc,sg","n,II,acc,sg","n,II,acc,sg","n,II,acc,sg"
"sinus:nompl","m,IV,nom,pl","f,II,acc,pl","m,II,acc,pl","n,II,acc,pl","n,II,acc,pl","n,II,acc,pl","n,II,acc,pl","n,II,acc,pl","n,II,acc,pl","n,II,acc,pl","n,II,acc,pl","n,II,acc,pl","n,II,acc,pl","n,II,acc,pl","n,II,acc,pl","n,II,acc,pl"
"sinus:genpl","m,IV,gen,pl","m,II,acc,pl","n,II,acc,pl","n,II,acc,sg","n,II,acc,sg","n,II,acc,sg","n,II,acc,sg","n,II,acc,pl","n,II,acc,sg","n,II,acc,sg","n,II,acc,sg","n,II,acc,sg","n,II,acc,sg","n,II,acc,sg","n,II,acc,sg","n,II,acc,sg"
"sinus:accpl","m,IV,acc,pl","f,II,acc,pl","m,II,acc,pl","n,II,acc,pl","n,II,acc,pl","n,II,acc,pl","n,II,acc,pl","n,II,acc,pl","n,II,acc,pl","n,II,acc,pl","n,II,acc,pl","n,II,acc,pl","n,II,acc,pl","n,II,acc,pl","n,II,acc,pl","n,II,acc,pl"
"societas:nomsg","f,III,nom,sg","f,I,acc,pl","f,I,acc,pl","f,I,acc,pl","f,I,acc,pl","f,I,acc,sg","f,I,acc,pl","f,I,acc,pl","f,I,acc,pl","f,I,acc,pl","f,I,acc,pl","f,I,acc,pl","f,I,acc,pl","f,I,acc,pl","f,I,acc,pl","f,I,acc,pl"
"societas:gensg","f,III,gen,sg","f,III,acc,pl","f,II,acc,sg","f,III,acc,pl","f,II,acc,pl","f,III,acc,sg","f,III,acc,sg","f,III,acc,sg","f,III,acc,pl","f,I,acc,pl","f,I,acc,pl","f,III,acc,pl","f,III,acc,pl","f,III,acc,pl","f,III,acc,pl","f,III,acc,pl"
"societas:accsg","f,III,acc,sg","f,I,acc,sg","f,III,acc,pl","f,III,acc,pl","f,II,acc,pl","f,III,acc,sg","f,III,acc,sg","f,III,acc,sg","f,III,acc,pl","f,I,acc,sg","f,I,acc,sg","f,III,acc,sg","f,III,acc,pl","f,III,acc,pl","f,III,acc,pl","f,III,acc,pl"
"societas:nompl","f,III,nom,pl","f,I,acc,pl","f,III,acc,pl","f,III,acc,pl","f,II,acc,pl","f,III,acc,sg","f,III,acc,sg","f,III,acc,pl","f,III,acc,pl","f,III,acc,pl","f,III,acc,pl","f,III,acc,pl","f,III,acc,pl","f,III,acc,pl","f,III,acc,pl","f,III,acc,pl"
"societas:genpl","f,III,gen,pl","f,I,acc,pl","f,I,acc,pl","f,I,acc,pl","f,II,acc,pl","f,I,acc,sg","f,I,acc,sg","f,I,acc,pl","f,I,acc,pl","f,I,acc,pl","f,I,acc,pl","f,I,acc,pl","f,III,acc,pl","n,II,acc,pl","f,I,acc,pl","f,I,acc,pl"
"societas:accpl","f,III,acc,pl","f,I,acc,pl","f,III,acc,pl","f,III,acc,pl","f,II,acc,pl","f,III,acc,sg","f,III,acc,sg","f,III,acc,pl","f,III,acc,pl","f,III,acc,pl","f,III,acc,pl","f,III,acc,pl","f,III,acc,pl","f,III,acc,pl","f,III,acc,pl","f,III,acc,pl"
"socrus:nomsg","f,IV,nom,sg","m,II,nom,sg","m,II,acc,pl","n,II,nom,sg","n,II,acc,sg","n,II,acc,sg","n,II,acc,sg","n,II,acc,sg","n,II,acc,sg","n,II,acc,sg","n,II,acc,sg","n,II,acc,sg","n,II,acc,sg","n,II,acc,sg","n,II,acc,sg","n,II,acc,sg"
"socrus:gensg","f,IV,gen,sg","f,II,acc,pl","m,II,acc,pl","n,II,acc,pl","n,II,acc,pl","n,II,acc,pl","n,II,acc,pl","n,II,acc,pl","n,II,acc,pl","n,II,acc,pl","n,II,acc,pl","n,II,acc,pl","n,II,acc,pl","n,II,acc,pl","n,II,acc,pl","n,II,acc,pl"
"socrus:accsg","f,IV,acc,sg","n,II,acc,sg","n,II,acc,sg","n,II,acc,sg","n,II,acc,sg","n,II,acc,sg","n,II,acc,sg","n,II,acc,sg","n,II,acc,sg","n,II,acc,sg","n,II,acc,sg","n,II,acc,sg","n,II,acc,sg","n,II,acc,sg","n,II,acc,sg","n,II,acc,sg"
"socrus:nompl","f,IV,nom,pl","f,II,acc,pl","m,II,acc,pl","n,II,acc,pl","n,II,acc,pl","n,II,acc,pl","n,II,acc,pl","n,II,acc,pl","n,II,acc,pl","n,II,acc,pl","n,II,acc,pl","n,II,acc,pl","n,II,acc,pl","n,II,acc,pl","n,II,acc,pl","n,II,acc,pl"
"socrus:genpl","f,IV,gen,pl","m,II,acc,pl","n,II,acc,pl","n,II,acc,sg","n,II,acc,pl","n,II,acc,sg","n,II,acc,sg","n,II,acc,sg","n,II,acc,sg","n,II,acc,sg","n,II,acc,sg","n,II,acc,sg","n,II,acc,sg","n,II,acc,sg","n,II,acc,sg","n,II,acc,sg"
"socrus:accpl","f,IV,acc,pl","f,II,acc,pl","m,II,acc,pl","n,II,acc,pl","n,II,acc,pl","n,II,acc,pl","n,II,acc,pl","n,II,acc,pl","n,II,acc,pl","n,II,acc,pl","n,II,acc,pl","n,II,acc,pl","n,II,acc,pl","n,II,acc,pl","n,II,acc,pl","n,II,acc,pl"
"sol:nomsg","m,III,nom,sg","n,III,nom,sg","m,III,acc,sg","n,III,acc,sg","f,III,acc,sg","n,II,acc,sg","n,II,acc,sg","n,II,acc,sg","n,II,acc,pl","n,III,acc,pl","f,III,acc,pl","f,III,acc,pl","f,III,acc,pl","f,III,acc,pl","n,II,acc,pl","n,II,acc,pl"
"sol:gensg","m,III,gen,sg","m,III,gen,sg","f,III,acc,pl","f,III,acc,sg","f,III,acc,pl","f,III,acc,pl","f,III,acc,pl","f,III,acc,sg","f,III,acc,pl","f,III,acc,pl","f,III,acc,pl","f,III,acc,pl","f,III,acc,pl","f,III,acc,pl","f,III,acc,pl","f,III,acc,pl"
"sol:accsg","m,III,acc,sg","m,III,acc,sg","m,III,acc,sg","f,III,acc,sg","f,III,acc,sg","f,III,acc,sg","f,III,acc,sg","f,III,acc,sg","f,III,acc,sg","f,III,acc,sg","f,III,acc,sg","f,III,acc,sg","f,III,acc,sg","f,III,acc,sg","f,III,acc,sg","f,III,acc,sg"
"sol:nompl","m,III,nom,pl","m,III,acc,pl","f,III,acc,pl","f,III,acc,pl","f,III,acc,pl","f,III,acc,pl","f,III,acc,pl","f,III,acc,pl","f,III,acc,pl","f,III,acc,pl","f,III,acc,pl","f,III,acc,pl","f,III,acc,pl","f,III,acc,pl","f,III,acc,pl","f,III,acc,pl"
"sol:genpl","m,III,gen,pl","f,III,gen,pl","f,III,acc,sg","f,II,acc,pl","f,II,acc,pl","f,II,acc,pl","n,II,acc,pl","n,II,acc,pl","f,II,acc,pl","n,II,acc,pl","n,II,acc,pl","n,II,acc,pl","n,II,acc,pl","n,III,acc,pl","n,II,acc,pl","n,II,acc,pl"
"sol:accpl","m,III,acc,pl","m,III,acc,pl","f,III,acc,pl","f,III,acc,pl","f,III,acc,pl","f,III,acc,pl","f,III,acc,pl","f,III,acc,pl","f,III,acc,pl","f,III,acc,pl","f,III,acc,pl","f,III,acc,pl","f,III,acc,pl","f,III,acc,pl","f,III,acc,pl","f,III,acc,pl"
"somnus:nomsg","m,II,nom,sg","n,II,nom,sg","n,II,nom,sg","n,II,nom,sg","n,II,nom,sg","n,II,acc,sg","n,II,acc,sg","n,II,acc,sg","n,II,acc,sg","n,II,acc,sg","n,II,acc,sg","n,II,acc,sg","n,II,acc,sg","n,II,acc,sg","n,II,acc,sg","n,II,acc,sg"
"somnus:gensg","m,II,gen,sg","n,II,acc,sg","n,II,acc,pl","n,II,acc,pl","n,II,acc,pl","n,II,acc,pl","n,II,acc,pl","n,II,acc,pl","n,II,acc,pl","n,II,acc,pl","n,II,acc,pl","n,II,acc,pl","n,II,acc,pl","n,II,acc,pl","n,II,acc,pl","n,II,acc,pl"
"somnus:accsg","m,II,acc,sg","n,II,acc,sg","n,II,acc,sg","n,II,acc,sg","n,II,acc,sg","n,II,acc,sg","n,II,acc,sg","n,II,acc,sg","n,II,acc,sg","n,II,acc,sg","n,II,acc,sg","n,II,acc,sg","n,II,acc,sg","n,II,acc,sg","n,II,acc,sg","n,II,acc,sg"
"somnus:nompl","m,II,nom,pl","n,II,acc,sg","n,II,acc,pl","n,II,acc,pl","n,II,acc,pl","n,II,acc,pl","n,II,acc,pl","n,II,acc,pl","n,II,acc,pl","n,II,acc,pl","n,II,acc,pl","n,II,acc,pl","n,II,acc,pl","n,II,acc,pl","n,II,acc,pl","n,II,acc,pl"
"somnus:genpl","m,II,gen,pl","n,II,gen,pl","n,II,acc,pl","n,II,acc,pl","n,II,acc,pl","n,II,acc,pl","n,II,acc,pl","n,II,acc,pl","n,II,acc,pl","n,II,acc,pl","n,II,acc,pl","n,II,acc,pl","n,II,acc,pl","n,II,acc,pl","n,II,acc,pl","n,II,acc,pl"
"somnus:accpl","m,II,acc,pl","m,II,acc,pl","m,II,acc,pl","n,II,nom,pl","n,II,acc,pl","n,II,acc,pl","f,II,acc,pl","n,II,acc,pl","n,II,acc,pl","n,II,acc,pl","n,II,acc,pl","n,II,acc,pl","n,II,acc,pl","n,II,acc,pl","n,II,acc,pl","n,II,acc,pl"
"sorex:nomsg","m,III,nom,sg","f,III,nom,sg","n,III,nom,sg","f,III,nom,sg","f,III,acc,sg","f,III,acc,sg","f,III,acc,sg","f,III,acc,sg","f,III,acc,sg","f,III,acc,sg","f,III,acc,sg","f,III,acc,sg","f,III,acc,sg","f,III,acc,sg","f,III,acc,sg","f,III,acc,sg"
"sorex:gensg","m,III,gen,sg","f,III,acc,sg","n,III,acc,sg","f,III,acc,sg","f,III,acc,sg","f,III,acc,sg","f,III,acc,sg","f,III,acc,sg","f,III,acc,sg","f,III,acc,sg","f,III,acc,sg","f,III,acc,sg","f,III,acc,sg","f,III,acc,sg","f,III,acc,sg","f,III,acc,sg"
"sorex:accsg","m,III,acc,sg","f,III,acc,sg","f,III,acc,sg","f,III,acc,sg","f,III,acc,sg","f,III,acc,sg","f,III,acc,sg","f,III,acc,sg","f,III,acc,sg","f,III,acc,sg","f,III,acc,sg","f,III,acc,sg","f,III,acc,sg","f,III,acc,sg","f,III,acc,sg","f,III,acc,sg"
"sorex:nompl","m,III,nom,pl","f,III,acc,sg","f,III,acc,sg","f,III,acc,sg","f,III,acc,sg","f,III,acc,sg","f,III,acc,pl","f,III,acc,sg","f,III,acc,sg","f,III,acc,sg","f,III,acc,sg","f,III,acc,sg","f,III,acc,sg","f,III,acc,sg","f,III,acc,sg","f,III,acc,sg"
"sorex:genpl","m,III,gen,pl","f,III,gen,pl","f,III,acc,pl","n,II,acc,pl","f,III,acc,sg","f,III,acc,sg","f,III,acc,pl","f,III,acc,sg","f,III,acc,sg","f,III,acc,sg","f,III,acc,sg","f,III,acc,sg","f,III,acc,sg","f,III,acc,sg","f,III,acc,sg","f,III,acc,sg"
"sorex:accpl","m,III,acc,pl","f,III,acc,sg","f,III,acc,sg","f,III,acc,sg","f,III,acc,sg","f,III,acc,sg","f,III,acc,pl","f,III,acc,sg","f,III,acc,sg","f,III,acc,sg","f,III,acc,sg","f,III,acc,sg","f,III,acc,sg","f,III,acc,sg","f,III,acc,sg","f,III,acc,sg"
"soror:nomsg","f,III,nom,sg","n,III,acc,sg","n,III,acc,sg","n,I,acc,sg","n,II,acc,sg","f,III,acc,sg","f,III,acc,sg","f,III,acc,sg","f,III,acc,sg","f,III,acc,sg","f,III,acc,sg","f,III,acc,sg","f,III,acc,sg","f,III,acc,sg","f,III,acc,sg","f,III,acc,sg"
"soror:gensg","f,III,gen,sg","f,III,acc,sg","m,III,acc,pl","f,III,acc,pl","f,III,acc,pl","f,III,acc,pl","f,III,acc,pl","f,III,acc,pl","f,III,acc,pl","f,III,acc,pl","f,III,acc,pl","f,III,acc,pl","f,III,acc,pl","f,III,acc,pl","f,III,acc,pl","f,III,acc,pl"
"soror:accsg","f,III,acc,sg","f,III,acc,sg","f,III,acc,sg","f,III,acc,sg","f,III,acc,sg","f,III,acc,sg","f,III,acc,sg","f,III,acc,sg","f,III,acc,sg","f,III,acc,sg","f,III,acc,sg","f,III,acc,sg","f,III,acc,sg","f,III,acc,sg","f,III,acc,sg","f,III,acc,sg"
"soror:nompl","f,III,nom,pl","n,III,acc,pl","f,III,acc,pl","f,III,acc,pl","f,III,acc,pl","f,III,acc,pl","f,III,acc,pl","f,III,acc,pl","f,III,acc,pl","f,III,acc,pl","f,III,acc,pl","f,III,acc,pl","f,III,acc,pl","f,III,acc,pl","f,III,acc,pl","f,III,acc,pl"
"soror:genpl","f,III,gen,pl","n,III,acc,pl","n,II,acc,pl","n,II,acc,pl","n,II,acc,pl","n,II,acc,pl","n,II,acc,pl","n,II,acc,pl","n,II,acc,pl","n,II,acc,pl","n,II,acc,pl","n,II,acc,pl","n,II,acc,pl","n,II,acc,pl","n,II,acc,pl","n,II,acc,pl"
"soror:accpl","f,III,acc,pl","n,III,acc,pl","f,III,acc,pl","f,III,acc,pl","f,III,acc,pl","f,III,acc,pl","f,III,acc,pl","f,III,acc,pl","f,III,acc,pl","f,III,acc,pl","f,III,acc,pl","f,III,acc,pl","f,III,acc,pl","f,III,acc,pl","f,III,acc,pl","f,III,acc,pl"
"species:nomsg","f,V,nom,sg","f,II,acc,pl","f,I,acc,pl","f,I,acc,pl","f,III,acc,pl","f,III,acc,pl","f,III,acc,pl","f,III,acc,pl","f,III,acc,pl","f,III,acc,pl","f,III,acc,pl","f,III,acc,pl","f,III,acc,pl","f,III,acc,pl","f,III,acc,pl","f,III,acc,pl"
"species:gensg","f,V,gen,sg","m,II,acc,pl","f,III,acc,sg","f,III,acc,pl","f,III,acc,pl","f,III,acc,pl","f,III,acc,sg","f,III,acc,pl","f,III,acc,pl","f,III,acc,sg","f,III,acc,pl","f,III,acc,pl","f,III,acc,pl","f,III,acc,pl","f,III,acc,pl","f,III,acc,sg"
"species:accsg","f,V,acc,sg","f,II,acc,sg","n,II,acc,sg","f,II,acc,sg","f,II,acc,sg","f,III,acc,sg","f,III,acc,sg","f,III,acc,sg","f,III,acc,sg","f,III,acc,sg","f,III,acc,sg","f,III,acc,sg","f,III,acc,sg","f,III,acc,sg","f,III,acc,sg","f,III,acc,sg"
"species:nompl","f,V,nom,pl","f,II,acc,pl","f,I,acc,pl","f,I,acc,pl","f,III,acc,pl","f,III,acc,pl","f,III,acc,pl","f,III,acc,pl","f,III,acc,pl","f,III,acc,pl","f,III,acc,pl","f,III,acc,pl","f,III,acc,pl","f,III,acc,pl","f,III,acc,pl","f,III,acc,pl"
"species:genpl","f,V,gen,pl","f,II,gen,pl","f,II,acc,pl","f,I,acc,pl","f,II,acc,pl","f,III,acc,pl","f,III,acc,pl","f,III,acc,pl","f,II,acc,pl","f,III,acc,pl","f,III,acc,pl","n,II,acc,pl","n,II,acc,pl","f,III,acc,pl","n,II,acc,pl","f,III,acc,sg"
"species:accpl","f,V,acc,pl","f,II,acc,pl","f,I,acc,pl","f,I,acc,pl","f,III,acc,pl","f,III,acc,pl","f,III,acc,pl","f,III,acc,pl","f,III,acc,pl","f,III,acc,pl","f,III,acc,pl","f,III,acc,pl","f,III,acc,pl","f,III,acc,pl","f,III,acc,pl","f,III,acc,pl"
"speculum:nomsg","n,II,nom,sg","n,II,acc,sg","n,II,acc,sg","n,II,acc,sg","n,II,acc,sg","n,II,acc,sg","n,II,acc,sg","n,II,acc,sg","n,II,acc,sg","n,II,acc,sg","n,II,acc,sg","n,II,acc,sg","n,II,acc,sg","n,II,acc,sg","n,II,acc,sg","n,II,acc,sg"
"speculum:gensg","n,II,gen,sg","n,II,acc,sg","n,II,acc,pl","n,II,acc,pl","n,II,acc,pl","n,II,acc,pl","n,II,acc,pl","n,II,acc,pl","n,II,acc,pl","n,II,acc,pl","n,II,acc,pl","n,II,acc,pl","n,II,acc,pl","n,II,acc,pl","n,II,acc,pl","n,II,acc,pl"
"speculum:accsg","n,II,acc,sg","n,II,acc,sg","n,II,acc,sg","n,II,acc,sg","n,II,acc,sg","n,II,acc,sg","n,II,acc,sg","n,II,acc,sg","n,II,acc,sg","n,II,acc,sg","n,II,acc,sg","n,II,acc,sg","n,II,acc,sg","n,II,acc,sg","n,II,acc,sg","n,II,acc,sg"
"speculum:nompl","n,II,nom,pl","n,II,acc,pl","f,II,acc,sg","f,I,acc,pl","f,I,acc,pl","f,I,acc,pl","f,I,acc,sg","f,I,acc,pl","f,I,acc,pl","f,I,acc,pl","f,I,acc,pl","f,I,acc,pl","f,I,acc,pl","f,I,acc,pl","f,I,acc,pl","f,I,acc,sg"
"speculum:genpl","n,II,gen,pl","n,II,acc,pl","n,II,acc,pl","n,II,acc,pl","n,II,acc,pl","n,II,acc,pl","n,II,acc,pl","n,II,acc,pl","n,II,acc,pl","n,II,acc,pl","n,II,acc,pl","n,II,acc,pl","n,II,acc,pl","n,II,acc,pl","n,II,acc,pl","n,II,acc,sg"
"speculum:accpl","n,II,acc,pl","n,II,acc,pl","f,II,acc,sg","f,I,acc,pl","f,I,acc,pl","f,I,acc,pl","f,I,acc,sg","f,I,acc,pl","f,I,acc,pl","f,I,acc,pl","f,I,acc,pl","f,I,acc,pl","f,I,acc,pl","f,I,acc,pl","f,I,acc,pl","f,I,acc,sg"
"specus:nomsg","m,IV,nom,sg","m,IV,nom,sg","m,II,nom,sg","n,II,acc,sg","n,II,nom,sg","n,II,acc,sg","n,II,acc,sg","n,II,acc,sg","n,II,acc,sg","n,II,acc,sg","n,II,acc,sg","n,II,acc,sg","n,II,acc,sg","n,II,acc,sg","n,II,acc,sg","n,II,acc,sg"
"specus:gensg","m,IV,gen,sg","m,IV,acc,pl","n,II,acc,pl","n,II,acc,pl","n,II,acc,pl","n,II,acc,pl","n,II,acc,pl","n,II,acc,pl","n,II,acc,pl","n,II,acc,pl","n,II,acc,pl","n,II,acc,pl","n,II,acc,pl","n,II,acc,pl","n,II,acc,pl","n,II,acc,pl"
"specus:accsg","m,IV,acc,sg","m,IV,acc,sg","n,II,acc,sg","n,II,acc,sg","n,II,acc,sg","n,II,acc,sg","n,II,acc,sg","n,II,acc,sg","n,II,acc,sg","n,II,acc,sg","n,II,acc,sg","n,II,acc,sg","n,II,acc,sg","n,II,acc,sg","n,II,acc,sg","n,II,acc,sg"
"specus:nompl","m,IV,nom,pl","m,IV,acc,pl","n,II,acc,pl","n,II,acc,pl","n,II,acc,pl","n,II,acc,pl","n,II,acc,pl","n,II,acc,pl","n,II,acc,pl","n,II,acc,pl","n,II,acc,pl","n,II,acc,pl","n,II,acc,pl","n,II,acc,pl","n,II,acc,pl","n,II,acc,pl"
"specus:genpl","m,IV,gen,pl","n,II,acc,pl","n,II,acc,pl","n,II,acc,sg","n,II,acc,pl","n,II,acc,sg","n,II,acc,sg","n,II,acc,pl","n,II,acc,sg","n,II,acc,sg","n,II,acc,sg","n,II,acc,sg","n,II,acc,sg","n,II,acc,sg","n,II,acc,sg","n,II,acc,sg"
"specus:accpl","m,IV,acc,pl","m,IV,acc,pl","n,II,acc,pl","n,II,acc,pl","n,II,acc,pl","n,II,acc,pl","n,II,acc,pl","n,II,acc,pl","n,II,acc,pl","n,II,acc,pl","n,II,acc,pl","n,II,acc,pl","n,II,acc,pl","n,II,acc,pl","n,II,acc,pl","n,II,acc,pl"
"spina:nomsg","f,I,nom,sg","n,II,nom,pl","f,II,acc,pl","f,I,acc,pl","f,I,acc,pl","f,I,acc,pl","f,I,acc,pl","f,I,acc,pl","f,I,acc,pl","f,I,acc,pl","f,I,acc,pl","f,I,acc,pl","f,I,acc,pl","f,I,acc,pl","f,I,acc,pl","f,I,acc,pl"
"spina:gensg","f,I,gen,sg","f,I,acc,sg","f,I,acc,pl","f,I,acc,pl","f,I,acc,pl","f,I,acc,pl","f,I,acc,pl","f,I,acc,pl","f,I,acc,pl","f,I,acc,pl","f,I,acc,pl","f,I,acc,pl","f,I,acc,pl","f,I,acc,pl","f,I,acc,pl","f,I,acc,pl"
"spina:accsg","f,I,acc,sg","f,I,acc,sg","f,I,acc,sg","f,I,acc,sg","f,I,acc,sg","f,I,acc,sg","f,I,acc,sg","f,I,acc,sg","f,I,acc,sg","f,I,acc,sg","f,I,acc,sg","f,I,acc,sg","f,I,acc,sg","f,I,acc,sg","f,I,acc,sg","f,I,acc,sg"
"spina:nompl","f,I,nom,pl","f,I,acc,sg","f,I,acc,pl","f,I,acc,pl","f,I,acc,pl","f,I,acc,pl","f,I,acc,pl","f,I,acc,pl","f,I,acc,pl","f,I,acc,pl","f,I,acc,pl","f,I,acc,pl","f,I,acc,pl","f,I,acc,pl","f,I,acc,pl","f,I,acc,pl"
"spina:genpl","f,I,gen,pl","f,I,gen,pl","f,I,acc,pl","f,I,acc,pl","f,I,acc,pl","f,I,acc,pl","f,I,acc,pl","f,I,acc,pl","f,I,acc,pl","f,I,acc,pl","f,I,acc,pl","f,I,acc,pl","f,I,acc,pl","f,I,acc,pl","f,I,acc,pl","f,I,acc,pl"
"spina:accpl","f,I,acc,pl","f,I,acc,pl","f,I,acc,pl","f,I,acc,pl","f,I,acc,pl","f,I,acc,pl","f,I,acc,pl","f,I,acc,pl","f,I,acc,pl","f,I,acc,pl","f,I,acc,pl","f,I,acc,pl","f,I,acc,pl","f,I,acc,pl","f,I,acc,pl","f,I,acc,pl"
"spiritus:nomsg","m,IV,nom,sg","m,IV,nom,sg","n,II,acc,sg","n,II,acc,sg","n,II,acc,sg","n,II,acc,sg","n,II,acc,sg","n,II,acc,sg","n,II,acc,sg","n,II,acc,sg","n,II,acc,sg","n,II,acc,sg","n,II,acc,sg","n,II,acc,sg","n,II,acc,sg","n,II,acc,sg"
"spiritus:gensg","m,IV,gen,sg","m,IV,acc,pl","m,II,acc,pl","n,II,acc,pl","n,II,acc,pl","n,II,acc,pl","n,II,acc,sg","n,II,acc,sg","n,II,acc,pl","n,II,acc,pl","n,II,acc,pl","n,II,acc,pl","n,II,acc,pl","n,II,acc,pl","n,II,acc,pl","n,II,acc,pl"
"spiritus:accsg","m,IV,acc,sg","m,IV,acc,sg","n,II,acc,sg","n,II,acc,sg","n,II,acc,sg","n,II,acc,sg","n,II,acc,sg","n,II,acc,sg","n,II,acc,sg","n,II,acc,sg","n,II,acc,sg","n,II,acc,sg","n,II,acc,sg","n,II,acc,sg","n,II,acc,sg","n,II,acc,sg"
"spiritus:nompl","m,IV,nom,pl","m,IV,acc,pl","m,II,acc,pl","n,II,acc,pl","n,II,acc,pl","n,II,acc,pl","n,II,acc,sg","n,II,acc,sg","n,II,acc,pl","n,II,acc,pl","n,II,acc,pl","n,II,acc,pl","n,II,acc,pl","n,II,acc,pl","n,II,acc,pl","n,II,acc,pl"
"spiritus:genpl","m,IV,gen,pl","m,II,acc,pl","f,II,acc,pl","n,II,acc,sg","n,II,acc,sg","n,II,acc,sg","n,II,acc,sg","n,II,acc,sg","n,II,acc,sg","n,II,acc,sg","n,II,acc,sg","n,II,acc,sg","n,II,acc,sg","n,II,acc,sg","n,II,acc,sg","n,II,acc,sg"
"spiritus:accpl","m,IV,acc,pl","m,IV,acc,pl","m,II,acc,pl","n,II,acc,pl","n,II,acc,pl","n,II,acc,pl","n,II,acc,sg","n,II,acc,sg","n,II,acc,pl","n,II,acc,pl","n,II,acc,pl","n,II,acc,pl","n,II,acc,pl","n,II,acc,pl","n,II,acc,pl","n,II,acc,pl"
"sporta:nomsg","f,I,nom,sg","n,II,acc,pl","f,III,acc,pl","f,I,acc,pl","f,I,acc,pl","f,I,acc,pl","f,I,acc,pl","f,I,acc,pl","f,I,acc,pl","f,I,acc,pl","f,I,acc,pl","f,I,acc,pl","f,I,acc,pl","f,I,acc,pl","f,I,acc,pl","f,I,acc,pl"
"sporta:gensg","f,I,gen,sg","f,I,acc,pl","f,I,acc,pl","f,I,acc,pl","f,I,acc,pl","f,I,acc,pl","f,I,acc,pl","f,I,acc,pl","f,I,acc,pl","f,I,acc,pl","f,I,acc,pl","f,I,acc,pl","f,I,acc,pl","f,I,acc,pl","f,I,acc,pl","f,I,acc,pl"
"sporta:accsg","f,I,acc,sg","f,I,acc,sg","f,I,acc,sg","f,I,acc,sg","f,I,acc,sg","f,I,acc,sg","f,I,acc,sg","f,I,acc,sg","f,I,acc,sg","f,I,acc,sg","f,I,acc,sg","f,I,acc,sg","f,I,acc,sg","f,I,acc,sg","f,I,acc,sg","f,I,acc,sg"
"sporta:nompl","f,I,nom,pl","f,I,acc,pl","f,I,acc,pl","f,I,acc,pl","f,I,acc,pl","f,I,acc,pl","f,I,acc,pl","f,I,acc,pl","f,I,acc,pl","f,I,acc,pl","f,I,acc,pl","f,I,acc,pl","f,I,acc,pl","f,I,acc,pl","f,I,acc,pl","f,I,acc,pl"
"sporta:genpl","f,I,gen,pl","f,I,gen,pl","f,I,acc,pl","f,I,acc,pl","f,I,acc,pl","f,I,acc,pl","f,I,acc,pl","f,I,acc,pl","f,I,acc,pl","f,I,acc,pl","f,I,acc,pl","f,I,acc,pl","f,I,acc,pl","n,II,acc,pl","f,I,acc,pl","f,I,acc,pl"
"sporta:accpl","f,I,acc,pl","f,I,acc,pl","f,I,acc,pl","f,I,acc,pl","f,I,acc,pl","f,I,acc,pl","f,I,acc,pl","f,I,acc,pl","f,I,acc,pl","f,III,acc,pl","f,I,acc,pl","f,I,acc,pl","f,I,acc,pl","n,II,acc,pl","f,I,acc,pl","f,I,acc,pl"
"stella:nomsg","f,I,nom,sg","n,II,nom,pl","n,II,acc,pl","f,I,acc,pl","f,I,acc,pl","f,I,acc,pl","f,I,acc,pl","f,I,acc,sg","f,I,acc,sg","f,I,acc,pl","f,I,acc,pl","f,I,acc,pl","f,I,acc,pl","f,I,acc,pl","f,I,acc,pl","f,I,acc,pl"
"stella:gensg","f,I,gen,sg","f,I,acc,sg","f,I,acc,pl","f,I,acc,pl","f,I,acc,pl","f,I,acc,pl","f,I,acc,pl","f,I,acc,pl","f,I,acc,pl","f,I,acc,pl","f,I,acc,pl","f,I,acc,pl","f,I,acc,pl","f,I,acc,pl","f,I,acc,pl","f,I,acc,pl"
"stella:accsg","f,I,acc,sg","f,I,acc,sg","f,I,acc,sg","f,I,acc,sg","f,I,acc,sg","f,I,acc,sg","f,I,acc,sg","f,I,acc,sg","f,I,acc,sg","f,I,acc,sg","f,I,acc,sg","f,I,acc,sg","f,I,acc,sg","f,I,acc,sg","f,I,acc,sg","f,I,acc,sg"
"stella:nompl","f,I,nom,pl","f,I,acc,sg","f,I,acc,pl","f,I,acc,pl","f,I,acc,pl","f,I,acc,pl","f,I,acc,pl","f,I,acc,pl","f,I,acc,pl","f,I,acc,pl","f,I,acc,pl","f,I,acc,pl","f,I,acc,pl","f,I,acc,pl","f,I,acc,pl","f,I,acc,pl"
"stella:genpl","f,I,gen,pl","f,I,gen,pl","f,I,acc,pl","f,I,acc,pl","f,I,acc,pl","f,I,acc,pl","f,I,acc,pl","f,I,acc,pl","f,I,acc,pl","f,I,acc,pl","f,I,acc,pl","f,I,acc,pl","f,I,acc,pl","f,I,acc,pl","f,I,acc,pl","f,I,acc,pl"
"stella:accpl","f,I,acc,pl","f,I,acc,pl","f,I,acc,pl","f,I,acc,pl","f,I,acc,pl","f,I,acc,pl","f,I,acc,pl","f,I,acc,pl","f,I,acc,pl","f,I,acc,pl","f,I,acc,pl","f,I,acc,pl","f,I,acc,pl","f,I,acc,pl","f,I,acc,pl","f,I,acc,pl"
"stomachus:nomsg","m,II,nom,sg","f,II,nom,sg","n,II,acc,sg","f,II,acc,sg","n,II,acc,sg","n,II,acc,sg","n,II,acc,sg","n,II,acc,sg","n,II,acc,sg","n,II,acc,sg","n,II,acc,sg","n,II,acc,sg","n,II,acc,sg","n,II,acc,sg","n,II,acc,sg","n,II,acc,sg"
"stomachus:gensg","m,II,gen,sg","n,II,gen,pl","n,II,acc,sg","n,II,acc,pl","n,II,acc,pl","n,II,acc,pl","n,II,acc,sg","n,II,acc,pl","n,II,acc,pl","n,II,acc,pl","n,II,acc,pl","n,II,acc,pl","n,II,acc,pl","n,II,acc,pl","n,II,acc,pl","n,II,acc,pl"
"stomachus:accsg","m,II,acc,sg","f,II,acc,sg","n,II,acc,sg","n,II,acc,sg","n,II,acc,sg","n,II,acc,sg","n,II,acc,sg","n,II,acc,sg","n,II,acc,sg","n,II,acc,sg","n,II,acc,sg","n,II,acc,sg","n,II,acc,sg","n,II,acc,sg","n,II,acc,sg","n,II,acc,sg"
"stomachus:nompl","m,II,nom,pl","n,II,gen,pl","n,II,acc,sg","n,II,acc,pl","n,II,acc,pl","n,II,acc,pl","n,II,acc,sg","n,II,acc,pl","n,II,acc,pl","n,II,acc,pl","n,II,acc,pl","n,II,acc,pl","n,II,acc,pl","n,II,acc,pl","n,II,acc,pl","n,II,acc,pl"
"stomachus:genpl","m,II,gen,pl","n,III,gen,pl","n,II,acc,pl","f,II,acc,pl","n,II,acc,pl","f,II,acc,pl","n,II,acc,sg","n,II,acc,pl","n,II,acc,pl","n,II,acc,pl","n,II,acc,pl","n,II,acc,pl","n,II,acc,pl","n,II,acc,pl","n,II,acc,pl","n,II,acc,sg"
"stomachus:accpl","m,II,acc,pl","m,II,acc,pl","m,II,acc,pl","f,I,acc,pl","f,II,acc,pl","f,III,acc,pl","n,II,acc,sg","f,III,acc,pl","f,III,acc,pl","n,II,acc,pl","n,II,acc,pl","n,II,acc,pl","n,II,acc,pl","n,II,acc,pl","n,II,acc,pl","n,II,acc,pl"
"subula:nomsg","f,I,nom,sg","f,II,acc,pl","f,I,acc,sg","f,I,acc,pl","f,I,acc,sg","f,I,acc,sg","f,I,acc,sg","f,I,acc,sg","f,I,acc,pl","f,I,acc,pl","f,I,acc,sg","f,I,acc,pl","f,I,acc,pl","f,I,acc,pl","f,I,acc,pl","f,I,acc,pl"
"subula:gensg","f,I,gen,sg","f,II,acc,pl","f,I,acc,pl","f,I,acc,pl","f,I,acc,pl","f,I,acc,pl","f,I,acc,pl","f,I,acc,pl","f,I,acc,pl","f,I,acc,pl","f,I,acc,pl","f,I,acc,pl","f,I,acc,pl","f,I,acc,pl","f,I,acc,pl","f,I,acc,pl"
"subula:accsg","f,I,acc,sg","f,I,acc,sg","f,I,acc,sg","f,I,acc,sg","f,I,acc,sg","f,I,acc,sg","f,I,acc,sg","f,I,acc,sg","f,I,acc,sg","f,I,acc,sg","f,I,acc,sg","f,I,acc,sg","f,I,acc,sg","f,I,acc,sg","f,I,acc,sg","f,I,acc,sg"
"subula:nompl","f,I,nom,pl","f,II,acc,pl","f,I,acc,pl","f,I,acc,pl","f,I,acc,pl","f,I,acc,pl","f,I,acc,pl","f,I,acc,pl","f,I,acc,pl","f,I,acc,pl","f,I,acc,pl","f,I,acc,pl","f,I,acc,pl","f,I,acc,pl","f,I,acc,pl","f,I,acc,pl"
"subula:genpl","f,I,gen,pl","f,I,gen,pl","f,I,acc,pl","f,I,acc,pl","f,I,acc,pl","f,I,acc,pl","f,I,acc,pl","f,I,acc,pl","f,I,acc,pl","f,I,acc,pl","f,I,acc,pl","f,I,acc,pl","f,I,acc,pl","f,I,acc,pl","f,I,acc,pl","f,I,acc,pl"
"subula:accpl","f,I,acc,pl","f,I,acc,pl","f,I,acc,pl","f,I,acc,pl","f,I,acc,pl","f,I,acc,pl","f,I,acc,pl","f,I,acc,pl","f,I,acc,pl","f,I,acc,pl","f,I,acc,pl","f,I,acc,pl","f,I,acc,pl","f,I,acc,pl","f,I,acc,pl","f,I,acc,pl"
"sucus:nomsg","m,II,nom,sg","m,III,nom,sg","m,II,nom,sg","n,III,nom,sg","n,II,acc,sg","n,II,acc,sg","n,II,acc,sg","n,II,acc,sg","n,II,acc,sg","n,II,acc,sg","n,II,acc,sg","n,II,acc,sg","n,II,acc,sg","n,II,acc,sg","n,II,acc,sg","n,II,acc,sg"
"sucus:gensg","m,II,gen,sg","n,II,gen,pl","n,II,acc,pl","n,II,acc,pl","n,II,acc,pl","n,II,acc,pl","n,II,acc,pl","n,II,acc,pl","n,II,acc,pl","n,II,acc,pl","n,II,acc,pl","n,II,acc,pl","n,II,acc,pl","n,II,acc,pl","n,II,acc,pl","n,II,acc,pl"
"sucus:accsg","m,II,acc,sg","n,II,acc,sg","n,II,acc,sg","n,II,acc,sg","n,II,acc,sg","n,II,acc,sg","n,II,acc,sg","n,II,acc,sg","n,II,acc,sg","n,II,acc,sg","n,II,acc,sg","n,II,acc,sg","n,II,acc,sg","n,II,acc,sg","n,II,acc,sg","n,II,acc,sg"
"sucus:nompl","m,II,nom,pl","n,II,gen,pl","n,II,acc,pl","n,II,acc,pl","n,II,acc,pl","n,II,acc,pl","n,II,acc,pl","n,II,acc,pl","n,II,acc,pl","n,II,acc,pl","n,II,acc,pl","n,II,acc,pl","n,II,acc,pl","n,II,acc,pl","n,II,acc,pl","n,II,acc,pl"
"sucus:genpl","m,II,gen,pl","n,II,gen,pl","n,II,acc,pl","f,III,acc,pl","n,II,acc,pl","n,II,acc,pl","n,II,acc,pl","n,II,acc,pl","n,II,acc,pl","n,II,acc,pl","n,II,acc,pl","n,II,acc,pl","n,II,acc,pl","n,II,acc,pl","n,II,acc,pl","n,II,acc,pl"
"sucus:accpl","m,II,acc,pl","m,II,acc,pl","m,III,acc,sg","m,III,acc,pl","f,II,acc,pl","n,II,acc,pl","n,II,acc,pl","n,II,acc,pl","n,II,acc,pl","n,II,acc,pl","n,II,acc,pl","n,II,acc,pl","n,II,acc,pl","n,II,acc,pl","n,II,acc,pl","n,II,acc,pl"
"sudor:nomsg","m,III,nom,sg","n,III,acc,sg","m,III,acc,sg","n,III,nom,sg","n,II,acc,sg","n,II,acc,sg","f,III,acc,sg","f,III,acc,sg","f,III,acc,sg","f,III,acc,sg","f,III,acc,sg","f,III,acc,sg","f,III,acc,sg","f,III,acc,sg","f,III,acc,sg","f,III,acc,sg"
"sudor:gensg","m,III,gen,sg","n,III,acc,sg","m,III,acc,pl","f,III,acc,pl","f,III,acc,sg","f,III,acc,sg","f,III,acc,sg","f,III,acc,pl","f,III,acc,pl","f,III,acc,pl","f,III,acc,pl","n,II,acc,pl","f,III,acc,pl","f,III,acc,pl","f,III,acc,pl","f,III,acc,pl"
"sudor:accsg","m,III,acc,sg","n,III,acc,sg","f,III,acc,sg","f,III,acc,sg","f,III,acc,sg","f,III,acc,sg","f,III,acc,sg","f,III,acc,sg","f,III,acc,sg","f,III,acc,sg","f,III,acc,sg","f,III,acc,sg","f,III,acc,sg","f,III,acc,sg","f,III,acc,sg","f,III,acc,sg"
"sudor:nompl","m,III,nom,pl","n,III,nom,pl","f,III,acc,pl","f,III,acc,pl","f,III,acc,pl","f,III,acc,pl","f,III,acc,pl","f,III,acc,pl","f,III,acc,pl","f,III,acc,pl","f,III,acc,pl","f,III,acc,pl","f,III,acc,pl","f,III,acc,pl","f,III,acc,pl","f,III,acc,pl"
"sudor:genpl","m,III,gen,pl","n,II,gen,pl","n,II,acc,pl","n,II,acc,pl","n,II,acc,pl","n,II,acc,pl","n,II,acc,pl","n,II,acc,pl","n,II,acc,pl","n,II,acc,pl","n,II,acc,pl","n,II,acc,pl","n,II,acc,pl","n,II,acc,pl","n,II,acc,pl","n,II,acc,pl"
"sudor:accpl","m,III,acc,pl","n,III,nom,pl","f,III,acc,pl","f,III,acc,pl","f,III,acc,pl","f,III,acc,pl","f,III,acc,pl","f,III,acc,pl","f,III,acc,pl","f,III,acc,pl","f,III,acc,pl","f,III,acc,pl","f,III,acc,pl","f,III,acc,pl","f,III,acc,pl","f,III,acc,pl"
"summa:nomsg","f,I,nom,sg","f,II,acc,sg","f,I,acc,sg","f,I,acc,sg","f,I,acc,pl","f,I,acc,pl","f,I,acc,pl","f,I,acc,pl","f,I,acc,pl","f,I,acc,pl","f,I,acc,pl","f,I,acc,pl","f,I,acc,pl","f,I,acc,pl","f,I,acc,pl","f,I,acc,sg"
"summa:gensg","f,I,gen,sg","f,I,acc,sg","f,I,acc,pl","f,I,acc,pl","f,I,acc,pl","f,I,acc,pl","f,I,acc,pl","f,I,acc,pl","f,I,acc,pl","f,I,acc,pl","f,I,acc,pl","f,I,acc,pl","f,I,acc,pl","f,I,acc,pl","f,I,acc,pl","f,I,acc,pl"
"summa:accsg","f,I,acc,sg","f,I,acc,sg","f,I,acc,sg","f,I,acc,sg","f,I,acc,sg","f,I,acc,sg","f,I,acc,sg","f,I,acc,sg","f,I,acc,sg","f,I,acc,sg","f,I,acc,sg","f,I,acc,sg","f,I,acc,sg","f,I,acc,sg","f,I,acc,sg","f,I,acc,sg"
"summa:nompl","f,I,nom,pl","f,I,acc,sg","f,I,acc,pl","f,I,acc,pl","f,I,acc,pl","f,I,acc,pl","f,I,acc,pl","f,I,acc,pl","f,I,acc,pl","f,I,acc,pl","f,I,acc,pl","f,I,acc,pl","f,I,acc,pl","f,I,acc,pl","f,I,acc,pl","f,I,acc,pl"
"summa:genpl","f,I,gen,pl","f,I,gen,pl","f,I,acc,pl","f,I,acc,pl","f,I,acc,pl","f,I,acc,pl","f,I,acc,pl","f,I,acc,pl","f,I,acc,pl","f,I,acc,pl","f,I,acc,pl","f,I,acc,pl","f,I,acc,pl","f,I,acc,pl","f,I,acc,pl","f,I,acc,sg"
"summa:accpl","f,I,acc,pl","f,I,acc,pl","f,I,acc,pl","f,I,acc,pl","f,I,acc,pl","f,I,acc,pl","f,I,acc,pl","f,I,acc,pl","f,I,acc,pl","f,I,acc,pl","f,I,acc,pl","f,I,acc,pl","f,I,acc,pl","f,I,acc,pl","f,I,acc,pl","f,I,acc,pl"
"sycomorus:nomsg","m,II,nom,sg","m,II,acc,sg","f,I,acc,sg","n,II,acc,sg","n,II,acc,sg","n,II,acc,sg","n,II,acc,sg","n,II,acc,sg","n,II,acc,sg","n,II,acc,sg","n,II,acc,sg","n,II,acc,sg","n,II,acc,sg","n,II,acc,sg","n,II,acc,sg","n,II,acc,sg"
"sycomorus:gensg","m,II,gen,sg","f,II,gen,sg","f,I,acc,pl","n,II,acc,pl","n,II,acc,pl","n,II,acc,pl","n,II,acc,sg","n,II,acc,sg","n,II,acc,pl","n,II,acc,pl","n,II,acc,pl","n,II,acc,pl","n,II,acc,pl","n,II,acc,pl","n,II,acc,pl","f,III,acc,pl"
"sycomorus:accsg","m,II,acc,sg","f,II,acc,sg","f,II,acc,sg","n,II,acc,sg","n,II,acc,sg","n,II,acc,sg","n,II,acc,sg","n,II,acc,sg","n,II,acc,sg","n,II,acc,sg","n,II,acc,sg","n,II,acc,sg","n,II,acc,sg","n,II,acc,sg","n,II,acc,sg","n,II,acc,sg"
"sycomorus:nompl","m,II,nom,pl","f,II,gen,sg","f,I,acc,pl","n,II,acc,pl","n,II,acc,pl","n,II,acc,pl","n,II,acc,sg","n,II,acc,sg","n,II,acc,pl","n,II,acc,pl","n,II,acc,pl","n,II,acc,pl","n,II,acc,pl","n,II,acc,pl","n,II,acc,pl","f,III,acc,pl"
"sycomorus:genpl","m,II,gen,pl","m,II,acc,pl","n,II,acc,pl","f,I,acc,pl","n,II,acc,pl","n,II,acc,pl","f,III,acc,sg","n,II,acc,pl","n,II,acc,pl","n,II,acc,pl","n,II,acc,pl","n,II,acc,pl","n,II,acc,pl","n,II,acc,pl","n,II,acc,pl","n,II,acc,pl"
"sycomorus:accpl","m,II,acc,pl","f,II,acc,pl","f,I,acc,sg","f,I,acc,sg","n,II,acc,pl","f,III,acc,sg","f,II,acc,sg","n,II,acc,pl","n,II,acc,pl","n,III,acc,pl","n,II,acc,pl","n,II,acc,pl","n,II,acc,pl","n,II,acc,pl","n,II,acc,pl","n,II,acc,pl"
"tectum:nomsg","n,II,nom,sg","n,II,acc,sg","n,II,acc,sg","n,II,acc,sg","n,II,acc,sg","n,II,acc,sg","n,II,acc,sg","n,II,acc,sg","n,II,acc,sg","n,II,acc,sg","n,II,acc,sg","n,II,acc,sg","n,II,acc,sg","n,II,acc,sg","n,II,acc,sg","n,II,acc,sg"
"tectum:gensg","n,II,gen,sg","n,II,acc,pl","n,II,acc,pl","n,II,acc,pl","n,II,acc,pl","n,II,acc,pl","n,II,acc,pl","n,II,acc,pl","n,II,acc,pl","n,II,acc,pl","n,II,acc,pl","n,II,acc,pl","n,II,acc,pl","n,II,acc,pl","n,II,acc,pl","n,II,acc,pl"
"tectum:accsg","n,II,acc,sg","n,II,acc,sg","n,II,acc,sg","n,II,acc,sg","n,II,acc,sg","n,II,acc,sg","n,II,acc,sg","n,II,acc,sg","n,II,acc,sg","n,II,acc,sg","n,II,acc,sg","n,II,acc,sg","n,II,acc,sg","n,II,acc,sg","n,II,acc,sg","n,II,acc,sg"
"tectum:nompl","n,II,nom,pl","n,II,nom,pl","f,II,nom,pl","f,I,acc,pl","f,I,acc,pl","f,I,acc,pl","f,I,acc,pl","f,I,acc,pl","f,I,acc,pl","f,I,acc,pl","f,I,acc,pl","f,I,acc,pl","f,I,acc,pl","f,I,acc,pl","f,I,acc,pl","f,I,acc,pl"
"tectum:genpl","n,II,gen,pl","n,II,gen,pl","n,II,acc,pl","n,II,acc,pl","n,II,acc,pl","n,II,acc,pl","n,II,acc,pl","n,II,acc,pl","n,II,acc,pl","n,II,acc,pl","n,II,acc,pl","n,III,acc,pl","n,II,acc,pl","n,II,acc,pl","n,II,acc,pl","n,II,acc,pl"
"tectum:accpl","n,II,acc,pl","n,II,nom,pl","f,II,nom,pl","f,I,acc,pl","f,I,acc,pl","f,I,acc,pl","f,I,acc,pl","f,I,acc,pl","f,I,acc,pl","f,I,acc,pl","f,I,acc,pl","f,I,acc,pl","f,I,acc,pl","f,I,acc,pl","f,I,acc,pl","f,I,acc,pl"
"temptatio:nomsg","f,III,nom,sg","n,II,acc,sg","n,II,acc,pl","n,II,acc,pl","n,II,acc,pl","f,III,acc,pl","f,I,acc,pl","f,I,acc,pl","f,III,acc,pl","n,II,acc,pl","n,II,acc,pl","n,II,acc,pl","n,II,acc,pl","n,II,acc,pl","n,II,acc,pl","n,II,acc,pl"
"temptatio:gensg","f,III,gen,sg","f,III,acc,sg","m,III,acc,sg","f,III,acc,pl","f,III,acc,sg","f,III,acc,sg","f,III,acc,sg","f,III,acc,pl","f,III,acc,pl","f,III,acc,pl","f,III,acc,sg","f,III,acc,pl","f,III,acc,pl","f,III,acc,pl","f,III,acc,pl","f,III,acc,pl"
"temptatio:accsg","f,III,acc,sg","f,III,acc,sg","f,III,acc,sg","f,III,acc,sg","f,III,acc,sg","f,III,acc,sg","f,III,acc,sg","f,III,acc,sg","f,III,acc,sg","f,III,acc,sg","f,III,acc,sg","f,III,acc,sg","f,III,acc,sg","f,III,acc,sg","f,III,acc,pl","f,III,acc,sg"
"temptatio:nompl","f,III,nom,pl","n,III,acc,pl","f,III,acc,pl","f,III,acc,pl","f,III,acc,pl","f,III,acc,sg","f,III,acc,sg","f,III,acc,pl","f,III,acc,pl","f,III,acc,pl","f,III,acc,pl","f,III,acc,pl","f,III,acc,pl","f,III,acc,pl","f,III,acc,pl","f,III,acc,pl"
"temptatio:genpl","f,III,gen,pl","f,III,acc,pl","m,III,acc,pl","n,II,acc,pl","n,II,acc,pl","f,III,acc,pl","n,II,acc,pl","f,III,acc,pl","f,III,acc,pl","n,II,acc,pl","n,II,acc,sg","n,II,acc,pl","n,II,acc,pl","n,II,acc,pl","n,II,acc,pl","n,II,acc,pl"
"temptatio:accpl","f,III,acc,pl","n,III,acc,pl","f,III,acc,pl","f,III,acc,pl","f,III,acc,pl","f,III,acc,sg","f,III,acc,sg","f,III,acc,pl","f,III,acc,pl","f,III,acc,pl","f,III,acc,pl","f,III,acc,pl","f,III,acc,pl","f,III,acc,pl","f,III,acc,pl","f,III,acc,pl"
"tempus:nomsg","n,III,nom,sg","n,II,nom,sg","n,II,nom,sg","n,II,nom,sg","n,II,nom,sg","n,II,acc,sg","n,II,acc,sg","n,II,acc,sg","n,II,acc,sg","n,II,acc,sg","n,II,acc,sg","n,II,acc,sg","n,II,acc,sg","n,II,acc,sg","n,II,acc,sg","n,II,acc,sg"
"tempus:gensg","n,III,gen,sg","f,III,gen,sg","f,III,acc,sg","f,III,acc,sg","f,III,acc,sg","f,III,acc,sg","f,III,acc,sg","f,III,acc,sg","f,III,acc,pl","f,III,acc,pl","f,III,acc,sg","f,III,acc,sg","f,III,acc,sg","f,III,acc,sg","f,III,acc,sg","f,III,acc,sg"
"tempus:accsg","n,III,acc,sg","n,II,nom,sg","n,II,nom,sg","n,II,nom,sg","n,II,nom,sg","n,II,acc,sg","n,II,acc,sg","n,II,acc,sg","n,II,acc,sg","n,II,acc,sg","n,II,acc,sg","n,II,acc,sg","n,II,acc,sg","n,II,acc,sg","n,II,acc,sg","n,II,acc,sg"
"tempus:nompl","n,III,nom,pl","n,III,acc,pl","n,II,acc,pl","n,II,acc,pl","n,II,acc,pl","f,III,acc,pl","f,II,acc,pl","f,I,acc,pl","f,I,acc,pl","f,I,acc,pl","f,I,acc,pl","f,I,acc,pl","f,III,acc,sg","f,I,acc,pl","f,III,acc,pl","f,III,acc,sg"
"tempus:genpl","n,III,gen,pl","n,III,gen,pl","n,II,acc,pl","n,II,acc,sg","n,II,acc,pl","f,III,acc,sg","n,II,acc,pl","n,II,acc,sg","n,II,acc,pl","f,I,acc,sg","n,II,acc,sg","f,III,acc,pl","f,III,acc,sg","f,III,acc,sg","f,III,acc,sg","f,III,acc,sg"
"tempus:accpl","n,III,acc,pl","n,III,acc,pl","n,II,acc,pl","n,II,acc,pl","n,II,acc,pl","f,III,acc,pl","f,II,acc,pl","f,I,acc,pl","f,I,acc,pl","f,I,acc,pl","f,I,acc,pl","f,I,acc,pl","f,III,acc,sg","f,I,acc,pl","f,III,acc,pl","f,III,acc,sg"
"tenebrae:nomsg","f,I,nom,sg","n,II,acc,sg","n,II,acc,sg","n,II,acc,sg","n,II,acc,sg","n,II,acc,sg","n,II,acc,sg","n,II,acc,sg","n,II,acc,sg","n,II,acc,sg","n,II,acc,sg","n,II,acc,sg","n,II,acc,sg","n,II,acc,sg","n,II,acc,sg","n,II,acc,sg"
"tenebrae:gensg","f,I,gen,sg","n,II,acc,sg","n,II,acc,sg","n,II,acc,sg","n,II,acc,sg","n,II,acc,sg","n,II,acc,sg","n,II,acc,sg","n,II,acc,sg","n,II,acc,sg","n,II,acc,sg","n,II,acc,sg","n,II,acc,sg","n,II,acc,sg","n,II,acc,sg","n,II,acc,sg"
"tenebrae:accsg","f,I,acc,sg","n,II,acc,sg","n,II,acc,sg","n,II,acc,sg","n,II,acc,sg","n,II,acc,sg","n,II,acc,sg","n,II,acc,sg","n,II,acc,sg","n,II,acc,sg","n,II,acc,sg","n,II,acc,sg","n,II,acc,sg","n,II,acc,sg","n,II,acc,sg","n,II,acc,sg"
"tenebrae:nompl","f,I,nom,pl","n,II,nom,pl","f,II,acc,pl","f,I,acc,pl","f,I,acc,pl","f,I,acc,pl","f,I,acc,pl","f,I,acc,pl","f,I,acc,pl","f,I,acc,pl","f,I,acc,pl","f,I,acc,pl","f,I,acc,pl","f,I,acc,pl","f,I,acc,pl","f,I,acc,pl"
"tenebrae:genpl","f,I,gen,pl","f,I,gen,pl","n,II,acc,pl","f,I,acc,pl","f,I,acc,pl","f,I,acc,pl","f,I,acc,pl","f,I,acc,pl","f,I,acc,pl","f,I,acc,pl","f,I,acc,pl","f,I,acc,pl","f,I,acc,pl","f,I,acc,pl","f,I,acc,pl","f,I,acc,pl"
"tenebrae:accpl","f,I,acc,pl","f,I,acc,pl","f,I,acc,pl","f,I,acc,pl","f,I,acc,pl","f,I,acc,pl","f,I,acc,pl","f,I,acc,pl","f,I,acc,pl","f,I,acc,pl","f,I,acc,pl","f,I,acc,pl","f,I,acc,pl","f,I,acc,pl","f,I,acc,pl","f,I,acc,pl"
"tergum:nomsg","n,II,nom,sg","n,II,acc,sg","n,II,acc,sg","n,II,acc,sg","n,II,acc,sg","n,II,acc,sg","n,II,acc,sg","n,II,acc,sg","n,II,acc,sg","n,II,acc,sg","n,II,acc,sg","n,II,acc,sg","n,II,acc,sg","n,II,acc,sg","n,II,acc,sg","n,II,acc,sg"
"tergum:gensg","n,II,gen,sg","n,II,acc,sg","n,II,acc,pl","n,II,acc,pl","n,II,acc,pl","n,II,acc,pl","n,II,acc,pl","n,II,acc,pl","n,II,acc,pl","n,II,acc,pl","n,II,acc,pl","n,II,acc,pl","n,II,acc,pl","n,II,acc,pl","n,II,acc,pl","n,II,acc,pl"
"tergum:accsg","n,II,acc,sg","n,II,acc,sg","n,II,acc,sg","n,II,acc,sg","n,II,acc,sg","n,II,acc,sg","n,II,acc,sg","n,II,acc,sg","n,II,acc,sg","n,II,acc,sg","n,II,acc,sg","n,II,acc,sg","n,II,acc,sg","n,II,acc,sg","n,II,acc,sg","n,II,acc,sg"
"tergum:nompl","n,II,nom,pl","f,II,acc,sg","f,I,nom,pl","f,I,acc,pl","f,I,acc,pl","f,I,acc,pl","f,I,acc,pl","f,I,acc,pl","f,I,acc,pl","f,I,acc,pl","f,I,acc,pl","f,I,acc,pl","f,I,acc,pl","f,I,acc,pl","f,I,acc,pl","f,I,acc,pl"
"tergum:genpl","n,II,gen,pl","n,II,gen,pl","n,II,acc,pl","n,II,acc,pl","n,II,acc,pl","f,III,acc,pl","n,II,acc,pl","n,II,acc,pl","n,II,acc,pl","n,II,acc,pl","n,II,acc,pl","n,II,acc,pl","n,II,acc,pl","n,II,acc,pl","n,II,acc,pl","n,II,acc,pl"
"tergum:accpl","n,II,acc,pl","f,II,acc,sg","f,I,nom,pl","f,I,acc,pl","f,I,acc,pl","f,I,acc,pl","f,I,acc,pl","f,I,acc,pl","f,I,acc,pl","f,I,acc,pl","f,I,acc,pl","f,I,acc,pl","f,I,acc,pl","f,I,acc,pl","f,I,acc,pl","f,I,acc,pl"
"terminus:nomsg","m,II,nom,sg","n,II,nom,sg","n,II,nom,sg","n,II,nom,sg","n,II,acc,sg","n,II,acc,sg","n,II,acc,sg","n,II,acc,sg","n,II,acc,sg","n,II,acc,sg","n,II,acc,sg","n,II,acc,sg","n,II,acc,sg","n,II,acc,sg","n,II,acc,sg","n,II,acc,sg"
"terminus:gensg","m,II,gen,sg","n,II,acc,pl","n,II,acc,pl","n,II,acc,pl","n,II,acc,pl","n,II,acc,pl","n,II,acc,pl","n,II,acc,pl","n,II,acc,pl","n,II,acc,pl","n,II,acc,pl","n,II,acc,pl","n,II,acc,pl","n,II,acc,pl","n,II,acc,pl","n,II,acc,pl"
"terminus:accsg","m,II,acc,sg","n,II,acc,sg","n,II,acc,sg","n,II,acc,sg","n,II,acc,sg","n,II,acc,sg","n,II,acc,sg","n,II,acc,sg","n,II,acc,sg","n,II,acc,sg","n,II,acc,sg","n,II,acc,sg","n,II,acc,sg","n,II,acc,sg","n,II,acc,sg","n,II,acc,sg"
"terminus:nompl","m,II,nom,pl","n,II,acc,pl","n,II,acc,pl","n,II,acc,pl","n,II,acc,pl","n,II,acc,pl","n,II,acc,pl","n,II,acc,pl","n,II,acc,pl","n,II,acc,pl","n,II,acc,pl","n,II,acc,pl","n,II,acc,pl","n,II,acc,pl","n,II,acc,pl","n,II,acc,pl"
"terminus:genpl","m,II,gen,pl","n,II,acc,pl","n,II,acc,pl","n,II,acc,pl","n,II,acc,pl","n,II,acc,pl","n,II,acc,pl","n,II,acc,pl","n,II,acc,pl","n,II,acc,sg","n,II,acc,pl","n,II,acc,pl","n,II,acc,pl","n,II,acc,pl","n,II,acc,pl","n,II,acc,pl"
"terminus:accpl","m,II,acc,pl","n,II,nom,pl","n,II,acc,pl","n,II,acc,pl","n,II,acc,pl","f,III,acc,pl","n,II,acc,pl","n,II,acc,pl","n,II,acc,pl","n,II,acc,pl","n,II,acc,pl","n,II,acc,pl","n,II,acc,pl","n,II,acc,pl","n,II,acc,pl","n,II,acc,pl"
"terra:nomsg","f,I,nom,sg","n,II,nom,pl","f,I,nom,pl","f,I,acc,pl","f,I,acc,pl","f,I,acc,pl","f,I,acc,pl","f,I,acc,pl","f,I,acc,pl","f,I,acc,pl","f,I,acc,pl","f,I,acc,pl","f,I,acc,pl","f,I,acc,pl","f,I,acc,pl","f,I,acc,pl"
"terra:gensg","f,I,gen,sg","f,I,acc,pl","f,I,acc,pl","f,I,acc,pl","f,I,acc,pl","f,I,acc,pl","f,I,acc,pl","f,I,acc,pl","f,I,acc,pl","f,I,acc,pl","f,I,acc,pl","f,I,acc,pl","f,I,acc,pl","f,I,acc,pl","f,I,acc,pl","f,I,acc,pl"
"terra:accsg","f,I,acc,sg","f,I,acc,sg","f,I,acc,sg","f,I,acc,sg","f,I,acc,sg","f,I,acc,sg","f,I,acc,sg","f,I,acc,sg","f,I,acc,sg","f,I,acc,sg","f,I,acc,sg","f,I,acc,sg","f,I,acc,sg","f,I,acc,sg","f,I,acc,sg","f,I,acc,sg"
"terra:nompl","f,I,nom,pl","f,I,acc,pl","f,I,acc,pl","f,I,acc,pl","f,I,acc,pl","f,I,acc,pl","f,I,acc,pl","f,I,acc,pl","f,I,acc,pl","f,I,acc,pl","f,I,acc,pl","f,I,acc,pl","f,I,acc,pl","f,I,acc,pl","f,I,acc,pl","f,I,acc,pl"
"terra:genpl","f,I,gen,pl","f,I,gen,pl","f,I,acc,pl","f,I,acc,pl","f,I,acc,pl","f,I,acc,pl","f,I,acc,pl","f,I,acc,pl","f,I,acc,pl","f,I,acc,pl","f,I,acc,pl","f,I,acc,pl","f,I,acc,pl","f,I,acc,pl","f,I,acc,pl","f,I,acc,pl"
"terra:accpl","f,I,acc,pl","f,I,acc,pl","f,I,acc,pl","f,I,acc,pl","f,I,acc,pl","f,I,acc,pl","f,I,acc,pl","f,I,acc,pl","f,I,acc,pl","f,I,acc,pl","f,I,acc,pl","f,I,acc,pl","f,I,acc,pl","f,I,acc,pl","f,I,acc,pl","f,I,acc,pl"
"thronus:nomsg","m,II,nom,sg","f,II,nom,sg","f,II,nom,sg","n,II,acc,sg","n,II,nom,sg","n,II,acc,sg","n,II,acc,sg","n,II,acc,sg","n,II,acc,sg","n,II,acc,sg","n,II,acc,sg","n,II,acc,sg","n,II,acc,sg","n,II,acc,sg","n,II,acc,sg","n,II,acc,sg"
"thronus:gensg","m,II,gen,sg","n,II,acc,pl","n,II,acc,pl","n,II,acc,pl","n,II,acc,pl","n,II,acc,pl","n,II,acc,pl","n,II,acc,pl","n,II,acc,pl","n,II,acc,pl","n,II,acc,pl","n,II,acc,pl","n,II,acc,pl","n,II,acc,pl","n,II,acc,pl","n,II,acc,pl"
"thronus:accsg","m,II,acc,sg","n,II,acc,sg","n,II,acc,sg","n,II,acc,sg","n,II,acc,sg","n,II,acc,sg","n,II,acc,sg","n,II,acc,sg","n,II,acc,sg","n,II,acc,sg","n,II,acc,sg","n,II,acc,sg","n,II,acc,sg","n,II,acc,sg","n,II,acc,sg","n,II,acc,sg"
"thronus:nompl","m,II,nom,pl","n,II,acc,pl","n,II,acc,pl","n,II,acc,pl","n,II,acc,pl","n,II,acc,pl","n,II,acc,pl","n,II,acc,pl","n,II,acc,pl","n,II,acc,pl","n,II,acc,pl","n,II,acc,pl","n,II,acc,pl","n,II,acc,pl","n,II,acc,pl","n,II,acc,pl"
"thronus:genpl","m,II,gen,pl","n,III,gen,pl","n,II,acc,pl","n,II,acc,pl","n,II,acc,pl","n,II,acc,pl","n,II,acc,pl","n,II,acc,pl","n,II,acc,pl","n,II,acc,pl","n,II,acc,pl","n,II,acc,pl","n,II,acc,pl","n,II,acc,pl","n,II,acc,pl","n,II,acc,pl"
"thronus:accpl","m,II,acc,pl","m,III,acc,pl","m,III,acc,pl","f,III,acc,pl","f,III,acc,pl","f,II,acc,pl","n,II,acc,pl","n,II,acc,pl","n,II,acc,pl","n,II,acc,pl","n,II,acc,pl","n,II,acc,pl","n,II,acc,pl","n,II,acc,pl","n,II,acc,pl","n,II,acc,pl"
"tilia:nomsg","f,I,nom,sg","n,II,acc,pl","n,II,nom,sg","f,I,acc,pl","f,I,acc,sg","f,I,acc,pl","f,I,acc,pl","f,I,acc,pl","f,I,acc,pl","f,I,acc,pl","f,I,acc,pl","f,I,acc,pl","f,I,acc,pl","f,I,acc,pl","f,I,acc,pl","f,I,acc,pl"
"tilia:gensg","f,I,gen,sg","n,II,acc,pl","f,I,acc,pl","f,I,acc,pl","f,I,acc,pl","f,I,acc,pl","f,I,acc,pl","f,I,acc,pl","f,I,acc,pl","f,I,acc,pl","f,I,acc,pl","f,I,acc,pl","f,I,acc,pl","f,I,acc,pl","f,I,acc,pl","f,I,acc,pl"
"tilia:accsg","f,I,acc,sg","f,I,acc,sg","f,I,acc,sg","f,I,acc,sg","f,I,acc,sg","f,I,acc,sg","f,I,acc,sg","f,I,acc,sg","f,I,acc,sg","f,I,acc,sg","f,I,acc,sg","f,I,acc,sg","f,I,acc,sg","f,I,acc,sg","f,I,acc,sg","f,I,acc,sg"
"tilia:nompl","f,I,nom,pl","n,II,acc,pl","f,I,acc,pl","f,I,acc,pl","f,I,acc,pl","f,I,acc,pl","f,I,acc,pl","f,I,acc,pl","f,I,acc,pl","f,I,acc,pl","f,I,acc,pl","f,I,acc,pl","f,I,acc,pl","f,I,acc,pl","f,I,acc,pl","f,I,acc,pl"
"tilia:genpl","f,I,gen,pl","f,I,acc,pl","f,I,acc,pl","f,I,acc,pl","f,I,acc,pl","f,I,acc,pl","f,I,acc,pl","f,I,acc,pl","f,I,acc,pl","f,I,acc,pl","f,I,acc,pl","f,I,acc,pl","f,I,acc,pl","f,I,acc,pl","f,I,acc,pl","f,I,acc,pl"
"tilia:accpl","f,I,acc,pl","f,I,acc,pl","f,I,acc,pl","f,I,acc,pl","f,I,acc,pl","f,I,acc,pl","f,I,acc,pl","f,I,acc,pl","f,I,acc,pl","f,I,acc,pl","f,I,acc,pl","f,I,acc,pl","f,I,acc,pl","f,I,acc,pl","f,I,acc,pl","f,I,acc,pl"
"tonitrus:nomsg","m,IV,nom,sg","n,II,nom,sg","n,II,acc,pl","n,II,acc,sg","n,II,acc,sg","n,II,acc,sg","n,II,acc,sg","n,II,acc,sg","n,II,acc,sg","n,II,acc,sg","n,II,acc,sg","n,II,acc,sg","n,II,acc,sg","n,II,acc,sg","n,II,acc,sg","n,II,acc,sg"
"tonitrus:gensg","m,IV,gen,sg","n,II,acc,pl","n,II,acc,pl","n,II,acc,pl","n,II,acc,pl","n,II,acc,pl","n,II,acc,sg","n,II,acc,pl","n,II,acc,pl","n,II,acc,pl","n,II,acc,pl","n,II,acc,pl","n,II,acc,pl","n,II,acc,pl","n,II,acc,pl","n,II,acc,pl"
"tonitrus:accsg","m,IV,acc,sg","n,II,acc,sg","n,II,acc,sg","n,II,acc,sg","n,II,acc,sg","n,II,acc,sg","n,II,acc,sg","n,II,acc,sg","n,II,acc,sg","n,II,acc,sg","n,II,acc,sg","n,II,acc,sg","n,II,acc,sg","n,II,acc,sg","n,II,acc,sg","n,II,acc,sg"
"tonitrus:nompl","m,IV,nom,pl","n,II,acc,pl","n,II,acc,pl","n,II,acc,pl","n,II,acc,pl","n,II,acc,pl","n,II,acc,sg","n,II,acc,pl","n,II,acc,pl","n,II,acc,pl","n,II,acc,pl","n,II,acc,pl","n,II,acc,pl","n,II,acc,pl","n,II,acc,pl","n,II,acc,pl"
"tonitrus:genpl","m,IV,gen,pl","m,II,acc,pl","n,II,acc,sg","f,II,acc,sg","n,II,acc,pl","n,II,acc,sg","n,II,acc,sg","n,II,acc,sg","n,II,acc,sg","n,II,acc,sg","n,II,acc,sg","n,II,acc,sg","n,II,acc,sg","n,II,acc,sg","n,II,acc,sg","n,II,acc,sg"
"tonitrus:accpl","m,IV,acc,pl","n,II,acc,pl","n,II,acc,pl","n,II,acc,pl","n,II,acc,pl","n,II,acc,pl","n,II,acc,sg","n,II,acc,pl","n,II,acc,pl","n,II,acc,pl","n,II,acc,pl","n,II,acc,pl","n,II,acc,pl","n,II,acc,pl","n,II,acc,pl","n,II,acc,pl"
"trabs:nomsg","f,III,nom,sg","f,III,nom,sg","f,III,nom,sg","f,I,acc,sg","f,I,acc,sg","f,I,acc,sg","f,I,acc,sg","f,I,acc,sg","f,I,acc,sg","f,I,acc,pl","f,I,acc,pl","f,I,acc,pl","f,I,acc,pl","f,I,acc,pl","f,I,acc,pl","f,I,acc,pl"
"trabs:gensg","f,III,gen,sg","m,III,gen,sg","f,III,acc,sg","f,III,acc,pl","f,III,acc,sg","f,III,acc,sg","f,III,acc,sg","f,III,acc,pl","f,III,acc,pl","f,I,acc,pl","f,III,acc,pl","f,III,acc,sg","f,III,acc,pl","f,III,acc,pl","f,I,acc,pl","f,III,acc,pl"
"trabs:accsg","f,III,acc,sg","f,III,acc,sg","f,III,acc,sg","f,III,acc,sg","f,III,acc,sg","f,III,acc,sg","f,III,acc,sg","f,III,acc,sg","f,III,acc,sg","f,III,acc,sg","f,III,acc,sg","f,III,acc,sg","f,III,acc,sg","f,III,acc,sg","f,III,acc,sg","f,III,acc,sg"
"trabs:nompl","f,III,nom,pl","m,III,acc,pl","f,III,acc,pl","f,III,acc,pl","f,III,acc,pl","f,III,acc,pl","f,III,acc,pl","f,III,acc,pl","f,III,acc,pl","f,III,acc,pl","f,III,acc,pl","f,III,acc,sg","f,III,acc,pl","f,III,acc,pl","f,III,acc,pl","f,III,acc,pl"
"trabs:genpl","f,III,gen,pl","f,III,acc,pl","f,I,acc,pl","f,I,acc,pl","f,I,acc,pl","f,I,acc,pl","f,I,acc,sg","f,I,acc,pl","f,I,acc,pl","f,I,acc,pl","f,III,acc,pl","f,III,acc,sg","f,I,acc,pl","f,I,acc,pl","f,I,acc,pl","f,I,acc,pl"
"trabs:accpl","f,III,acc,pl","m,III,acc,pl","f,III,acc,pl","f,III,acc,pl","f,III,acc,pl","f,III,acc,pl","f,III,acc,pl","f,III,acc,pl","f,III,acc,pl","f,III,acc,pl","f,III,acc,pl","f,III,acc,sg","f,III,acc,pl","f,III,acc,pl","f,III,acc,pl","f,III,acc,pl"
"tribunus:nomsg","m,II,nom,sg","m,II,nom,sg","n,II,acc,sg","n,II,acc,sg","n,II,nom,sg","n,II,acc,sg","n,II,acc,sg","n,II,acc,sg","n,II,acc,sg","n,II,acc,sg","n,II,acc,sg","n,II,acc,sg","n,II,acc,sg","n,II,acc,sg","n,II,acc,sg","n,II,acc,sg"
"tribunus:gensg","m,II,gen,sg","n,II,nom,sg","n,II,acc,sg","n,II,acc,pl","n,II,acc,pl","n,II,acc,pl","n,II,acc,pl","n,II,acc,pl","n,II,acc,pl","n,II,acc,pl","n,II,acc,pl","n,II,acc,pl","n,II,acc,pl","n,II,acc,pl","n,II,acc,pl","n,II,acc,pl"
"tribunus:accsg","m,II,acc,sg","n,II,nom,sg","n,II,acc,sg","n,II,acc,sg","n,II,acc,sg","n,II,acc,sg","n,II,acc,sg","n,II,acc,sg","n,II,acc,sg","n,II,acc,sg","n,II,acc,sg","n,II,acc,sg","n,II,acc,sg","n,II,acc,sg","n,II,acc,sg","n,II,acc,sg"
"tribunus:nompl","m,II,nom,pl","n,II,nom,sg","n,II,acc,sg","n,II,acc,pl","n,II,acc,pl","n,II,acc,pl","n,II,acc,pl","n,II,acc,pl","n,II,acc,pl","n,II,acc,pl","n,II,acc,pl","n,II,acc,pl","n,II,acc,pl","n,II,acc,pl","n,II,acc,pl","n,II,acc,pl"
"tribunus:genpl","m,II,gen,pl","n,II,acc,pl","m,II,acc,pl","n,II,acc,pl","n,II,acc,pl","n,II,acc,pl","n,II,acc,pl","n,II,acc,pl","n,II,acc,pl","n,II,acc,pl","n,II,acc,pl","n,II,acc,pl","n,II,acc,pl","n,II,acc,pl","n,II,acc,sg","n,II,acc,sg"
"tribunus:accpl","m,II,acc,pl","m,II,nom,sg","n,II,acc,pl","n,II,acc,pl","n,II,acc,pl","n,II,acc,pl","n,II,acc,pl","n,II,acc,sg","n,II,acc,pl","n,II,acc,pl","n,II,acc,pl","n,II,acc,pl","n,II,acc,pl","n,II,acc,pl","n,II,acc,sg","n,II,acc,pl"
"tribus:nomsg","f,IV,nom,sg","f,II,acc,pl","f,II,nom,pl","n,II,nom,sg","n,II,nom,sg","n,II,acc,sg","n,II,acc,sg","n,II,acc,sg","n,II,acc,sg","n,II,acc,sg","n,II,acc,sg","n,II,acc,sg","n,II,acc,sg","n,II,acc,sg","n,II,acc,sg","n,II,acc,sg"
"tribus:gensg","f,IV,gen,sg","f,II,acc,pl","f,II,acc,pl","f,II,acc,pl","n,II,nom,pl","n,II,acc,pl","n,II,acc,pl","n,II,acc,pl","n,II,acc,pl","n,II,acc,pl","n,II,acc,pl","n,II,acc,pl","n,II,acc,pl","n,II,acc,pl","n,II,acc,pl","n,II,acc,pl"
"tribus:accsg","f,IV,acc,sg","m,II,acc,sg","n,II,acc,sg","n,II,acc,sg","n,II,acc,sg","n,II,acc,sg","n,II,acc,sg","n,II,acc,sg","n,II,acc,sg","n,II,acc,sg","n,II,acc,sg","n,II,acc,sg","n,II,acc,sg","n,II,acc,sg","n,II,acc,sg","n,II,acc,sg"
"tribus:nompl","f,IV,nom,pl","f,II,acc,pl","f,II,acc,pl","f,II,acc,pl","n,II,nom,pl","n,II,acc,pl","n,II,acc,pl","n,II,acc,pl","n,II,acc,pl","n,II,acc,pl","n,II,acc,pl","n,II,acc,pl","n,II,acc,pl","n,II,acc,pl","n,II,acc,pl","n,II,acc,pl"
"tribus:genpl","f,IV,gen,pl","m,II,acc,pl","f,I,acc,pl","n,II,acc,sg","n,II,acc,sg","n,II,acc,sg","n,II,acc,pl","n,II,acc,sg","n,II,acc,sg","n,II,acc,sg","n,II,acc,sg","n,II,acc,sg","n,II,acc,sg","n,II,acc,sg","n,II,acc,sg","n,II,acc,sg"
"tribus:accpl","f,IV,acc,pl","f,II,acc,pl","f,II,acc,pl","f,II,acc,pl","n,II,nom,pl","n,II,acc,pl","n,II,acc,pl","n,II,acc,pl","n,II,acc,pl","n,II,acc,pl","n,II,acc,pl","n,II,acc,pl","n,II,acc,pl","n,II,acc,pl","n,II,acc,pl","n,II,acc,pl"
"truncus:nomsg","m,II,nom,sg","m,II,nom,sg","f,II,nom,sg","f,II,acc,sg","n,II,nom,sg","n,II,acc,sg","n,II,acc,sg","n,II,acc,sg","n,II,acc,sg","n,II,acc,sg","n,II,acc,sg","n,II,acc,pl","n,II,acc,sg","n,II,acc,sg","n,II,acc,sg","n,II,acc,sg"
"truncus:gensg","m,II,gen,sg","n,II,gen,pl","n,II,acc,pl","n,II,acc,pl","n,II,acc,pl","n,II,acc,pl","n,II,acc,pl","n,II,acc,pl","n,II,acc,pl","n,II,acc,pl","n,II,acc,pl","n,II,acc,pl","n,II,acc,pl","n,II,acc,pl","n,II,acc,pl","n,II,acc,pl"
"truncus:accsg","m,II,acc,sg","n,II,acc,sg","n,II,acc,sg","n,II,acc,sg","n,II,acc,sg","n,II,acc,sg","n,II,acc,sg","n,II,acc,sg","n,II,acc,sg","n,II,acc,sg","n,II,acc,sg","n,II,acc,sg","n,II,acc,sg","n,II,acc,sg","n,II,acc,sg","n,II,acc,sg"
"truncus:nompl","m,II,nom,pl","n,II,gen,pl","n,II,acc,pl","n,II,acc,pl","n,II,acc,pl","n,II,acc,pl","n,II,acc,pl","n,II,acc,pl","n,II,acc,pl","n,II,acc,pl","n,II,acc,pl","n,II,acc,pl","n,II,acc,pl","n,II,acc,pl","n,II,acc,pl","n,II,acc,pl"
"truncus:genpl","m,II,gen,pl","n,III,gen,pl","n,II,acc,pl","f,III,acc,pl","f,III,acc,pl","f,III,acc,pl","f,III,acc,pl","n,II,acc,pl","n,II,acc,pl","n,II,acc,pl","n,II,acc,pl","n,II,acc,pl","n,II,acc,pl","n,II,acc,pl","n,II,acc,pl","n,II,acc,sg"
"truncus:accpl","m,II,acc,pl","m,II,acc,pl","f,III,acc,sg","f,III,acc,pl","f,III,acc,pl","f,III,acc,pl","f,III,acc,pl","n,II,acc,pl","n,II,acc,pl","n,II,acc,pl","f,III,acc,pl","f,III,acc,pl","n,II,acc,pl","n,II,acc,pl","n,II,acc,pl","n,II,acc,pl"
"tuba:nomsg","f,I,nom,sg","f,I,acc,sg","f,I,acc,sg","f,I,acc,pl","f,I,acc,pl","f,I,acc,pl","f,I,acc,pl","f,I,acc,pl","f,I,acc,pl","f,I,acc,pl","f,I,acc,pl","f,I,acc,pl","f,I,acc,pl","f,I,acc,pl","f,I,acc,pl","f,I,acc,pl"
"tuba:gensg","f,I,gen,sg","f,I,acc,pl","f,I,acc,pl","f,I,acc,pl","f,I,acc,pl","f,I,acc,pl","f,I,acc,pl","f,I,acc,pl","f,I,acc,pl","f,I,acc,pl","f,I,acc,pl","f,I,acc,pl","f,I,acc,pl","f,I,acc,pl","f,I,acc,pl","f,I,acc,pl"
"tuba:accsg","f,I,acc,sg","f,I,acc,sg","f,I,acc,sg","f,I,acc,sg","f,I,acc,sg","f,I,acc,sg","f,I,acc,sg","f,I,acc,sg","f,I,acc,sg","f,I,acc,sg","f,I,acc,sg","f,I,acc,sg","f,I,acc,sg","f,I,acc,sg","f,I,acc,sg","f,I,acc,sg"
"tuba:nompl","f,I,nom,pl","f,I,acc,pl","f,I,acc,pl","f,I,acc,pl","f,I,acc,pl","f,I,acc,pl","f,I,acc,pl","f,I,acc,pl","f,I,acc,pl","f,I,acc,pl","f,I,acc,pl","f,I,acc,pl","f,I,acc,pl","f,I,acc,pl","f,I,acc,pl","f,I,acc,pl"
"tuba:genpl","f,I,gen,pl","f,III,gen,pl","f,I,acc,pl","f,I,acc,pl","f,I,acc,pl","f,I,acc,pl","f,I,acc,pl","f,I,acc,pl","f,I,acc,pl","f,I,acc,pl","f,I,acc,pl","f,I,acc,pl","f,I,acc,pl","f,I,acc,pl","f,I,acc,pl","f,I,acc,pl"
"tuba:accpl","f,I,acc,pl","f,I,acc,pl","f,I,acc,pl","f,I,acc,pl","f,I,acc,pl","f,I,acc,pl","f,I,acc,pl","f,I,acc,pl","f,I,acc,pl","f,I,acc,pl","f,I,acc,pl","f,I,acc,pl","f,I,acc,pl","f,I,acc,pl","f,I,acc,pl","f,I,acc,pl"
"turma:nomsg","f,I,nom,sg","f,I,acc,sg","f,I,acc,sg","f,I,acc,pl","f,I,acc,pl","f,I,acc,pl","f,I,acc,pl","f,I,acc,pl","f,I,acc,pl","f,I,acc,pl","f,I,acc,pl","f,I,acc,pl","f,I,acc,pl","f,I,acc,pl","f,I,acc,pl","f,I,acc,sg"
"turma:gensg","f,I,gen,sg","f,I,acc,sg","f,I,acc,pl","f,I,acc,pl","f,I,acc,pl","f,I,acc,pl","f,I,acc,pl","f,I,acc,pl","f,I,acc,pl","f,I,acc,pl","f,I,acc,pl","f,I,acc,pl","f,I,acc,pl","f,I,acc,pl","f,I,acc,pl","f,I,acc,pl"
"turma:accsg","f,I,acc,sg","f,I,acc,sg","f,I,acc,sg","f,I,acc,sg","f,I,acc,sg","f,I,acc,sg","f,I,acc,sg","f,I,acc,sg","f,I,acc,sg","f,I,acc,sg","f,I,acc,sg","f,I,acc,sg","f,I,acc,sg","f,I,acc,sg","f,I,acc,sg","f,I,acc,sg"
"turma:nompl","f,I,nom,pl","f,I,acc,sg","f,I,acc,pl","f,I,acc,pl","f,I,acc,pl","f,I,acc,pl","f,I,acc,pl","f,I,acc,pl","f,I,acc,pl","f,I,acc,pl","f,I,acc,pl","f,I,acc,pl","f,I,acc,pl","f,I,acc,pl","f,I,acc,pl","f,I,acc,pl"
"turma:genpl","f,I,gen,pl","f,I,gen,pl","f,I,acc,pl","f,I,acc,pl","f,I,acc,pl","f,I,acc,pl","f,I,acc,pl","f,I,acc,pl","f,I,acc,pl","f,I,acc,pl","f,I,acc,pl","f,I,acc,pl","f,I,acc,pl","f,I,acc,pl","f,I,acc,pl","f,I,acc,pl"
"turma:accpl","f,I,acc,pl","f,I,acc,pl","f,I,acc,pl","f,I,acc,pl","f,I,acc,pl","f,I,acc,pl","f,I,acc,pl","f,I,acc,pl","f,I,acc,pl","f,I,acc,pl","f,I,acc,pl","f,I,acc,pl","f,I,acc,pl","f,I,acc,pl","f,I,acc,pl","f,I,acc,pl"
"turtur:nomsg","m,III,nom,sg","n,III,acc,sg","m,III,acc,sg","n,II,acc,sg","n,II,acc,sg","n,II,acc,sg","n,II,acc,sg","n,II,acc,sg","n,II,acc,sg","n,II,acc,sg","n,II,acc,sg","n,II,acc,sg","n,II,acc,sg","n,II,acc,sg","n,II,acc,sg","n,II,acc,sg"
"turtur:gensg","m,III,gen,sg","m,III,gen,sg","f,III,acc,sg","f,III,acc,sg","f,III,acc,sg","f,III,acc,sg","f,III,acc,sg","f,III,acc,sg","f,III,acc,sg","f,III,acc,sg","f,III,acc,sg","f,III,acc,sg","f,III,acc,sg","f,III,acc,sg","f,III,acc,sg","f,III,acc,sg"
"turtur:accsg","m,III,acc,sg","m,III,acc,sg","f,III,acc,sg","f,III,acc,sg","f,III,acc,sg","f,III,acc,sg","f,III,acc,sg","f,III,acc,sg","f,III,acc,sg","f,III,acc,sg","f,III,acc,sg","f,III,acc,sg","f,III,acc,sg","f,III,acc,sg","f,III,acc,sg","f,III,acc,sg"
"turtur:nompl","m,III,nom,pl","n,III,acc,pl","f,III,acc,pl","f,III,acc,pl","f,III,acc,sg","f,III,acc,pl","f,III,acc,pl","f,III,acc,sg","f,III,acc,sg","f,III,acc,sg","f,III,acc,sg","f,III,acc,sg","f,III,acc,sg","f,III,acc,sg","f,III,acc,sg","f,III,acc,sg"
"turtur:genpl","m,III,gen,pl","m,III,acc,pl","n,II,acc,pl","n,II,acc,sg","n,II,acc,sg","n,II,acc,sg","n,II,acc,pl","n,II,acc,pl","n,II,acc,sg","n,II,acc,sg","n,II,acc,sg","n,II,acc,sg","n,II,acc,sg","n,II,acc,sg","n,II,acc,sg","n,II,acc,sg"
"turtur:accpl","m,III,acc,pl","n,III,acc,pl","f,III,acc,pl","f,III,acc,pl","f,III,acc,sg","f,III,acc,pl","f,III,acc,pl","f,III,acc,sg","f,III,acc,sg","f,III,acc,sg","f,III,acc,sg","f,III,acc,sg","f,III,acc,sg","f,III,acc,sg","f,III,acc,sg","f,III,acc,sg"
"tussis:nomsg","f,III,nom,sg","f,III,acc,sg","f,III,acc,sg","f,III,acc,sg","f,III,acc,sg","f,III,acc,sg","f,III,acc,sg","f,III,acc,sg","f,III,acc,sg","f,III,acc,sg","f,III,acc,sg","f,III,acc,sg","f,III,acc,sg","f,III,acc,sg","f,III,acc,sg","f,III,acc,sg"
"tussis:gensg","f,III,gen,sg","f,III,acc,sg","f,III,acc,sg","f,III,acc,sg","f,III,acc,sg","f,III,acc,sg","f,III,acc,sg","f,III,acc,sg","f,III,acc,sg","f,III,acc,sg","f,III,acc,sg","f,III,acc,sg","f,III,acc,sg","f,III,acc,sg","f,III,acc,sg","f,III,acc,sg"
"tussis:accsg","f,III,acc,sg","f,III,acc,sg","n,III,acc,sg","f,III,acc,sg","f,III,acc,sg","f,III,acc,sg","f,III,acc,sg","f,III,acc,sg","f,III,acc,sg","f,III,acc,sg","f,III,acc,sg","f,III,acc,sg","f,III,acc,sg","f,III,acc,sg","f,III,acc,sg","f,III,acc,sg"
"tussis:nompl","f,III,nom,pl","f,III,acc,pl","f,III,acc,pl","f,III,acc,pl","f,III,acc,pl","f,III,acc,pl","f,III,acc,pl","f,III,acc,pl","f,III,acc,pl","f,III,acc,pl","f,III,acc,pl","f,III,acc,pl","f,III,acc,pl","f,III,acc,pl","f,III,acc,pl","f,III,acc,pl"
"tussis:genpl","f,III,gen,pl","f,III,gen,pl","f,III,acc,pl","f,III,acc,sg","f,III,acc,sg","f,III,acc,sg","f,III,acc,sg","f,III,acc,sg","f,III,acc,sg","f,III,acc,sg","f,III,acc,sg","f,III,acc,sg","f,III,acc,sg","f,III,acc,sg","f,III,acc,sg","f,III,acc,sg"
"tussis:accpl","f,III,acc,pl","f,III,acc,pl","f,III,acc,pl","f,III,acc,pl","f,III,acc,pl","f,III,acc,pl","f,III,acc,pl","f,III,acc,pl","f,III,acc,pl","f,III,acc,pl","f,III,acc,pl","f,III,acc,pl","f,III,acc,pl","f,III,acc,pl","f,III,acc,pl","f,III,acc,pl"
"tyrannus:nomsg","m,II,nom,sg","m,II,nom,sg","n,II,nom,sg","n,II,acc,sg","n,II,nom,sg","n,II,acc,sg","n,II,acc,sg","n,II,acc,sg","n,II,acc,sg","n,II,acc,sg","n,II,acc,sg","n,II,acc,sg","n,II,acc,sg","n,II,acc,sg","n,II,acc,sg","n,II,acc,sg"
"tyrannus:gensg","m,II,gen,sg","n,II,nom,pl","n,II,acc,pl","n,II,acc,sg","n,II,acc,pl","n,II,acc,pl","n,II,acc,pl","n,II,acc,pl","n,II,acc,pl","n,II,acc,pl","n,II,acc,pl","n,II,acc,pl","n,II,acc,pl","n,II,acc,pl","n,II,acc,pl","n,II,acc,pl"
"tyrannus:accsg","m,II,acc,sg","n,II,acc,sg","n,II,acc,sg","n,II,acc,sg","n,II,acc,sg","n,II,acc,sg","n,II,acc,sg","n,II,acc,sg","n,II,acc,sg","n,II,acc,sg","n,II,acc,sg","n,II,acc,sg","n,II,acc,sg","n,II,acc,sg","n,II,acc,sg","n,II,acc,sg"
"tyrannus:nompl","m,II,nom,pl","n,II,nom,pl","n,II,acc,pl","n,II,acc,sg","n,II,acc,pl","n,II,acc,pl","n,II,acc,pl","n,II,acc,pl","n,II,acc,pl","n,II,acc,pl","n,II,acc,pl","n,II,acc,pl","n,II,acc,pl","n,II,acc,pl","n,II,acc,pl","n,II,acc,pl"
"tyrannus:genpl","m,II,gen,pl","n,II,gen,pl","n,II,acc,pl","n,II,acc,sg","f,II,acc,pl","n,II,acc,pl","n,II,acc,pl","n,II,acc,pl","n,II,acc,pl","n,II,acc,pl","n,II,acc,pl","n,II,acc,pl","n,II,acc,pl","n,II,acc,pl","n,II,acc,pl","n,II,acc,sg"
"tyrannus:accpl","m,II,acc,pl","n,II,nom,pl","m,II,acc,pl","f,II,acc,sg","n,II,acc,sg","n,II,acc,sg","n,II,acc,sg","n,II,acc,pl","n,II,acc,pl","n,II,acc,pl","n,II,acc,pl","n,II,acc,pl","n,II,acc,pl","n,II,acc,pl","n,II,acc,pl","n,II,acc,pl"
"umbra:nomsg","f,I,nom,sg","f,II,nom,sg","f,II,acc,pl","f,I,acc,pl","f,I,acc,pl","f,I,acc,sg","f,I,acc,pl","f,I,acc,pl","f,I,acc,pl","f,I,acc,pl","f,I,acc,pl","f,I,acc,pl","f,I,acc,pl","f,I,acc,pl","f,I,acc,pl","f,I,acc,pl"
"umbra:gensg","f,I,gen,sg","f,I,nom,pl","f,I,acc,pl","f,I,acc,pl","f,I,acc,pl","f,I,acc,pl","f,I,acc,pl","f,I,acc,pl","f,I,acc,pl","f,I,acc,pl","f,I,acc,pl","f,I,acc,pl","f,I,acc,pl","f,I,acc,pl","f,I,acc,pl","f,I,acc,pl"
"umbra:accsg","f,I,acc,sg","f,I,acc,sg","f,I,acc,sg","f,I,acc,sg","f,I,acc,sg","f,I,acc,sg","f,I,acc,sg","f,I,acc,sg","f,I,acc,sg","f,I,acc,sg","f,I,acc,sg","f,I,acc,sg","f,I,acc,sg","f,I,acc,sg","f,I,acc,sg","f,I,acc,sg"
"umbra:nompl","f,I,nom,pl","f,I,nom,pl","f,I,acc,pl","f,I,acc,pl","f,I,acc,pl","f,I,acc,pl","f,I,acc,pl","f,I,acc,pl","f,I,acc,pl","f,I,acc,pl","f,I,acc,pl","f,I,acc,pl","f,I,acc,pl","f,I,acc,pl","f,I,acc,pl","f,I,acc,pl"
"umbra:genpl","f,I,gen,pl","f,I,gen,pl","f,I,acc,pl","f,I,acc,pl","f,I,acc,pl","f,I,acc,pl","f,I,acc,pl","f,I,acc,pl","f,I,acc,pl","f,I,acc,pl","f,I,acc,pl","f,I,acc,pl","f,I,acc,pl","f,I,acc,pl","f,I,acc,pl","f,I,acc,pl"
"umbra:accpl","f,I,acc,pl","f,I,acc,pl","f,I,acc,pl","f,I,acc,pl","f,I,acc,pl","f,I,acc,pl","f,I,acc,pl","f,I,acc,pl","f,I,acc,pl","f,I,acc,pl","f,I,acc,pl","f,I,acc,pl","f,I,acc,pl","f,I,acc,pl","f,I,acc,pl","f,I,acc,pl"
"umerus:nomsg","m,II,nom,sg","m,II,nom,sg","n,II,nom,sg","n,II,nom,sg","n,II,nom,sg","n,II,acc,sg","n,II,acc,sg","n,II,acc,sg","n,II,acc,sg","n,II,acc,sg","n,II,acc,sg","n,II,acc,sg","n,II,acc,sg","n,II,acc,sg","n,II,acc,sg","n,II,acc,sg"
"umerus:gensg","m,II,gen,sg","n,II,gen,sg","n,II,acc,pl","n,II,acc,pl","n,II,acc,pl","n,II,acc,pl","n,II,acc,pl","n,II,acc,pl","n,II,acc,pl","n,II,acc,pl","n,II,acc,pl","n,II,acc,pl","n,II,acc,pl","n,II,acc,pl","n,II,acc,pl","n,II,acc,pl"
"umerus:accsg","m,II,acc,sg","n,II,acc,sg","n,II,acc,sg","n,II,acc,sg","n,II,acc,sg","n,II,acc,sg","n,II,acc,sg","n,II,acc,sg","n,II,acc,sg","n,II,acc,sg","n,II,acc,sg","n,II,acc,sg","n,II,acc,sg","n,II,acc,sg","n,II,acc,sg","n,II,acc,sg"
"umerus:nompl","m,II,nom,pl","n,II,gen,sg","n,II,acc,pl","n,II,acc,pl","n,II,acc,pl","n,II,acc,pl","n,II,acc,pl","n,II,acc,pl","n,II,acc,pl","n,II,acc,pl","n,II,acc,pl","n,II,acc,pl","n,II,acc,pl","n,II,acc,pl","n,II,acc,pl","n,II,acc,pl"
"umerus:genpl","m,II,gen,pl","m,II,gen,pl","n,II,acc,pl","n,II,acc,pl","n,II,acc,pl","n,II,acc,pl","n,II,acc,pl","n,II,acc,pl","n,II,acc,pl","n,II,acc,pl","n,II,acc,pl","n,II,acc,pl","n,II,acc,pl","n,II,acc,pl","n,II,acc,pl","n,II,acc,pl"
"umerus:accpl","m,II,acc,pl","m,II,acc,pl","n,II,acc,pl","n,II,acc,pl","n,II,acc,pl","n,II,acc,pl","n,II,acc,pl","n,II,acc,pl","n,II,acc,pl","n,II,acc,pl","n,II,acc,pl","n,II,acc,pl","n,II,acc,pl","n,II,acc,pl","n,II,acc,pl","n,II,acc,pl"
"unctus:nomsg","m,II,nom,sg","m,II,nom,sg","m,III,nom,sg","n,III,nom,sg","n,III,acc,sg","n,II,acc,sg","n,II,acc,sg","n,II,acc,sg","n,II,acc,sg","n,II,acc,sg","n,II,acc,sg","n,II,acc,sg","n,II,acc,sg","n,II,acc,sg","n,II,acc,sg","n,II,acc,sg"
"unctus:gensg","m,II,gen,sg","m,II,nom,pl","n,III,acc,sg","n,III,acc,sg","n,II,acc,pl","n,II,acc,pl","n,II,acc,pl","n,II,acc,sg","n,II,acc,pl","n,II,acc,pl","n,II,acc,pl","n,II,acc,pl","n,II,acc,pl","n,II,acc,pl","n,II,acc,pl","n,II,acc,pl"
"unctus:accsg","m,II,acc,sg","n,II,acc,sg","n,III,acc,sg","n,II,acc,sg","n,II,acc,sg","n,II,acc,sg","n,II,acc,sg","n,II,acc,sg","n,II,acc,sg","n,II,acc,sg","n,II,acc,sg","n,II,acc,sg","n,II,acc,sg","n,II,acc,sg","n,II,acc,sg","n,II,acc,sg"
"unctus:nompl","m,II,nom,pl","m,II,nom,pl","n,III,acc,sg","n,III,acc,sg","n,II,acc,pl","n,II,acc,pl","n,II,acc,pl","n,II,acc,sg","n,II,acc,pl","n,II,acc,pl","n,II,acc,pl","n,II,acc,pl","n,II,acc,pl","n,II,acc,pl","n,II,acc,pl","n,II,acc,pl"
"unctus:genpl","m,II,gen,pl","m,III,gen,pl","m,III,acc,pl","f,III,acc,pl","f,III,acc,pl","n,II,acc,pl","f,III,acc,sg","n,II,acc,pl","n,II,acc,pl","n,II,acc,pl","n,II,acc,pl","n,II,acc,pl","f,III,acc,pl","f,III,acc,pl","f,III,acc,pl","n,II,acc,pl"
"unctus:accpl","m,II,acc,pl","m,II,acc,pl","m,III,acc,pl","n,III,nom,sg","f,III,acc,pl","f,III,acc,sg","n,II,acc,sg","f,III,acc,sg","n,II,acc,sg","n,II,acc,pl","n,II,acc,pl","f,II,acc,pl","n,II,acc,pl","n,II,acc,pl","n,II,acc,sg","n,II,acc,pl"
"unguis:nomsg","m,III,nom,sg","m,III,acc,sg","f,II,acc,pl","f,II,nom,pl","f,III,acc,sg","f,III,acc,sg","f,III,acc,sg","f,III,acc,sg","n,II,acc,sg","n,III,acc,sg","n,II,acc,sg","f,III,acc,sg","f,III,acc,sg","f,III,acc,sg","f,III,acc,sg","f,III,acc,sg"
"unguis:gensg","m,III,gen,sg","m,III,acc,sg","f,II,acc,pl","f,II,nom,pl","f,III,acc,sg","f,III,acc,sg","f,III,acc,sg","f,III,acc,sg","n,II,acc,sg","n,III,acc,sg","n,II,acc,sg","f,III,acc,sg","f,III,acc,sg","f,III,acc,sg","f,III,acc,sg","f,III,acc,sg"
"unguis:accsg","m,III,acc,sg","f,III,acc,sg","n,II,acc,sg","f,I,acc,sg","f,III,acc,sg","f,III,acc,sg","f,III,acc,sg","f,III,acc,sg","f,III,acc,sg","f,III,acc,sg","f,III,acc,sg","f,III,acc,sg","f,III,acc,sg","f,III,acc,sg","f,III,acc,sg","f,III,acc,sg"
"unguis:nompl","m,III,nom,pl","f,III,acc,pl","f,I,acc,pl","f,I,acc,pl","f,III,acc,pl","f,III,acc,pl","f,III,acc,pl","f,III,acc,pl","f,II,acc,pl","f,III,acc,pl","f,III,acc,pl","f,III,acc,pl","f,III,acc,pl","f,III,acc,pl","f,III,acc,pl","f,III,acc,pl"
"unguis:genpl","m,III,gen,pl","m,III,gen,pl","f,III,gen,pl","f,I,acc,pl","f,II,acc,pl","n,II,acc,sg","f,III,acc,sg","f,III,acc,sg","n,II,acc,sg","n,II,acc,sg","n,II,acc,sg","f,III,acc,sg","f,III,acc,sg","f,III,acc,sg","f,III,acc,sg","f,III,acc,sg"
"unguis:accpl","m,III,acc,pl","f,III,acc,pl","f,I,acc,pl","f,I,acc,pl","f,III,acc,pl","f,III,acc,pl","f,III,acc,pl","f,III,acc,pl","f,II,acc,pl","f,III,acc,pl","f,III,acc,pl","f,III,acc,pl","f,III,acc,pl","f,III,acc,pl","f,III,acc,pl","f,III,acc,pl"
"ungula:nomsg","f,I,nom,sg","f,II,nom,sg","f,I,acc,sg","f,I,acc,pl","f,I,acc,sg","f,I,acc,pl","f,I,acc,pl","f,I,acc,sg","f,I,acc,pl","f,I,acc,pl","f,I,acc,pl","f,I,acc,pl","f,I,acc,pl","f,I,acc,pl","f,I,acc,pl","f,I,acc,pl"
"ungula:gensg","f,I,gen,sg","f,I,acc,pl","f,I,acc,pl","f,I,acc,pl","f,I,acc,pl","f,I,acc,pl","f,I,acc,pl","f,I,acc,pl","f,I,acc,pl","f,I,acc,pl","f,I,acc,pl","f,I,acc,pl","f,I,acc,pl","f,I,acc,pl","f,I,acc,pl","f,I,acc,pl"
"ungula:accsg","f,I,acc,sg","f,I,acc,sg","f,I,acc,sg","f,I,acc,sg","f,I,acc,sg","f,I,acc,sg","f,I,acc,sg","f,I,acc,sg","f,I,acc,sg","f,I,acc,sg","f,I,acc,sg","f,I,acc,sg","f,I,acc,sg","f,I,acc,sg","f,I,acc,sg","f,I,acc,sg"
"ungula:nompl","f,I,nom,pl","f,I,acc,pl","f,I,acc,pl","f,I,acc,pl","f,I,acc,pl","f,I,acc,pl","f,I,acc,pl","f,I,acc,pl","f,I,acc,pl","f,I,acc,pl","f,I,acc,pl","f,I,acc,pl","f,I,acc,pl","f,I,acc,pl","f,I,acc,pl","f,I,acc,pl"
"ungula:genpl","f,I,gen,pl","f,I,gen,pl","f,I,acc,pl","f,I,acc,pl","f,I,acc,pl","f,I,acc,pl","f,I,acc,pl","f,I,acc,pl","f,I,acc,pl","f,I,acc,pl","f,I,acc,pl","f,I,acc,pl","f,I,acc,pl","f,I,acc,pl","f,I,acc,pl","f,I,acc,pl"
"ungula:accpl","f,I,acc,pl","f,I,acc,pl","f,I,acc,pl","f,I,acc,pl","f,I,acc,pl","f,I,acc,pl","f,I,acc,pl","f,I,acc,pl","f,I,acc,pl","f,I,acc,pl","f,I,acc,pl","f,I,acc,pl","f,I,acc,pl","f,I,acc,pl","f,I,acc,pl","f,I,acc,pl"
"universum:nomsg","n,II,nom,sg","n,II,acc,sg","n,II,acc,sg","n,II,acc,sg","n,II,acc,sg","n,II,acc,sg","n,II,acc,sg","n,II,acc,sg","n,II,acc,sg","n,II,acc,sg","n,II,acc,sg","n,II,acc,sg","n,II,acc,sg","n,II,acc,sg","n,II,acc,sg","n,II,acc,sg"
"universum:gensg","n,II,gen,sg","n,II,acc,pl","n,II,acc,pl","n,II,acc,pl","n,II,acc,pl","n,II,acc,pl","n,II,acc,pl","n,II,acc,pl","n,II,acc,pl","n,II,acc,pl","n,II,acc,pl","n,II,acc,pl","n,II,acc,pl","n,II,acc,pl","n,II,acc,pl","n,II,acc,pl"
"universum:accsg","n,II,acc,sg","n,II,acc,sg","n,II,acc,sg","n,II,acc,sg","n,II,acc,sg","n,II,acc,sg","n,II,acc,sg","n,II,acc,sg","n,II,acc,sg","n,II,acc,sg","n,II,acc,sg","n,II,acc,sg","n,II,acc,sg","n,II,acc,sg","n,II,acc,sg","n,II,acc,sg"
"universum:nompl","n,II,nom,pl","n,II,nom,pl","n,II,acc,pl","f,II,acc,pl","f,II,acc,pl","f,I,acc,pl","f,I,acc,pl","f,I,acc,pl","f,I,acc,pl","f,I,acc,pl","f,I,acc,pl","f,I,acc,pl","f,I,acc,pl","f,I,acc,pl","f,I,acc,pl","f,I,acc,pl"
"universum:genpl","n,II,gen,pl","n,II,acc,pl","n,II,acc,pl","f,II,acc,pl","n,II,acc,pl","n,II,acc,pl","n,II,acc,pl","n,II,acc,pl","n,II,acc,pl","n,II,acc,sg","n,II,acc,pl","n,II,acc,pl","n,II,acc,pl","n,II,acc,sg","n,II,acc,sg","n,II,acc,pl"
"universum:accpl","n,II,acc,pl","n,II,nom,pl","n,II,acc,pl","f,II,acc,pl","f,II,acc,pl","f,I,acc,pl","f,I,acc,pl","f,I,acc,pl","f,I,acc,pl","f,I,acc,pl","f,I,acc,pl","f,I,acc,pl","f,I,acc,pl","f,I,acc,pl","f,I,acc,pl","f,I,acc,pl"
"urbs:nomsg","f,III,nom,sg","f,III,acc,sg","f,III,acc,sg","f,III,acc,sg","f,III,acc,sg","f,III,acc,sg","f,III,acc,sg","f,III,acc,sg","f,III,acc,sg","f,III,acc,sg","f,III,acc,sg","f,III,acc,sg","f,III,acc,sg","f,III,acc,sg","f,III,acc,sg","f,III,acc,sg"
"urbs:gensg","f,III,gen,sg","f,III,nom,sg","f,III,nom,sg","f,III,acc,sg","f,III,acc,sg","f,III,acc,sg","f,III,acc,sg","f,III,acc,sg","f,III,acc,sg","f,III,acc,sg","f,III,acc,sg","f,III,acc,sg","f,III,acc,sg","f,III,acc,sg","f,III,acc,sg","f,III,acc,sg"
"urbs:accsg","f,III,acc,sg","f,III,acc,sg","f,III,acc,sg","f,III,acc,sg","f,III,acc,sg","f,III,acc,sg","f,III,acc,sg","f,III,acc,sg","f,III,acc,sg","f,III,acc,sg","f,III,acc,sg","f,III,acc,sg","f,III,acc,sg","f,III,acc,sg","f,III,acc,sg","f,III,acc,sg"
"urbs:nompl","f,III,nom,pl","f,III,acc,pl","f,III,acc,pl","f,III,acc,pl","f,III,acc,pl","f,III,acc,pl","f,III,acc,pl","f,III,acc,pl","f,III,acc,pl","f,III,acc,pl","f,III,acc,pl","f,III,acc,pl","f,III,acc,pl","f,III,acc,pl","f,III,acc,pl","f,III,acc,pl"
"urbs:genpl","f,III,gen,pl","f,III,gen,pl","f,III,acc,pl","f,III,acc,pl","f,III,acc,sg","f,III,acc,sg","f,III,acc,sg","f,III,acc,sg","f,III,acc,sg","f,III,acc,sg","f,III,acc,sg","f,III,acc,sg","f,III,acc,sg","f,III,acc,sg","f,III,acc,sg","f,III,acc,sg"
"urbs:accpl","f,III,acc,pl","f,III,acc,pl","f,III,acc,pl","f,III,acc,pl","f,III,acc,pl","f,III,acc,pl","f,III,acc,pl","f,III,acc,pl","f,III,acc,pl","f,III,acc,pl","f,III,acc,pl","f,III,acc,pl","f,III,acc,pl","f,III,acc,pl","f,III,acc,pl","f,III,acc,pl"
"urceolus:nomsg","m,II,nom,sg","m,II,acc,pl","f,II,nom,sg","n,II,nom,pl","f,II,acc,sg","n,II,acc,sg","n,II,acc,sg","n,II,acc,sg","f,I,acc,sg","n,II,acc,sg","n,II,acc,sg","n,II,acc,sg","f,III,acc,sg","n,II,acc,sg","n,II,acc,sg","n,II,acc,sg"
"urceolus:gensg","m,II,gen,sg","n,II,acc,pl","n,II,nom,sg","f,III,acc,pl","f,II,acc,pl","n,II,acc,sg","n,II,acc,pl","n,II,acc,sg","f,I,acc,sg","n,II,gen,sg","n,II,acc,sg","f,III,acc,sg","n,II,acc,sg","n,II,acc,sg","n,II,acc,sg","f,III,acc,sg"
"urceolus:accsg","m,II,acc,sg","n,II,acc,sg","n,II,acc,sg","f,II,acc,sg","n,II,acc,sg","n,II,acc,sg","n,II,acc,sg","n,II,acc,sg","f,I,acc,sg","n,II,acc,sg","n,II,acc,sg","n,II,acc,sg","f,II,acc,sg","n,II,acc,sg","n,II,acc,sg","n,II,acc,sg"
"urceolus:nompl","m,II,nom,pl","n,II,acc,pl","n,II,nom,sg","f,III,acc,pl","f,II,acc,pl","n,II,acc,sg","n,II,acc,pl","n,II,acc,sg","f,I,acc,sg","n,II,gen,sg","n,II,acc,sg","f,III,acc,sg","n,II,acc,sg","n,II,acc,sg","n,II,acc,sg","f,III,acc,sg"
"urceolus:genpl","m,II,gen,pl","n,II,gen,pl","n,II,acc,pl","f,II,acc,pl","f,II,acc,pl","n,II,acc,pl","n,II,acc,pl","n,II,acc,pl","f,I,acc,sg","n,II,acc,pl","f,I,acc,pl","n,II,acc,pl","n,II,acc,pl","n,II,acc,sg","n,II,acc,sg","n,II,acc,pl"
"urceolus:accpl","m,II,acc,pl","m,II,acc,pl","f,III,nom,sg","n,II,nom,pl","f,II,acc,pl","n,II,acc,sg","n,II,acc,sg","n,II,acc,sg","f,I,acc,sg","f,I,acc,pl","f,I,acc,sg","f,III,acc,sg","f,III,acc,pl","n,II,acc,sg","f,III,acc,sg","f,III,acc,sg"
"uterus:nomsg","m,II,nom,sg","n,II,nom,sg","m,II,nom,sg","n,II,nom,sg","n,II,acc,sg","n,II,acc,sg","n,II,acc,sg","n,II,acc,sg","n,II,acc,sg","n,II,acc,sg","n,II,acc,sg","n,II,acc,sg","n,II,acc,sg","n,II,acc,sg","n,II,acc,sg","n,II,acc,sg"
"uterus:gensg","m,II,gen,sg","n,II,gen,pl","n,II,acc,pl","n,II,acc,pl","n,II,acc,pl","n,II,acc,pl","n,II,acc,pl","n,II,acc,pl","n,II,acc,pl","n,II,acc,pl","n,II,acc,pl","n,II,acc,pl","n,II,acc,pl","n,II,acc,pl","n,II,acc,pl","n,II,acc,pl"
"uterus:accsg","m,II,acc,sg","n,II,acc,sg","n,II,acc,sg","n,II,acc,sg","n,II,acc,sg","n,II,acc,sg","n,II,acc,sg","n,II,acc,sg","n,II,acc,sg","n,II,acc,sg","n,II,acc,sg","n,II,acc,sg","n,II,acc,sg","n,II,acc,sg","n,II,acc,sg","n,II,acc,sg"
"uterus:nompl","m,II,nom,pl","n,II,gen,pl","n,II,acc,pl","n,II,acc,pl","n,II,acc,pl","n,II,acc,pl","n,II,acc,pl","n,II,acc,pl","n,II,acc,pl","n,II,acc,pl","n,II,acc,pl","n,II,acc,pl","n,II,acc,pl","n,II,acc,pl","n,II,acc,pl","n,II,acc,pl"
"uterus:genpl","m,II,gen,pl","n,II,gen,pl","n,II,acc,pl","n,II,acc,pl","n,II,acc,pl","n,II,acc,pl","n,II,acc,pl","n,II,acc,pl","n,II,acc,pl","n,II,acc,pl","n,II,acc,pl","n,II,acc,pl","n,II,acc,pl","n,II,acc,pl","n,II,acc,pl","n,II,acc,pl"
"uterus:accpl","m,II,acc,pl","m,II,acc,pl","n,II,acc,pl","n,II,acc,pl","n,II,acc,pl","n,II,acc,pl","n,II,acc,pl","n,II,acc,pl","n,II,acc,pl","n,II,acc,pl","n,II,acc,pl","n,II,acc,pl","n,II,acc,pl","n,II,acc,pl","n,II,acc,pl","n,II,acc,pl"
"uva:nomsg","f,I,nom,sg","f,II,nom,sg","f,I,acc,sg","f,I,acc,sg","f,I,acc,sg","f,I,acc,sg","f,I,acc,sg","f,I,acc,pl","f,I,acc,pl","f,I,acc,pl","f,I,acc,pl","f,I,acc,pl","f,I,acc,pl","f,I,acc,pl","f,I,acc,pl","f,I,acc,pl"
"uva:gensg","f,I,gen,sg","f,I,acc,sg","f,I,acc,pl","f,I,acc,pl","f,I,acc,pl","f,I,acc,pl","f,I,acc,pl","f,I,acc,pl","f,I,acc,pl","f,I,acc,pl","f,I,acc,pl","f,I,acc,pl","f,I,acc,pl","f,I,acc,pl","f,I,acc,pl","f,I,acc,pl"
"uva:accsg","f,I,acc,sg","f,I,acc,sg","f,I,acc,sg","f,I,acc,sg","f,I,acc,sg","f,I,acc,sg","f,I,acc,sg","f,I,acc,sg","f,I,acc,sg","f,I,acc,sg","f,I,acc,sg","f,I,acc,sg","f,I,acc,sg","f,I,acc,sg","f,I,acc,sg","f,I,acc,sg"
"uva:nompl","f,I,nom,pl","f,I,acc,sg","f,I,acc,pl","f,I,acc,pl","f,I,acc,pl","f,I,acc,pl","f,I,acc,pl","f,I,acc,pl","f,I,acc,pl","f,I,acc,pl","f,I,acc,pl","f,I,acc,pl","f,I,acc,pl","f,I,acc,pl","f,I,acc,pl","f,I,acc,pl"
"uva:genpl","f,I,gen,pl","f,I,gen,pl","f,I,acc,pl","f,I,acc,pl","f,I,acc,pl","f,I,acc,pl","f,I,acc,pl","f,I,acc,pl","f,I,acc,pl","f,I,acc,pl","f,I,acc,pl","f,I,acc,pl","f,I,acc,pl","f,I,acc,pl","f,I,acc,pl","f,I,acc,pl"
"uva:accpl","f,I,acc,pl","f,I,acc,pl","f,I,acc,pl","f,I,acc,pl","f,I,acc,pl","f,I,acc,pl","f,I,acc,pl","f,I,acc,pl","f,I,acc,pl","f,I,acc,pl","f,I,acc,pl","f,I,acc,pl","f,I,acc,pl","f,I,acc,pl","f,I,acc,pl","f,I,acc,pl"
"uxor:nomsg","f,III,nom,sg","n,III,acc,sg","n,III,acc,sg","n,II,acc,sg","n,II,acc,sg","f,III,acc,sg","f,III,acc,sg","f,III,acc,sg","f,III,acc,sg","f,III,acc,sg","f,III,acc,sg","f,III,acc,sg","f,III,acc,sg","f,III,acc,sg","f,III,acc,sg","f,III,acc,sg"
"uxor:gensg","f,III,gen,sg","f,III,acc,sg","f,III,acc,sg","f,III,acc,pl","f,III,acc,sg","f,III,acc,sg","f,III,acc,sg","f,III,acc,pl","f,III,acc,pl","f,III,acc,pl","f,III,acc,pl","f,III,acc,pl","f,III,acc,pl","f,III,acc,pl","f,III,acc,pl","f,III,acc,pl"
"uxor:accsg","f,III,acc,sg","f,III,acc,sg","f,III,acc,sg","f,III,acc,sg","f,III,acc,sg","f,III,acc,sg","f,III,acc,sg","f,III,acc,sg","f,III,acc,sg","f,III,acc,sg","f,III,acc,sg","f,III,acc,sg","f,III,acc,sg","f,III,acc,sg","f,III,acc,sg","f,III,acc,sg"
"uxor:nompl","f,III,nom,pl","n,III,acc,pl","f,III,acc,pl","f,III,acc,pl","f,III,acc,pl","f,III,acc,pl","f,III,acc,pl","f,III,acc,pl","f,III,acc,pl","f,III,acc,pl","f,III,acc,pl","f,III,acc,pl","f,III,acc,pl","f,III,acc,pl","f,III,acc,pl","f,III,acc,pl"
"uxor:genpl","f,III,gen,pl","f,III,gen,pl","n,II,acc,pl","n,II,acc,pl","n,II,acc,pl","n,II,acc,pl","n,II,acc,pl","n,II,acc,pl","n,II,acc,pl","n,II,acc,pl","n,II,acc,pl","n,II,acc,pl","n,II,acc,pl","n,II,acc,pl","n,II,acc,pl","n,II,acc,pl"
"uxor:accpl","f,III,acc,pl","n,III,acc,pl","f,III,acc,pl","f,III,acc,pl","f,III,acc,pl","f,III,acc,pl","f,III,acc,pl","f,III,acc,pl","f,III,acc,pl","f,III,acc,pl","f,III,acc,pl","f,III,acc,pl","f,III,acc,pl","f,III,acc,pl","f,III,acc,pl","f,III,acc,pl"
"vacca:nomsg","f,I,nom,sg","f,II,nom,pl","n,II,nom,pl","f,I,acc,pl","f,I,acc,pl","f,I,acc,pl","f,I,acc,pl","f,I,acc,pl","f,I,acc,pl","f,I,acc,pl","f,I,acc,pl","f,I,acc,pl","f,I,acc,pl","f,I,acc,pl","f,I,acc,pl","f,I,acc,sg"
"vacca:gensg","f,I,gen,sg","f,I,acc,pl","f,I,acc,pl","f,I,acc,pl","f,I,acc,pl","f,I,acc,pl","f,I,acc,pl","f,I,acc,pl","f,I,acc,pl","f,I,acc,pl","f,I,acc,pl","f,I,acc,pl","f,I,acc,pl","f,I,acc,pl","f,I,acc,pl","f,I,acc,pl"
"vacca:accsg","f,I,acc,sg","f,I,acc,sg","f,I,acc,sg","f,I,acc,sg","f,I,acc,sg","f,I,acc,sg","f,I,acc,sg","f,I,acc,sg","f,I,acc,sg","f,I,acc,sg","f,I,acc,sg","f,I,acc,sg","f,I,acc,sg","f,I,acc,sg","f,I,acc,sg","f,I,acc,sg"
"vacca:nompl","f,I,nom,pl","f,I,acc,pl","f,I,acc,pl","f,I,acc,pl","f,I,acc,pl","f,I,acc,pl","f,I,acc,pl","f,I,acc,pl","f,I,acc,pl","f,I,acc,pl","f,I,acc,pl","f,I,acc,pl","f,I,acc,pl","f,I,acc,pl","f,I,acc,pl","f,I,acc,pl"
"vacca:genpl","f,I,gen,pl","f,III,gen,pl","f,I,acc,pl","f,I,acc,pl","f,I,acc,pl","f,I,acc,pl","f,I,acc,pl","f,I,acc,pl","f,I,acc,pl","f,I,acc,pl","f,I,acc,pl","f,I,acc,pl","f,I,acc,pl","f,I,acc,pl","f,I,acc,pl","f,I,acc,sg"
"vacca:accpl","f,I,acc,pl","f,I,acc,pl","f,I,acc,pl","f,I,acc,pl","f,I,acc,pl","f,I,acc,pl","f,I,acc,pl","f,I,acc,pl","f,I,acc,pl","f,I,acc,pl","f,I,acc,pl","f,I,acc,pl","f,I,acc,pl","f,I,acc,pl","f,I,acc,pl","f,I,acc,pl"
"vallis:nomsg","f,III,nom,sg","n,III,nom,sg","n,III,nom,sg","f,III,nom,sg","f,III,acc,sg","f,III,acc,sg","f,III,acc,sg","f,III,acc,sg","f,III,acc,sg","f,III,acc,sg","f,III,acc,sg","f,III,acc,sg","f,III,acc,sg","f,III,acc,sg","f,III,acc,sg","f,III,acc,sg"
"vallis:gensg","f,III,gen,sg","n,III,nom,sg","n,III,nom,sg","f,III,nom,sg","f,III,acc,sg","f,III,acc,sg","f,III,acc,sg","f,III,acc,sg","f,III,acc,sg","f,III,acc,sg","f,III,acc,sg","f,III,acc,sg","f,III,acc,sg","f,III,acc,sg","f,III,acc,sg","f,III,acc,sg"
"vallis:accsg","f,III,acc,sg","n,III,acc,sg","n,III,acc,sg","n,III,acc,sg","f,III,acc,sg","f,III,acc,sg","f,III,acc,sg","f,III,acc,sg","f,III,acc,sg","f,III,acc,sg","f,III,acc,sg","f,III,acc,sg","f,III,acc,sg","f,III,acc,sg","f,III,acc,sg","f,III,acc,sg"
"vallis:nompl","f,III,nom,pl","f,III,acc,pl","f,III,acc,pl","f,III,nom,pl","f,III,acc,pl","f,III,acc,pl","f,III,acc,pl","f,III,acc,pl","f,III,acc,pl","f,III,acc,pl","f,III,acc,pl","f,III,acc,pl","f,III,acc,pl","f,III,acc,pl","f,III,acc,pl","f,III,acc,pl"
"vallis:genpl","f,III,gen,pl","n,III,gen,pl","f,III,acc,pl","n,II,acc,sg","f,III,acc,sg","f,III,acc,sg","f,III,acc,sg","f,III,acc,sg","f,III,acc,sg","f,III,acc,sg","f,III,acc,sg","f,III,acc,sg","f,III,acc,sg","f,III,acc,sg","f,III,acc,sg","f,III,acc,sg"
"vallis:accpl","f,III,acc,pl","f,III,acc,pl","f,III,acc,pl","f,III,nom,pl","f,III,acc,pl","f,III,acc,pl","f,III,acc,pl","f,III,acc,pl","f,III,acc,pl","f,III,acc,pl","f,III,acc,pl","f,III,acc,pl","f,III,acc,pl","f,III,acc,pl","f,III,acc,pl","f,III,acc,pl"
"vas:nomsg","n,III,nom,sg","f,III,nom,sg","f,I,nom,sg","f,I,nom,sg","f,I,acc,pl","f,I,acc,pl","f,I,acc,pl","f,I,acc,pl","f,I,acc,pl","f,I,acc,pl","f,I,acc,pl","f,I,acc,pl","f,I,acc,pl","f,I,acc,pl","f,I,acc,pl","f,I,acc,pl"
"vas:gensg","n,III,gen,sg","f,III,acc,pl","n,II,acc,pl","f,III,acc,sg","f,III,acc,sg","f,III,acc,pl","f,III,acc,pl","f,III,acc,pl","f,III,acc,pl","f,III,acc,pl","f,III,acc,pl","f,III,acc,pl","f,III,acc,pl","f,III,acc,pl","f,III,acc,pl","f,I,acc,pl"
"vas:accsg","n,III,acc,sg","f,III,nom,sg","f,I,nom,sg","f,I,nom,sg","f,I,acc,pl","f,I,acc,pl","f,I,acc,pl","f,I,acc,pl","f,I,acc,pl","f,I,acc,pl","f,I,acc,pl","f,I,acc,pl","f,I,acc,pl","f,I,acc,pl","f,I,acc,pl","f,I,acc,pl"
"vas:nompl","n,III,nom,pl","f,III,acc,pl","f,III,acc,pl","f,I,acc,pl","f,I,acc,pl","f,I,acc,pl","f,I,acc,pl","f,I,acc,pl","f,I,acc,pl","f,I,acc,pl","f,I,acc,pl","f,I,acc,pl","f,I,acc,pl","f,I,acc,pl","f,I,acc,pl","f,I,acc,pl"
"vas:genpl","n,III,gen,pl","f,III,acc,pl","f,I,acc,pl","f,I,acc,pl","f,I,acc,pl","f,I,acc,pl","f,I,acc,pl","f,I,acc,pl","f,I,acc,pl","f,I,acc,pl","f,I,acc,pl","f,I,acc,pl","f,I,acc,pl","f,I,acc,sg","f,I,acc,pl","f,I,acc,pl"
"vas:accpl","n,III,acc,pl","f,III,acc,pl","f,III,acc,pl","f,I,acc,pl","f,I,acc,pl","f,I,acc,pl","f,I,acc,pl","f,I,acc,pl","f,I,acc,pl","f,I,acc,pl","f,I,acc,pl","f,I,acc,pl","f,I,acc,pl","f,I,acc,pl","f,I,acc,pl","f,I,acc,pl"
"vectis:nomsg","m,III,nom,sg","f,III,nom,sg","f,III,nom,sg","f,III,nom,sg","f,III,acc,sg","f,III,acc,sg","f,III,acc,sg","f,III,acc,sg","f,III,acc,sg","f,III,acc,sg","f,III,acc,sg","f,III,acc,sg","f,III,acc,sg","f,III,acc,sg","f,III,acc,sg","f,III,acc,sg"
"vectis:gensg","m,III,gen,sg","f,III,nom,sg","f,III,nom,sg","f,III,nom,sg","f,III,acc,sg","f,III,acc,sg","f,III,acc,sg","f,III,acc,sg","f,III,acc,sg","f,III,acc,sg","f,III,acc,sg","f,III,acc,sg","f,III,acc,sg","f,III,acc,sg","f,III,acc,sg","f,III,acc,sg"
"vectis:accsg","m,III,acc,sg","n,III,acc,sg","f,III,acc,sg","f,III,acc,sg","f,III,acc,sg","f,III,acc,sg","f,III,acc,sg","f,III,acc,sg","f,III,acc,sg","f,III,acc,sg","f,III,acc,sg","f,III,acc,sg","f,III,acc,sg","f,III,acc,sg","f,III,acc,sg","f,III,acc,sg"
"vectis:nompl","m,III,nom,pl","f,III,acc,pl","f,III,nom,pl","f,III,acc,pl","f,III,acc,pl","f,III,acc,pl","f,III,acc,pl","f,III,acc,pl","f,III,acc,pl","f,III,acc,pl","f,III,acc,pl","f,III,acc,pl","f,III,acc,pl","f,III,acc,pl","f,III,acc,pl","f,III,acc,pl"
"vectis:genpl","m,III,gen,pl","n,III,gen,pl","f,III,nom,pl","f,II,acc,sg","f,III,acc,sg","f,III,acc,sg","f,III,acc,sg","f,III,acc,sg","f,III,acc,sg","f,III,acc,sg","f,III,acc,sg","f,III,acc,sg","f,III,acc,sg","f,III,acc,sg","f,III,acc,sg","f,III,acc,sg"
"vectis:accpl","m,III,acc,pl","f,III,acc,pl","f,III,nom,pl","f,III,acc,pl","f,III,acc,pl","f,III,acc,pl","f,III,acc,pl","f,III,acc,pl","f,III,acc,pl","f,III,acc,pl","f,III,acc,pl","f,III,acc,pl","f,III,acc,pl","f,III,acc,pl","f,III,acc,pl","f,III,acc,pl"
"velum:nomsg","n,II,nom,sg","n,II,acc,sg","n,II,acc,sg","n,II,acc,sg","n,II,acc,sg","n,II,acc,sg","n,II,acc,sg","n,II,acc,sg","n,II,acc,sg","n,II,acc,sg","n,II,acc,sg","n,II,acc,sg","n,II,acc,sg","n,II,acc,sg","n,II,acc,sg","n,II,acc,sg"
"velum:gensg","n,II,gen,sg","n,II,nom,pl","n,II,acc,pl","n,II,acc,pl","n,II,acc,pl","n,II,acc,pl","n,II,acc,pl","n,II,acc,pl","n,II,acc,pl","n,II,acc,pl","n,II,acc,pl","n,II,acc,pl","n,II,acc,pl","n,II,acc,pl","n,II,acc,pl","n,II,acc,pl"
"velum:accsg","n,II,acc,sg","n,II,acc,sg","n,II,acc,sg","n,II,acc,sg","n,II,acc,sg","n,II,acc,sg","n,II,acc,sg","n,II,acc,sg","n,II,acc,sg","n,II,acc,sg","n,II,acc,sg","n,II,acc,sg","n,II,acc,sg","n,II,acc,sg","n,II,acc,sg","n,II,acc,sg"
"velum:nompl","n,II,nom,pl","n,II,nom,pl","n,II,nom,pl","f,I,acc,pl","f,I,acc,pl","f,I,acc,pl","f,I,acc,pl","f,I,acc,pl","f,I,acc,pl","f,I,acc,sg","f,I,acc,pl","f,I,acc,pl","f,I,acc,pl","f,I,acc,pl","f,I,acc,pl","f,I,acc,pl"
"velum:genpl","n,II,gen,pl","n,II,acc,pl","n,II,acc,pl","n,II,acc,pl","n,II,acc,pl","n,II,acc,pl","n,II,acc,pl","n,II,acc,pl","n,II,acc,pl","n,II,acc,sg","n,II,acc,pl","n,II,acc,pl","n,II,acc,pl","n,II,acc,pl","n,II,acc,pl","n,II,acc,pl"
"velum:accpl","n,II,acc,pl","n,II,nom,pl","n,II,nom,pl","f,I,acc,pl","f,I,acc,pl","f,I,acc,pl","f,I,acc,pl","f,I,acc,pl","f,I,acc,pl","f,I,acc,sg","f,I,acc,pl","f,I,acc,pl","f,I,acc,pl","f,I,acc,pl","f,I,acc,pl","f,I,acc,pl"
"vena:nomsg","f,I,nom,sg","n,II,nom,pl","n,II,nom,pl","f,I,acc,pl","f,I,acc,pl","f,I,acc,pl","f,I,acc,pl","f,I,acc,pl","f,I,acc,pl","f,I,acc,pl","f,I,acc,pl","f,I,acc,pl","f,I,acc,pl","f,I,acc,pl","f,I,acc,pl","f,I,acc,pl"
"vena:gensg","f,I,gen,sg","f,I,nom,pl","f,I,acc,pl","f,I,acc,pl","f,I,acc,pl","f,I,acc,pl","f,I,acc,pl","f,I,acc,pl","f,I,acc,pl","f,I,acc,pl","f,I,acc,pl","f,I,acc,pl","f,I,acc,pl","f,I,acc,pl","f,I,acc,pl","f,I,acc,pl"
"vena:accsg","f,I,acc,sg","f,I,acc,sg","f,I,acc,sg","f,I,acc,sg","f,I,acc,sg","f,I,acc,sg","f,I,acc,sg","f,I,acc,sg","f,I,acc,sg","f,I,acc,sg","f,I,acc,sg","f,I,acc,sg","f,I,acc,sg","f,I,acc,sg","f,I,acc,sg","f,I,acc,sg"
"vena:nompl","f,I,nom,pl","f,I,nom,pl","f,I,acc,pl","f,I,acc,pl","f,I,acc,pl","f,I,acc,pl","f,I,acc,pl","f,I,acc,pl","f,I,acc,pl","f,I,acc,pl","f,I,acc,pl","f,I,acc,pl","f,I,acc,pl","f,I,acc,pl","f,I,acc,pl","f,I,acc,pl"
"vena:genpl","f,I,gen,pl","f,III,gen,pl","f,I,acc,pl","f,I,acc,pl","f,I,acc,pl","f,I,acc,pl","f,I,acc,pl","f,I,acc,pl","f,I,acc,pl","f,I,acc,pl","f,I,acc,pl","f,I,acc,pl","f,I,acc,pl","f,I,acc,pl","f,I,acc,pl","f,I,acc,pl"
"vena:accpl","f,I,acc,pl","f,I,acc,pl","f,I,acc,pl","f,I,acc,pl","f,I,acc,pl","f,I,acc,pl","f,I,acc,pl","f,I,acc,pl","f,I,acc,pl","f,I,acc,pl","f,I,acc,pl","f,I,acc,pl","f,I,acc,pl","f,I,acc,pl","f,I,acc,pl","f,I,acc,pl"
"venenum:nomsg","n,II,nom,sg","n,II,acc,sg","n,II,acc,sg","n,II,acc,sg","n,II,acc,sg","n,II,acc,sg","n,II,acc,sg","n,II,acc,sg","n,II,acc,sg","n,II,acc,sg","n,II,acc,sg","n,II,acc,sg","n,II,acc,sg","n,II,acc,sg","n,II,acc,sg","n,II,acc,sg"
"venenum:gensg","n,II,gen,sg","n,II,nom,sg","n,II,acc,pl","n,II,acc,pl","n,II,acc,pl","n,II,acc,pl","n,II,acc,pl","n,II,acc,pl","n,II,acc,pl","n,II,acc,pl","n,II,acc,pl","f,II,acc,pl","n,II,acc,pl","n,II,acc,pl","n,II,acc,pl","n,II,acc,pl"
"venenum:accsg","n,II,acc,sg","n,II,acc,sg","n,II,acc,sg","n,II,acc,sg","n,II,acc,sg","n,II,acc,sg","n,II,acc,sg","n,II,acc,sg","n,II,acc,sg","n,II,acc,sg","n,II,acc,sg","n,II,acc,sg","n,II,acc,sg","n,II,acc,sg","n,II,acc,sg","n,II,acc,sg"
"venenum:nompl","n,II,nom,pl","n,II,nom,pl","f,I,acc,sg","f,I,acc,sg","f,I,acc,sg","f,I,acc,pl","f,I,acc,pl","f,I,acc,pl","f,I,acc,pl","f,I,acc,pl","f,I,acc,sg","f,I,acc,pl","f,I,acc,pl","f,I,acc,pl","f,I,acc,pl","f,I,acc,pl"
"venenum:genpl","n,II,gen,pl","n,II,acc,pl","n,II,acc,pl","f,II,acc,pl","n,II,acc,pl","n,II,acc,pl","n,II,acc,pl","n,II,acc,pl","n,II,acc,sg","n,II,acc,pl","n,II,acc,pl","n,II,acc,pl","n,II,acc,pl","n,II,acc,pl","n,II,acc,pl","n,II,acc,pl"
"venenum:accpl","n,II,acc,pl","n,II,nom,pl","f,I,acc,sg","f,I,acc,sg","f,I,acc,sg","f,I,acc,pl","f,I,acc,pl","f,I,acc,pl","f,I,acc,pl","f,I,acc,pl","f,I,acc,sg","f,I,acc,pl","f,I,acc,pl","f,I,acc,pl","f,I,acc,pl","f,I,acc,pl"
"venter:nomsg","m,III,nom,sg","f,III,acc,sg","f,III,acc,sg","f,III,acc,sg","f,III,acc,sg","f,III,acc,sg","f,III,acc,sg","f,III,acc,sg","f,III,acc,sg","f,III,acc,sg","f,III,acc,sg","f,III,acc,sg","f,III,acc,sg","f,III,acc,sg","f,III,acc,sg","f,III,acc,sg"
"venter:gensg","m,III,gen,sg","f,III,acc,sg","m,III,acc,sg","f,III,acc,sg","f,III,acc,sg","f,III,acc,sg","f,III,acc,sg","f,III,acc,sg","f,III,acc,sg","f,III,acc,sg","f,III,acc,sg","f,III,acc,sg","f,III,acc,sg","f,III,acc,sg","f,III,acc,sg","f,III,acc,sg"
"venter:accsg","m,III,acc,sg","n,III,acc,sg","m,III,acc,sg","f,III,acc,sg","f,III,acc,sg","f,III,acc,sg","f,III,acc,sg","f,III,acc,sg","f,III,acc,sg","f,III,acc,sg","f,III,acc,sg","f,III,acc,sg","f,III,acc,sg","f,III,acc,sg","f,III,acc,sg","f,III,acc,sg"
"venter:nompl","m,III,nom,pl","n,III,acc,pl","f,III,acc,sg","f,III,acc,sg","f,III,acc,pl","f,III,acc,pl","f,III,acc,pl","f,III,acc,pl","f,III,acc,sg","f,III,acc,sg","f,III,acc,sg","f,III,acc,sg","f,III,acc,sg","f,III,acc,sg","f,III,acc,sg","f,III,acc,sg"
"venter:genpl","m,III,gen,pl","f,III,acc,sg","f,III,acc,sg","f,III,acc,sg","f,III,acc,sg","f,III,acc,sg","f,III,acc,pl","f,III,acc,sg","f,III,acc,sg","f,III,acc,sg","f,III,acc,sg","f,III,acc,sg","f,III,acc,sg","f,III,acc,sg","f,III,acc,sg","f,III,acc,sg"
"venter:accpl","m,III,acc,pl","n,III,acc,pl","f,III,acc,sg","f,III,acc,sg","f,III,acc,pl","f,III,acc,pl","f,III,acc,pl","f,III,acc,pl","f,III,acc,sg","f,III,acc,sg","f,III,acc,sg","f,III,acc,sg","f,III,acc,sg","f,III,acc,sg","f,III,acc,sg","f,III,acc,sg"
"ventus:nomsg","m,II,nom,sg","n,II,nom,sg","n,II,nom,sg","n,II,nom,sg","n,II,nom,sg","n,II,acc,sg","n,II,acc,sg","n,II,acc,sg","n,II,acc,sg","n,II,acc,sg","n,II,acc,sg","n,II,acc,sg","n,II,acc,sg","n,II,acc,sg","n,II,acc,sg","n,II,acc,sg"
"ventus:gensg","m,II,gen,sg","n,II,gen,sg","n,II,acc,pl","n,II,acc,pl","n,II,acc,pl","n,II,acc,pl","n,II,acc,pl","n,II,acc,pl","n,II,acc,pl","n,II,acc,pl","n,II,acc,pl","n,II,acc,pl","n,II,acc,pl","n,II,acc,pl","n,II,acc,pl","n,II,acc,pl"
"ventus:accsg","m,II,acc,sg","n,II,acc,sg","n,II,acc,sg","n,II,acc,sg","n,II,acc,sg","n,II,acc,sg","n,II,acc,sg","n,II,acc,sg","n,II,acc,sg","n,II,acc,sg","n,II,acc,sg","n,II,acc,sg","n,II,acc,sg","n,II,acc,sg","n,II,acc,sg","n,II,acc,sg"
"ventus:nompl","m,II,nom,pl","n,II,gen,sg","n,II,acc,pl","n,II,acc,pl","n,II,acc,pl","n,II,acc,pl","n,II,acc,pl","n,II,acc,pl","n,II,acc,pl","n,II,acc,pl","n,II,acc,pl","n,II,acc,pl","n,II,acc,pl","n,II,acc,pl","n,II,acc,pl","n,II,acc,pl"
"ventus:genpl","m,II,gen,pl","n,II,gen,pl","n,II,acc,pl","f,II,acc,pl","f,II,acc,pl","n,II,acc,pl","n,II,acc,pl","n,II,acc,pl","n,II,acc,pl","n,II,acc,pl","n,II,acc,pl","n,II,acc,pl","n,II,acc,pl","n,II,acc,pl","n,II,acc,pl","n,II,acc,pl"
"ventus:accpl","m,II,acc,pl","m,II,acc,pl","m,III,acc,pl","f,III,acc,pl","n,II,acc,pl","f,III,acc,pl","f,III,acc,pl","n,II,acc,pl","n,II,acc,pl","n,II,acc,pl","n,II,acc,pl","n,II,acc,pl","n,II,acc,pl","n,II,acc,pl","n,II,acc,pl","n,II,acc,pl"
"verbum:nomsg","n,II,nom,sg","n,II,acc,sg","n,II,acc,sg","n,II,acc,sg","n,II,acc,sg","n,II,acc,sg","n,II,acc,sg","n,II,acc,sg","n,II,acc,sg","n,II,acc,sg","n,II,acc,sg","n,II,acc,sg","n,II,acc,sg","n,II,acc,sg","n,II,acc,sg","n,II,acc,sg"
"verbum:gensg","n,II,gen,sg","n,II,acc,sg","n,II,acc,pl","n,II,acc,pl","n,II,acc,pl","n,II,acc,pl","n,II,acc,pl","n,II,acc,pl","n,II,acc,pl","n,II,acc,pl","n,II,acc,pl","n,II,acc,pl","n,II,acc,pl","n,II,acc,pl","n,II,acc,pl","n,II,acc,pl"
"verbum:accsg","n,II,acc,sg","n,II,acc,sg","n,II,acc,sg","n,II,acc,sg","n,II,acc,sg","n,II,acc,sg","n,II,acc,sg","n,II,acc,sg","n,II,acc,sg","n,II,acc,sg","n,II,acc,sg","n,II,acc,sg","n,II,acc,sg","n,II,acc,sg","n,II,acc,sg","n,II,acc,sg"
"verbum:nompl","n,II,nom,pl","f,II,nom,pl","f,II,nom,pl","f,I,acc,pl","f,I,acc,pl","f,I,acc,pl","f,I,acc,pl","f,I,acc,pl","f,I,acc,pl","f,I,acc,pl","f,I,acc,pl","f,I,acc,pl","f,I,acc,pl","f,I,acc,pl","f,I,acc,pl","f,I,acc,pl"
"verbum:genpl","n,II,gen,pl","n,II,gen,pl","n,II,acc,pl","n,II,acc,pl","f,II,acc,pl","f,III,acc,pl","n,II,acc,pl","n,II,acc,pl","n,II,acc,pl","n,II,acc,pl","n,II,acc,pl","n,II,acc,pl","n,II,acc,pl","n,II,acc,pl","n,II,acc,pl","n,II,acc,pl"
"verbum:accpl","n,II,acc,pl","f,II,nom,pl","f,II,nom,pl","f,I,acc,pl","f,I,acc,pl","f,I,acc,pl","f,I,acc,pl","f,I,acc,pl","f,I,acc,pl","f,I,acc,pl","f,I,acc,pl","f,I,acc,pl","f,I,acc,pl","f,I,acc,pl","f,I,acc,pl","f,I,acc,pl"
"vermis:nomsg","m,III,nom,sg","f,III,nom,sg","f,III,nom,sg","f,III,acc,sg","f,III,acc,sg","f,III,acc,sg","f,III,acc,sg","f,III,acc,sg","f,III,acc,sg","f,III,acc,sg","f,III,acc,sg","f,III,acc,sg","f,III,acc,sg","f,III,acc,sg","f,III,acc,sg","f,III,acc,sg"
"vermis:gensg","m,III,gen,sg","f,III,nom,sg","f,III,nom,sg","f,III,acc,sg","f,III,acc,sg","f,III,acc,sg","f,III,acc,sg","f,III,acc,sg","f,III,acc,sg","f,III,acc,sg","f,III,acc,sg","f,III,acc,sg","f,III,acc,sg","f,III,acc,sg","f,III,acc,sg","f,III,acc,sg"
"vermis:accsg","m,III,acc,sg","f,III,acc,sg","f,III,acc,sg","f,III,acc,sg","f,III,acc,sg","f,III,acc,sg","f,III,acc,sg","f,III,acc,sg","f,III,acc,sg","f,III,acc,sg","f,III,acc,sg","f,III,acc,sg","f,III,acc,sg","f,III,acc,sg","f,III,acc,sg","f,III,acc,sg"
"vermis:nompl","m,III,nom,pl","f,III,acc,pl","f,III,acc,pl","f,III,acc,pl","f,III,acc,pl","f,III,acc,pl","f,III,acc,pl","f,III,acc,pl","f,III,acc,pl","f,III,acc,pl","f,III,acc,pl","f,III,acc,pl","f,III,acc,pl","f,III,acc,pl","f,III,acc,pl","f,III,acc,pl"
"vermis:genpl","m,III,gen,pl","f,III,gen,pl","f,III,acc,pl","n,III,acc,pl","f,III,acc,sg","f,III,acc,sg","f,III,acc,sg","f,III,acc,sg","f,III,acc,sg","f,III,acc,sg","f,III,acc,sg","f,III,acc,sg","f,III,acc,sg","f,III,acc,sg","f,III,acc,sg","f,III,acc,sg"
"vermis:accpl","m,III,acc,pl","f,III,acc,pl","f,III,acc,pl","f,III,acc,pl","f,III,acc,pl","f,III,acc,pl","f,III,acc,pl","f,III,acc,pl","f,III,acc,pl","f,III,acc,pl","f,III,acc,pl","f,III,acc,pl","f,III,acc,pl","f,III,acc,pl","f,III,acc,pl","f,III,acc,pl"
"versus:nomsg","m,IV,nom,sg","m,IV,nom,sg","m,IV,nom,sg","n,II,nom,sg","n,II,acc,sg","n,II,acc,sg","n,II,acc,sg","n,II,acc,sg","n,II,acc,sg","n,II,acc,sg","n,II,acc,sg","n,II,acc,sg","n,II,acc,sg","n,II,acc,sg","n,II,acc,sg","n,II,acc,sg"
"versus:gensg","m,IV,gen,sg","m,IV,acc,pl","m,IV,acc,pl","f,II,nom,pl","n,II,acc,pl","n,II,acc,pl","n,II,acc,pl","n,II,acc,pl","n,II,acc,pl","n,II,acc,pl","n,II,acc,pl","n,II,acc,pl","n,II,acc,pl","n,II,acc,pl","n,II,acc,pl","n,II,acc,pl"
"versus:accsg","m,IV,acc,sg","m,IV,acc,sg","m,IV,acc,sg","n,II,acc,sg","n,II,acc,sg","n,II,acc,sg","n,II,acc,sg","n,II,acc,sg","n,II,acc,sg","n,II,acc,sg","n,II,acc,sg","n,II,acc,sg","n,II,acc,sg","n,II,acc,sg","n,II,acc,sg","n,II,acc,sg"
"versus:nompl","m,IV,nom,pl","m,IV,acc,pl","m,IV,acc,pl","f,II,nom,pl","n,II,acc,pl","n,II,acc,pl","n,II,acc,pl","n,II,acc,pl","n,II,acc,pl","n,II,acc,pl","n,II,acc,pl","n,II,acc,pl","n,II,acc,pl","n,II,acc,pl","n,II,acc,pl","n,II,acc,pl"
"versus:genpl","m,IV,gen,pl","m,II,acc,pl","m,II,acc,pl","n,II,acc,sg","n,II,acc,pl","n,II,acc,sg","n,II,acc,pl","n,II,acc,pl","n,II,acc,sg","n,II,acc,sg","n,II,acc,sg","n,II,acc,sg","n,II,acc,sg","n,II,acc,sg","n,II,acc,sg","n,II,acc,sg"
"versus:accpl","m,IV,acc,pl","m,IV,acc,pl","m,IV,acc,pl","f,II,nom,pl","n,II,acc,pl","n,II,acc,pl","n,II,acc,pl","n,II,acc,pl","n,II,acc,pl","n,II,acc,pl","n,II,acc,pl","n,II,acc,pl","n,II,acc,pl","n,II,acc,pl","n,II,acc,pl","n,II,acc,pl"
"vesper:nomsg","m,II,nom,sg","n,II,nom,sg","n,II,acc,sg","f,II,acc,pl","n,II,acc,sg","f,II,acc,pl","f,II,acc,sg","n,II,acc,sg","n,II,acc,sg","n,II,acc,sg","f,I,acc,sg","n,II,acc,pl","n,II,acc,pl","f,I,acc,pl","n,I,acc,pl","f,III,acc,sg"
"vesper:gensg","m,II,gen,sg","f,II,acc,sg","n,II,acc,pl","n,II,acc,pl","n,II,acc,pl","n,II,acc,pl","n,II,acc,pl","n,II,acc,pl","n,II,acc,pl","n,II,acc,pl","n,II,acc,pl","n,II,acc,pl","f,II,acc,pl","n,II,acc,pl","n,II,acc,pl","n,II,acc,pl"
"vesper:accsg","m,II,acc,sg","n,II,acc,sg","n,II,acc,sg","n,II,acc,sg","n,II,acc,sg","n,II,acc,sg","n,II,acc,sg","n,II,acc,sg","n,II,acc,sg","n,II,acc,sg","n,II,acc,sg","n,II,acc,sg","n,II,acc,sg","n,II,acc,sg","n,II,acc,sg","n,II,acc,sg"
"vesper:nompl","m,II,nom,pl","f,II,acc,sg","n,II,acc,pl","n,II,acc,pl","n,II,acc,pl","n,II,acc,pl","n,II,acc,pl","n,II,acc,pl","n,II,acc,pl","n,II,acc,pl","n,II,acc,pl","n,II,acc,pl","f,II,acc,pl","n,II,acc,pl","n,II,acc,pl","n,II,acc,pl"
"vesper:genpl","m,II,gen,pl","n,II,gen,pl","n,II,acc,pl","f,II,acc,pl","n,II,acc,pl","n,II,acc,pl","n,II,acc,pl","n,II,acc,pl","n,II,acc,sg","n,II,acc,pl","n,II,acc,pl","n,II,acc,pl","n,II,acc,pl","n,II,acc,pl","n,II,acc,pl","n,II,acc,pl"
"vesper:accpl","m,II,acc,pl","m,II,acc,pl","n,II,acc,pl","f,II,acc,pl","n,II,acc,pl","n,II,acc,pl","f,III,acc,pl","n,II,acc,pl","n,II,acc,sg","n,II,acc,pl","n,II,acc,pl","n,II,acc,pl","n,II,acc,pl","n,II,acc,pl","n,II,acc,pl","n,II,acc,pl"
"vestimentum:nomsg","n,II,nom,sg","n,II,acc,sg","n,II,acc,sg","n,II,acc,sg","n,II,acc,sg","n,II,acc,sg","n,II,acc,sg","n,II,acc,sg","n,II,acc,sg","n,II,acc,sg","n,II,acc,sg","n,II,acc,sg","n,II,acc,sg","n,II,acc,sg","n,II,acc,sg","n,II,acc,sg"
"vestimentum:gensg","n,II,gen,sg","n,II,acc,pl","n,II,acc,pl","n,II,acc,sg","n,II,acc,pl","n,II,acc,pl","n,II,acc,pl","n,II,acc,pl","n,II,acc,pl","n,II,acc,pl","n,II,acc,pl","n,II,acc,pl","n,II,acc,pl","n,II,acc,pl","n,II,acc,pl","n,II,acc,pl"
"vestimentum:accsg","n,II,acc,sg","n,II,acc,sg","n,II,acc,sg","n,II,acc,sg","n,II,acc,sg","n,II,acc,sg","n,II,acc,sg","n,II,acc,sg","n,II,acc,sg","n,II,acc,sg","n,II,acc,sg","n,II,acc,sg","n,II,acc,sg","n,II,acc,sg","n,II,acc,sg","n,II,acc,sg"
"vestimentum:nompl","n,II,nom,pl","n,II,acc,pl","m,II,nom,sg","f,I,acc,sg","f,I,acc,sg","f,I,acc,sg","f,I,acc,sg","f,I,acc,sg","f,I,acc,pl","f,I,acc,pl","f,I,acc,pl","f,I,acc,pl","f,I,acc,pl","f,I,acc,pl","f,I,acc,pl","f,I,acc,sg"
"vestimentum:genpl","n,II,gen,pl","n,II,gen,pl","m,II,acc,pl","f,II,acc,sg","n,II,acc,pl","f,III,acc,pl","n,II,acc,pl","n,II,acc,pl","n,II,acc,pl","n,II,acc,pl","n,II,acc,pl","n,II,acc,pl","n,II,acc,pl","n,II,acc,pl","n,II,acc,pl","n,II,acc,pl"
"vestimentum:accpl","n,II,acc,pl","n,II,acc,pl","m,II,nom,sg","f,I,acc,sg","f,I,acc,sg","f,I,acc,sg","f,I,acc,sg","f,I,acc,sg","f,I,acc,pl","f,I,acc,pl","f,I,acc,pl","f,I,acc,pl","f,I,acc,pl","f,I,acc,pl","f,I,acc,pl","f,I,acc,sg"
"vestis:nomsg","f,III,nom,sg","n,III,nom,sg","m,III,acc,sg","f,III,acc,sg","f,III,acc,sg","f,III,acc,sg","f,III,acc,sg","f,III,acc,sg","f,III,acc,sg","f,III,acc,sg","f,III,acc,sg","f,III,acc,sg","f,III,acc,sg","f,III,acc,sg","f,III,acc,sg","f,III,acc,sg"
"vestis:gensg","f,III,gen,sg","n,III,nom,sg","m,III,acc,sg","f,III,acc,sg","f,III,acc,sg","f,III,acc,sg","f,III,acc,sg","f,III,acc,sg","f,III,acc,sg","f,III,acc,sg","f,III,acc,sg","f,III,acc,sg","f,III,acc,sg","f,III,acc,sg","f,III,acc,sg","f,III,acc,sg"
"vestis:accsg","f,III,acc,sg","n,III,acc,sg","f,III,acc,sg","f,III,acc,sg","f,III,acc,sg","f,III,acc,sg","f,III,acc,sg","f,III,acc,sg","f,III,acc,sg","f,III,acc,sg","f,III,acc,sg","f,III,acc,sg","f,III,acc,sg","f,III,acc,sg","f,III,acc,sg","f,III,acc,sg"
"vestis:nompl","f,III,nom,pl","n,III,acc,pl","f,III,acc,pl","f,III,acc,pl","f,III,acc,pl","f,III,acc,pl","f,III,acc,pl","f,III,acc,pl","f,III,acc,pl","f,III,acc,sg","f,III,acc,sg","f,III,acc,sg","f,III,acc,sg","f,III,acc,sg","f,III,acc,sg","f,III,acc,sg"
"vestis:genpl","f,III,gen,pl","f,III,acc,pl","f,III,acc,pl","f,III,acc,pl","f,III,acc,sg","f,III,acc,sg","f,III,acc,sg","f,III,acc,sg","f,III,acc,sg","f,III,acc,sg","f,III,acc,sg","f,III,acc,sg","f,III,acc,sg","f,III,acc,sg","f,III,acc,sg","f,III,acc,sg"
"vestis:accpl","f,III,acc,pl","n,III,acc,pl","f,III,acc,pl","f,III,acc,pl","f,III,acc,pl","f,III,acc,pl","f,III,acc,pl","f,III,acc,pl","f,III,acc,pl","f,III,acc,sg","f,III,acc,sg","f,III,acc,sg","f,III,acc,sg","f,III,acc,sg","f,III,acc,sg","f,III,acc,sg"
"vexillum:nomsg","n,II,nom,sg","m,II,acc,sg","n,II,acc,sg","n,II,acc,sg","n,II,acc,sg","n,II,acc,sg","n,II,acc,sg","n,II,acc,sg","n,II,acc,sg","n,II,acc,sg","n,II,acc,sg","n,II,acc,sg","n,II,acc,sg","n,II,acc,sg","n,II,acc,sg","n,II,acc,sg"
"vexillum:gensg","n,II,gen,sg","m,II,acc,sg","n,II,acc,sg","n,II,acc,pl","n,II,acc,pl","n,II,acc,pl","f,III,acc,pl","n,II,acc,pl","n,II,acc,pl","n,II,acc,pl","n,II,acc,pl","n,II,acc,pl","n,II,acc,pl","n,II,acc,pl","f,III,acc,pl","n,II,acc,pl"
"vexillum:accsg","n,II,acc,sg","m,II,acc,sg","n,II,acc,sg","n,II,acc,sg","n,II,acc,sg","n,II,acc,sg","n,II,acc,sg","n,II,acc,sg","n,II,acc,sg","n,II,acc,sg","n,II,acc,sg","n,II,acc,sg","n,II,acc,sg","n,II,acc,sg","n,II,acc,sg","n,II,acc,sg"
"vexillum:nompl","n,II,nom,pl","f,II,nom,sg","f,I,acc,sg","f,I,acc,sg","f,I,acc,sg","f,I,acc,pl","f,I,acc,pl","f,I,acc,pl","f,I,acc,pl","f,I,acc,pl","f,I,acc,sg","f,I,acc,pl","f,I,acc,pl","f,I,acc,pl","f,I,acc,pl","f,I,acc,pl"
"vexillum:genpl","n,II,gen,pl","n,III,gen,pl","n,II,acc,pl","n,II,acc,pl","n,II,acc,pl","n,II,acc,pl","n,II,acc,pl","n,II,acc,pl","n,II,acc,pl","n,II,acc,pl","n,II,acc,pl","n,II,acc,pl","n,II,acc,pl","n,II,acc,pl","n,II,acc,pl","f,III,acc,pl"
"vexillum:accpl","n,II,acc,pl","f,II,nom,sg","f,I,acc,sg","f,I,acc,sg","f,I,acc,sg","f,I,acc,pl","f,I,acc,pl","f,I,acc,pl","f,I,acc,pl","f,I,acc,pl","f,I,acc,sg","f,I,acc,pl","f,I,acc,pl","f,I,acc,pl","f,I,acc,pl","f,I,acc,pl"
"via:nomsg","f,I,nom,sg","f,I,acc,pl","f,II,acc,pl","f,I,acc,pl","f,I,acc,pl","f,I,acc,pl","f,I,acc,pl","f,I,acc,pl","f,I,acc,pl","f,I,acc,pl","f,I,acc,pl","f,I,acc,pl","f,I,acc,pl","f,I,acc,pl","f,I,acc,pl","f,I,acc,pl"
"via:gensg","f,I,gen,sg","f,I,acc,pl","f,I,acc,pl","f,I,acc,pl","f,I,acc,pl","f,I,acc,pl","f,I,acc,pl","f,I,acc,pl","f,I,acc,pl","f,I,acc,pl","f,I,acc,pl","f,I,acc,pl","f,I,acc,pl","f,I,acc,pl","f,I,acc,pl","f,I,acc,pl"
"via:accsg","f,I,acc,sg","f,I,acc,sg","f,I,acc,sg","f,I,acc,sg","f,I,acc,sg","f,I,acc,sg","f,I,acc,sg","f,I,acc,sg","f,I,acc,sg","f,I,acc,sg","f,I,acc,sg","f,I,acc,sg","f,I,acc,sg","f,I,acc,sg","f,I,acc,sg","f,I,acc,sg"
"via:nompl","f,I,nom,pl","f,I,acc,pl","f,I,acc,pl","f,I,acc,pl","f,I,acc,pl","f,I,acc,pl","f,I,acc,pl","f,I,acc,pl","f,I,acc,pl","f,I,acc,pl","f,I,acc,pl","f,I,acc,pl","f,I,acc,pl","f,I,acc,pl","f,I,acc,pl","f,I,acc,pl"
"via:genpl","f,I,gen,pl","f,I,gen,pl","f,I,acc,pl","f,I,acc,pl","f,I,acc,pl","f,I,acc,pl","f,I,acc,pl","f,I,acc,pl","f,I,acc,pl","f,I,acc,pl","f,I,acc,pl","f,I,acc,pl","f,I,acc,pl","f,I,acc,pl","f,I,acc,pl","f,I,acc,pl"
"via:accpl","f,I,acc,pl","f,I,acc,pl","f,I,acc,pl","f,I,acc,pl","f,I,acc,pl","f,I,acc,pl","f,I,acc,pl","f,I,acc,pl","f,I,acc,pl","f,I,acc,pl","f,I,acc,pl","f,I,acc,pl","f,I,acc,pl","f,I,acc,pl","f,I,acc,pl","f,I,acc,pl"
"vicinus:nomsg","m,II,nom,sg","n,II,nom,sg","m,II,acc,sg","n,II,acc,sg","n,II,acc,sg","n,II,acc,sg","n,II,acc,sg","n,II,acc,sg","n,II,acc,sg","n,II,acc,sg","n,II,acc,sg","n,II,acc,sg","n,II,acc,sg","n,II,acc,sg","n,II,acc,sg","n,II,acc,sg"
"vicinus:gensg","m,II,gen,sg","n,II,nom,pl","n,II,acc,pl","n,II,acc,pl","n,II,acc,pl","n,II,acc,pl","n,II,acc,pl","n,II,acc,pl","n,II,acc,pl","n,II,acc,pl","n,II,acc,pl","n,II,acc,pl","n,II,acc,pl","n,II,acc,pl","n,II,acc,pl","n,II,acc,pl"
"vicinus:accsg","m,II,acc,sg","n,II,acc,sg","n,II,acc,sg","n,II,acc,sg","n,II,acc,sg","n,II,acc,sg","n,II,acc,sg","n,II,acc,sg","n,II,acc,sg","n,II,acc,sg","n,II,acc,sg","n,II,acc,sg","n,II,acc,sg","n,II,acc,sg","n,II,acc,sg","n,II,acc,sg"
"vicinus:nompl","m,II,nom,pl","n,II,nom,pl","n,II,acc,pl","n,II,acc,pl","n,II,acc,pl","n,II,acc,pl","n,II,acc,pl","n,II,acc,pl","n,II,acc,pl","n,II,acc,pl","n,II,acc,pl","n,II,acc,pl","n,II,acc,pl","n,II,acc,pl","n,II,acc,pl","n,II,acc,pl"
"vicinus:genpl","m,II,gen,pl","n,II,acc,pl","n,II,acc,pl","n,II,acc,pl","n,II,acc,sg","n,II,acc,pl","n,II,acc,pl","n,II,acc,pl","n,II,acc,pl","n,II,acc,pl","n,II,acc,pl","n,II,acc,pl","n,II,acc,pl","n,II,acc,pl","n,II,acc,pl","n,II,acc,pl"
"vicinus:accpl","m,II,acc,pl","m,II,acc,pl","n,II,acc,pl","n,II,acc,sg","n,II,acc,pl","n,II,acc,pl","n,II,acc,pl","n,II,acc,pl","n,II,acc,pl","n,II,acc,pl","n,II,acc,pl","n,II,acc,pl","n,II,acc,pl","n,II,acc,pl","n,II,acc,pl","n,II,acc,pl"
"victor:nomsg","m,III,nom,sg","n,II,nom,sg","n,III,nom,sg","n,II,nom,sg","n,II,acc,sg","n,II,acc,sg","f,III,acc,sg","f,III,acc,sg","f,III,acc,sg","f,III,acc,sg","f,III,acc,sg","f,III,acc,sg","f,III,acc,sg","f,III,acc,sg","f,III,acc,sg","f,III,acc,sg"
"victor:gensg","m,III,gen,sg","m,III,acc,sg","m,III,acc,pl","f,III,acc,pl","f,III,acc,sg","f,III,acc,sg","f,III,acc,sg","f,III,acc,pl","f,III,acc,pl","f,III,acc,pl","f,III,acc,pl","f,III,acc,pl","f,III,acc,pl","f,III,acc,pl","f,III,acc,pl","f,III,acc,pl"
"victor:accsg","m,III,acc,sg","m,III,acc,sg","m,III,acc,sg","f,III,acc,sg","f,III,acc,sg","f,III,acc,sg","f,III,acc,sg","f,III,acc,sg","f,III,acc,sg","f,III,acc,sg","f,III,acc,sg","f,III,acc,sg","f,III,acc,sg","f,III,acc,sg","f,III,acc,pl","f,III,acc,sg"
"victor:nompl","m,III,nom,pl","n,III,acc,pl","m,III,acc,pl","f,III,acc,pl","f,III,acc,pl","f,III,acc,pl","f,III,acc,pl","f,III,acc,pl","f,III,acc,pl","f,III,acc,pl","f,III,acc,pl","f,III,acc,pl","f,III,acc,pl","f,III,acc,pl","f,III,acc,pl","f,III,acc,sg"
"victor:genpl","m,III,gen,pl","n,II,gen,pl","n,II,acc,pl","n,II,acc,pl","n,II,acc,pl","n,II,acc,pl","n,II,acc,pl","n,II,acc,pl","n,II,acc,pl","n,II,acc,pl","n,II,acc,pl","n,II,acc,pl","n,II,acc,pl","n,II,acc,pl","n,II,acc,pl","n,II,acc,pl"
"victor:accpl","m,III,acc,pl","n,III,acc,pl","m,III,acc,pl","f,III,acc,pl","f,III,acc,pl","f,III,acc,pl","f,III,acc,pl","f,III,acc,pl","f,III,acc,pl","f,III,acc,pl","f,III,acc,pl","f,III,acc,pl","f,III,acc,pl","f,III,acc,pl","f,III,acc,pl","f,III,acc,sg"
"villa:nomsg","f,I,nom,sg","f,II,nom,pl","f,I,acc,pl","f,I,acc,pl","f,I,acc,pl","f,I,acc,pl","f,I,acc,pl","f,I,acc,sg","f,I,acc,pl","f,I,acc,pl","f,I,acc,pl","f,I,acc,pl","f,I,acc,pl","f,I,acc,pl","f,I,acc,pl","f,I,acc,pl"
"villa:gensg","f,I,gen,sg","f,I,nom,pl","f,I,acc,pl","f,I,acc,pl","f,I,acc,pl","f,I,acc,pl","f,I,acc,pl","f,I,acc,pl","f,I,acc,pl","f,I,acc,pl","f,I,acc,pl","f,I,acc,pl","f,I,acc,pl","f,I,acc,pl","f,I,acc,pl","f,I,acc,pl"
"villa:accsg","f,I,acc,sg","f,I,acc,sg","f,I,acc,sg","f,I,acc,sg","f,I,acc,sg","f,I,acc,sg","f,I,acc,sg","f,I,acc,sg","f,I,acc,sg","f,I,acc,sg","f,I,acc,sg","f,I,acc,sg","f,I,acc,sg","f,I,acc,sg","f,I,acc,sg","f,I,acc,sg"
"villa:nompl","f,I,nom,pl","f,I,nom,pl","f,I,acc,pl","f,I,acc,pl","f,I,acc,pl","f,I,acc,pl","f,I,acc,pl","f,I,acc,pl","f,I,acc,pl","f,I,acc,pl","f,I,acc,pl","f,I,acc,pl","f,I,acc,pl","f,I,acc,pl","f,I,acc,pl","f,I,acc,pl"
"villa:genpl","f,I,gen,pl","f,I,gen,pl","f,I,acc,pl","f,I,acc,pl","f,I,acc,pl","f,I,acc,pl","f,I,acc,pl","f,I,acc,pl","f,I,acc,pl","f,I,acc,pl","f,I,acc,pl","f,I,acc,pl","f,I,acc,pl","f,I,acc,pl","f,I,acc,pl","f,I,acc,pl"
"villa:accpl","f,I,acc,pl","f,I,acc,pl","f,I,acc,pl","f,I,acc,pl","f,I,acc,pl","f,I,acc,pl","f,I,acc,pl","f,I,acc,pl","f,I,acc,pl","f,I,acc,pl","f,I,acc,pl","f,I,acc,pl","f,I,acc,pl","f,I,acc,pl","f,I,acc,pl","f,I,acc,pl"
"vinea:nomsg","f,I,nom,sg","f,I,acc,sg","f,I,acc,sg","f,I,acc,sg","f,I,acc,sg","f,I,acc,sg","f,I,acc,sg","f,I,acc,pl","f,I,acc,pl","f,I,acc,pl","f,I,acc,pl","f,I,acc,pl","f,I,acc,pl","f,I,acc,pl","f,I,acc,pl","f,I,acc,pl"
"vinea:gensg","f,I,gen,sg","f,I,acc,sg","f,I,acc,pl","f,I,acc,pl","f,I,acc,pl","f,I,acc,pl","f,I,acc,pl","f,I,acc,pl","f,I,acc,pl","f,I,acc,pl","f,I,acc,pl","f,I,acc,pl","f,I,acc,pl","f,I,acc,pl","f,I,acc,pl","f,I,acc,pl"
"vinea:accsg","f,I,acc,sg","f,I,acc,sg","f,I,acc,sg","f,I,acc,sg","f,I,acc,sg","f,I,acc,sg","f,I,acc,sg","f,I,acc,sg","f,I,acc,sg","f,I,acc,sg","f,I,acc,sg","f,I,acc,sg","f,I,acc,sg","f,I,acc,sg","f,I,acc,sg","f,I,acc,sg"
"vinea:nompl","f,I,nom,pl","f,I,acc,sg","f,I,acc,pl","f,I,acc,pl","f,I,acc,pl","f,I,acc,pl","f,I,acc,pl","f,I,acc,pl","f,I,acc,pl","f,I,acc,pl","f,I,acc,pl","f,I,acc,pl","f,I,acc,pl","f,I,acc,pl","f,I,acc,pl","f,I,acc,pl"
"vinea:genpl","f,I,gen,pl","f,I,gen,pl","f,I,acc,pl","f,I,acc,pl","f,I,acc,pl","f,I,acc,pl","f,I,acc,pl","f,I,acc,pl","f,I,acc,pl","f,I,acc,pl","f,I,acc,pl","f,I,acc,pl","f,I,acc,pl","f,I,acc,pl","f,I,acc,pl","f,I,acc,pl"
"vinea:accpl","f,I,acc,pl","f,I,acc,pl","f,I,acc,pl","f,I,acc,pl","f,I,acc,pl","f,I,acc,pl","f,I,acc,pl","f,I,acc,sg","f,I,acc,pl","f,I,acc,pl","f,I,acc,pl","f,I,acc,pl","f,I,acc,pl","f,I,acc,pl","f,I,acc,pl","f,I,acc,pl"
"vinum:nomsg","n,II,nom,sg","n,II,acc,sg","n,II,acc,sg","n,II,acc,sg","n,II,acc,sg","n,II,acc,sg","n,II,acc,sg","n,II,acc,sg","n,II,acc,sg","n,II,acc,sg","n,II,acc,sg","n,II,acc,sg","n,II,acc,sg","n,II,acc,sg","n,II,acc,sg","n,II,acc,sg"
"vinum:gensg","n,II,gen,sg","n,II,gen,pl","n,II,acc,pl","n,II,acc,pl","n,II,acc,pl","n,II,acc,pl","n,II,acc,pl","n,II,acc,pl","n,II,acc,pl","n,II,acc,pl","n,II,acc,pl","n,II,acc,pl","n,II,acc,pl","n,II,acc,pl","n,II,acc,pl","n,II,acc,pl"
"vinum:accsg","n,II,acc,sg","n,II,acc,sg","n,II,acc,sg","n,II,acc,sg","n,II,acc,sg","n,II,acc,sg","n,II,acc,sg","n,II,acc,sg","n,II,acc,sg","n,II,acc,sg","n,II,acc,sg","n,II,acc,sg","n,II,acc,sg","n,II,acc,sg","n,II,acc,sg","n,II,acc,sg"
"vinum:nompl","n,II,nom,pl","n,II,nom,pl","f,II,nom,pl","f,I,acc,pl","f,I,acc,pl","f,I,acc,pl","f,I,acc,pl","f,I,acc,pl","f,I,acc,pl","f,I,acc,pl","f,I,acc,pl","f,I,acc,pl","f,I,acc,pl","f,I,acc,pl","f,I,acc,pl","f,I,acc,pl"
"vinum:genpl","n,II,gen,pl","n,II,gen,pl","n,II,acc,pl","n,II,acc,pl","n,II,acc,pl","n,II,acc,pl","n,II,acc,pl","n,II,acc,pl","n,II,acc,pl","n,II,acc,pl","n,II,acc,pl","n,II,acc,pl","n,II,acc,pl","n,II,acc,pl","n,II,acc,pl","n,II,acc,pl"
"vinum:accpl","n,II,acc,pl","n,II,nom,pl","f,II,nom,pl","f,I,acc,pl","f,I,acc,pl","f,I,acc,pl","f,I,acc,pl","f,I,acc,pl","f,I,acc,pl","f,I,acc,pl","f,I,acc,pl","f,I,acc,pl","f,I,acc,pl","f,I,acc,pl","f,I,acc,pl","f,I,acc,pl"
"vir:nomsg","m,II,nom,sg","n,II,nom,pl","n,III,nom,pl","n,II,acc,pl","n,II,acc,pl","n,II,nom,pl","n,II,acc,sg","n,II,acc,sg","n,II,acc,sg","n,II,acc,sg","n,II,acc,sg","n,II,acc,sg","n,II,acc,sg","f,I,acc,pl","n,II,acc,pl","n,II,acc,sg"
"vir:gensg","m,II,gen,sg","m,II,gen,pl","n,II,acc,pl","n,II,acc,pl","n,II,acc,pl","n,II,acc,pl","n,II,acc,pl","n,II,acc,pl","n,II,acc,pl","n,II,acc,pl","n,II,acc,pl","n,II,acc,pl","n,II,acc,pl","n,II,acc,pl","n,II,acc,pl","n,II,acc,pl"
"vir:accsg","m,II,acc,sg","n,II,acc,sg","n,II,acc,sg","n,II,acc,sg","n,II,acc,sg","n,II,acc,sg","n,II,acc,sg","n,II,acc,sg","n,II,acc,sg","n,II,acc,sg","n,II,acc,sg","n,II,acc,sg","n,II,acc,sg","n,II,acc,sg","n,II,acc,sg","n,II,acc,sg"
"vir:nompl","m,II,nom,pl","m,II,gen,pl","n,II,acc,pl","n,II,acc,pl","n,II,acc,pl","n,II,acc,pl","n,II,acc,pl","n,II,acc,pl","n,II,acc,pl","n,II,acc,pl","n,II,acc,pl","n,II,acc,pl","n,II,acc,pl","n,II,acc,pl","n,II,acc,pl","n,II,acc,pl"
"vir:genpl","m,II,gen,pl","n,II,gen,pl","n,II,acc,pl","f,II,acc,pl","f,II,acc,pl","n,II,acc,pl","n,II,acc,pl","n,II,acc,pl","n,II,acc,pl","n,II,acc,pl","n,II,acc,pl","n,II,acc,pl","n,II,acc,pl","n,II,acc,pl","n,II,acc,pl","n,II,acc,pl"
"vir:accpl","m,II,acc,pl","m,II,acc,pl","m,II,acc,pl","n,II,acc,pl","n,II,acc,pl","n,II,acc,pl","n,II,acc,pl","n,II,acc,pl","n,II,acc,pl","n,II,acc,pl","n,II,acc,pl","n,II,acc,pl","n,II,acc,pl","n,II,acc,pl","n,II,acc,pl","n,II,acc,pl"
"virga:nomsg","f,I,nom,sg","f,II,nom,pl","f,II,nom,pl","f,I,acc,pl","f,I,acc,pl","f,I,acc,pl","f,I,acc,pl","f,I,acc,pl","f,I,acc,pl","f,I,acc,pl","f,I,acc,pl","f,I,acc,pl","f,I,acc,pl","f,I,acc,pl","f,I,acc,pl","f,I,acc,pl"
"virga:gensg","f,I,gen,sg","f,I,acc,pl","f,I,acc,pl","f,I,acc,pl","f,I,acc,pl","f,I,acc,pl","f,I,acc,pl","f,I,acc,pl","f,I,acc,pl","f,I,acc,pl","f,I,acc,pl","f,I,acc,pl","f,I,acc,pl","f,I,acc,pl","f,I,acc,pl","f,I,acc,pl"
"virga:accsg","f,I,acc,sg","f,I,acc,sg","f,I,acc,sg","f,I,acc,sg","f,I,acc,sg","f,I,acc,sg","f,I,acc,sg","f,I,acc,sg","f,I,acc,sg","f,I,acc,sg","f,I,acc,sg","f,I,acc,sg","f,I,acc,sg","f,I,acc,sg","f,I,acc,sg","f,I,acc,sg"
"virga:nompl","f,I,nom,pl","f,I,acc,pl","f,I,acc,pl","f,I,acc,pl","f,I,acc,pl","f,I,acc,pl","f,I,acc,pl","f,I,acc,pl","f,I,acc,pl","f,I,acc,pl","f,I,acc,pl","f,I,acc,pl","f,I,acc,pl","f,I,acc,pl","f,I,acc,pl","f,I,acc,pl"
"virga:genpl","f,I,gen,pl","f,I,gen,pl","f,I,acc,pl","f,I,acc,pl","f,I,acc,pl","f,I,acc,pl","f,I,acc,pl","f,I,acc,pl","f,I,acc,pl","f,I,acc,pl","f,I,acc,pl","f,I,acc,pl","f,I,acc,pl","f,I,acc,pl","f,I,acc,pl","f,I,acc,pl"
"virga:accpl","f,I,acc,pl","f,I,acc,pl","f,I,acc,pl","f,I,acc,pl","f,I,acc,pl","f,I,acc,pl","f,I,acc,pl","f,I,acc,pl","f,I,acc,pl","f,I,acc,pl","f,I,acc,pl","f,I,acc,pl","f,I,acc,pl","f,I,acc,pl","f,I,acc,pl","f,I,acc,pl"
"virgo:nomsg","f,III,nom,sg","n,III,acc,sg","n,III,acc,sg","n,II,acc,pl","f,II,acc,pl","n,II,acc,pl","n,II,acc,pl","n,II,acc,pl","n,II,acc,pl","n,II,acc,pl","n,II,acc,pl","n,II,acc,pl","n,II,acc,pl","n,II,acc,pl","n,II,acc,pl","n,II,acc,pl"
"virgo:gensg","f,III,gen,sg","f,III,acc,sg","f,III,acc,sg","f,III,acc,sg","f,III,acc,sg","f,III,acc,sg","f,III,acc,sg","f,III,acc,sg","f,III,acc,sg","f,III,acc,sg","f,III,acc,sg","f,III,acc,sg","f,III,acc,sg","f,III,acc,sg","f,III,acc,sg","f,III,acc,sg"
"virgo:accsg","f,III,acc,sg","f,III,acc,sg","f,III,acc,sg","f,III,acc,sg","f,III,acc,sg","f,III,acc,sg","f,III,acc,sg","f,III,acc,sg","f,III,acc,sg","f,III,acc,sg","f,III,acc,sg","f,III,acc,sg","f,III,acc,sg","f,III,acc,sg","f,III,acc,sg","f,III,acc,sg"
"virgo:nompl","f,III,nom,pl","f,III,acc,pl","f,III,acc,pl","f,III,acc,pl","f,III,acc,pl","f,III,acc,sg","f,III,acc,sg","f,III,acc,sg","f,III,acc,sg","f,III,acc,sg","f,III,acc,sg","f,III,acc,sg","f,III,acc,sg","f,III,acc,sg","f,III,acc,sg","f,III,acc,sg"
"virgo:genpl","f,III,gen,pl","f,III,gen,pl","f,III,acc,pl","f,III,acc,pl","f,III,acc,pl","f,III,acc,sg","f,III,acc,sg","f,III,acc,sg","f,III,acc,sg","f,III,acc,sg","f,III,acc,sg","f,III,acc,sg","f,III,acc,sg","f,III,acc,sg","f,III,acc,sg","f,III,acc,sg"
"virgo:accpl","f,III,acc,pl","f,III,acc,pl","f,III,acc,pl","f,III,acc,pl","f,III,acc,pl","f,III,acc,sg","f,III,acc,sg","f,III,acc,sg","f,III,acc,sg","f,III,acc,sg","f,III,acc,sg","f,III,acc,sg","f,III,acc,sg","f,III,acc,sg","f,III,acc,sg","f,III,acc,sg"
"vis:nomsg","f,III,nom,sg","n,II,nom,sg","n,II,nom,sg","n,II,acc,pl","n,II,acc,pl","n,II,acc,pl","n,II,acc,pl","n,II,acc,pl","n,II,acc,pl","n,II,acc,sg","n,II,acc,sg","n,II,acc,sg","n,II,acc,pl","n,II,acc,pl","n,II,acc,pl","n,II,acc,pl"
"vis:gensg","f,III,gen,sg","n,II,nom,sg","n,II,nom,sg","n,II,acc,pl","n,II,acc,pl","n,II,acc,pl","n,II,acc,pl","n,II,acc,pl","n,II,acc,pl","n,II,acc,sg","n,II,acc,sg","n,II,acc,sg","n,II,acc,pl","n,II,acc,pl","n,II,acc,pl","n,II,acc,pl"
"vis:accsg","f,III,acc,sg","n,II,acc,sg","n,II,acc,pl","n,II,acc,pl","n,II,acc,pl","n,II,acc,pl","n,II,acc,pl","n,II,acc,pl","n,II,acc,sg","n,II,acc,sg","n,II,acc,sg","n,II,acc,sg","n,II,acc,pl","n,II,acc,pl","n,II,acc,pl","n,II,acc,sg"
"vis:nompl","f,III,nom,pl","f,III,acc,pl","f,III,acc,pl","f,III,acc,pl","f,III,acc,pl","f,III,acc,pl","f,III,acc,pl","f,III,acc,pl","f,III,acc,pl","f,III,acc,pl","f,III,acc,pl","f,III,acc,pl","f,III,acc,pl","f,III,acc,pl","f,III,acc,pl","f,III,acc,pl"
"vis:genpl","f,III,gen,pl","f,III,gen,pl","f,III,acc,pl","f,II,acc,pl","f,II,acc,pl","f,III,acc,sg","f,III,acc,sg","f,III,acc,sg","n,II,acc,sg","f,III,acc,sg","f,III,acc,sg","f,III,acc,sg","f,III,acc,sg","f,III,acc,sg","f,III,acc,sg","f,III,acc,sg"
"vis:accpl","f,III,acc,pl","f,III,acc,pl","f,III,acc,pl","f,III,acc,pl","f,III,acc,pl","f,III,acc,pl","f,III,acc,pl","f,III,acc,pl","f,III,acc,pl","f,III,acc,pl","f,III,acc,pl","f,III,acc,pl","f,III,acc,pl","f,III,acc,pl","f,III,acc,pl","f,III,acc,pl"
"visio:nomsg","f,III,nom,sg","f,III,acc,sg","n,II,acc,pl","f,II,acc,pl","n,II,acc,pl","n,II,acc,pl","n,II,acc,pl","n,II,acc,pl","n,II,acc,pl","n,II,acc,pl","n,II,acc,pl","n,II,acc,pl","n,II,acc,pl","n,II,acc,pl","n,II,acc,pl","n,II,acc,pl"
"visio:gensg","f,III,gen,sg","f,III,acc,sg","m,III,acc,sg","f,III,acc,pl","f,III,acc,sg","f,III,acc,sg","f,III,acc,sg","f,III,acc,pl","f,III,acc,pl","f,III,acc,pl","f,III,acc,pl","f,III,acc,pl","f,III,acc,pl","f,III,acc,pl","f,III,acc,pl","f,III,acc,pl"
"visio:accsg","f,III,acc,sg","f,III,acc,sg","f,III,acc,sg","f,III,acc,sg","f,III,acc,sg","f,III,acc,sg","f,III,acc,sg","f,III,acc,sg","f,III,acc,sg","f,III,acc,sg","f,III,acc,sg","f,III,acc,sg","f,III,acc,sg","f,III,acc,sg","f,III,acc,sg","f,III,acc,sg"
"visio:nompl","f,III,nom,pl","f,III,acc,pl","f,III,acc,pl","f,III,acc,pl","f,III,acc,pl","f,III,acc,pl","f,III,acc,pl","f,III,acc,pl","f,III,acc,pl","f,III,acc,pl","f,III,acc,pl","f,III,acc,pl","f,III,acc,pl","f,III,acc,pl","f,III,acc,pl","f,III,acc,pl"
"visio:genpl","f,III,gen,pl","f,III,gen,pl","n,II,acc,pl","n,II,acc,pl","n,II,acc,pl","n,II,acc,pl","n,II,acc,pl","n,II,acc,pl","n,II,acc,pl","n,II,acc,pl","n,II,acc,pl","n,II,acc,pl","n,II,acc,pl","n,II,acc,pl","n,II,acc,pl","f,III,acc,pl"
"visio:accpl","f,III,acc,pl","f,III,acc,pl","f,III,acc,pl","f,III,acc,pl","f,III,acc,pl","f,III,acc,pl","f,III,acc,pl","f,III,acc,pl","f,III,acc,pl","f,III,acc,pl","f,III,acc,pl","f,III,acc,pl","f,III,acc,pl","f,III,acc,pl","f,III,acc,pl","f,III,acc,pl"
"vita:nomsg","f,I,nom,sg","n,II,nom,pl","f,I,nom,pl","f,I,acc,pl","f,I,acc,pl","f,I,acc,pl","f,I,acc,pl","f,I,acc,pl","f,I,acc,pl","f,I,acc,pl","f,I,acc,pl","f,I,acc,pl","f,I,acc,pl","f,I,acc,pl","f,I,acc,pl","f,I,acc,pl"
"vita:gensg","f,I,gen,sg","f,I,acc,pl","f,I,acc,pl","f,I,acc,pl","f,I,acc,pl","f,I,acc,pl","f,I,acc,pl","f,I,acc,pl","f,I,acc,pl","f,I,acc,pl","f,I,acc,pl","f,I,acc,pl","f,I,acc,pl","f,I,acc,pl","f,I,acc,pl","f,I,acc,pl"
"vita:accsg","f,I,acc,sg","f,I,acc,sg","f,I,acc,sg","f,I,acc,sg","f,I,acc,sg","f,I,acc,sg","f,I,acc,sg","f,I,acc,sg","f,I,acc,sg","f,I,acc,sg","f,I,acc,sg","f,I,acc,sg","f,I,acc,sg","f,I,acc,sg","f,I,acc,sg","f,I,acc,sg"
"vita:nompl","f,I,nom,pl","f,I,acc,pl","f,I,acc,pl","f,I,acc,pl","f,I,acc,pl","f,I,acc,pl","f,I,acc,pl","f,I,acc,pl","f,I,acc,pl","f,I,acc,pl","f,I,acc,pl","f,I,acc,pl","f,I,acc,pl","f,I,acc,pl","f,I,acc,pl","f,I,acc,pl"
"vita:genpl","f,I,gen,pl","f,III,gen,pl","f,I,acc,pl","f,I,acc,pl","f,I,acc,pl","f,I,acc,pl","f,I,acc,pl","f,I,acc,pl","f,I,acc,pl","f,I,acc,pl","f,I,acc,pl","f,I,acc,pl","f,I,acc,pl","f,I,acc,pl","f,I,acc,pl","f,I,acc,pl"
"vita:accpl","f,I,acc,pl","f,I,acc,pl","f,I,acc,pl","f,I,acc,pl","f,I,acc,pl","f,I,acc,pl","f,I,acc,pl","f,I,acc,pl","f,I,acc,pl","f,I,acc,pl","f,I,acc,pl","f,I,acc,pl","f,I,acc,pl","f,I,acc,pl","f,I,acc,pl","f,I,acc,pl"
"vitis:nomsg","f,III,nom,sg","m,III,acc,sg","m,III,nom,pl","f,III,acc,pl","f,III,acc,sg","f,III,acc,sg","f,III,acc,sg","f,III,acc,sg","f,III,acc,sg","f,III,acc,sg","f,III,acc,sg","f,III,acc,sg","f,III,acc,sg","f,III,acc,sg","f,III,acc,sg","f,III,acc,sg"
"vitis:gensg","f,III,gen,sg","m,III,acc,sg","m,III,nom,pl","f,III,acc,pl","f,III,acc,sg","f,III,acc,sg","f,III,acc,sg","f,III,acc,sg","f,III,acc,sg","f,III,acc,sg","f,III,acc,sg","f,III,acc,sg","f,III,acc,sg","f,III,acc,sg","f,III,acc,sg","f,III,acc,sg"
"vitis:accsg","f,III,acc,sg","n,III,acc,sg","n,III,acc,sg","f,III,acc,sg","f,III,acc,sg","f,III,acc,sg","f,III,acc,sg","f,III,acc,sg","f,III,acc,sg","f,III,acc,sg","f,III,acc,sg","f,III,acc,sg","f,III,acc,sg","f,III,acc,sg","f,III,acc,sg","f,III,acc,sg"
"vitis:nompl","f,III,nom,pl","f,III,acc,pl","f,III,acc,pl","f,III,acc,pl","f,III,acc,pl","f,III,acc,pl","f,III,acc,pl","f,III,acc,pl","f,III,acc,pl","f,III,acc,pl","f,III,acc,pl","f,III,acc,pl","f,III,acc,pl","f,III,acc,pl","f,III,acc,pl","f,III,acc,pl"
"vitis:genpl","f,III,gen,pl","f,III,gen,pl","f,III,acc,pl","f,II,acc,pl","f,II,acc,pl","n,III,acc,sg","f,III,acc,sg","f,III,acc,pl","f,III,acc,sg","f,III,acc,sg","f,III,acc,sg","f,III,acc,sg","f,III,acc,sg","f,III,acc,sg","f,III,acc,sg","f,III,acc,sg"
"vitis:accpl","f,III,acc,pl","f,III,acc,pl","f,III,acc,pl","f,III,acc,pl","f,III,acc,pl","f,III,acc,pl","f,III,acc,pl","f,III,acc,pl","f,III,acc,pl","f,III,acc,pl","f,III,acc,pl","f,III,acc,pl","f,III,acc,pl","f,III,acc,pl","f,III,acc,pl","f,III,acc,pl"
"voluntas:nomsg","f,III,nom,sg","f,I,acc,pl","f,I,acc,pl","f,I,acc,pl","f,I,acc,pl","f,I,acc,pl","f,I,acc,pl","f,I,acc,pl","f,I,acc,pl","f,I,acc,pl","f,I,acc,pl","f,I,acc,pl","f,I,acc,pl","f,I,acc,pl","f,I,acc,pl","f,I,acc,pl"
"voluntas:gensg","f,III,gen,sg","f,III,acc,sg","f,III,acc,sg","f,III,acc,pl","f,III,acc,sg","f,III,acc,pl","f,III,acc,sg","f,III,acc,sg","f,III,acc,pl","f,III,acc,pl","f,III,acc,pl","f,III,acc,pl","f,III,acc,pl","f,III,acc,pl","f,III,acc,pl","f,III,acc,pl"
"voluntas:accsg","f,III,acc,sg","f,III,acc,sg","f,III,acc,sg","f,I,acc,sg","f,III,acc,sg","f,III,acc,sg","f,III,acc,sg","f,III,acc,sg","f,III,acc,sg","f,III,acc,sg","f,III,acc,pl","f,III,acc,pl","f,III,acc,pl","f,III,acc,pl","f,III,acc,pl","f,III,acc,sg"
"voluntas:nompl","f,III,nom,pl","f,III,acc,pl","f,III,acc,pl","f,III,acc,pl","f,III,acc,pl","f,III,acc,pl","f,III,acc,sg","f,III,acc,pl","f,III,acc,pl","f,III,acc,pl","f,III,acc,pl","f,III,acc,pl","f,III,acc,pl","f,III,acc,pl","f,III,acc,pl","f,III,acc,pl"
"voluntas:genpl","f,III,gen,pl","f,III,acc,pl","f,I,acc,pl","f,I,acc,pl","f,II,acc,pl","f,I,acc,pl","f,I,acc,pl","f,I,acc,pl","f,I,acc,pl","f,I,acc,pl","f,I,acc,pl","f,I,acc,pl","f,I,acc,pl","n,II,acc,pl","f,III,acc,pl","f,I,acc,pl"
"voluntas:accpl","f,III,acc,pl","f,III,acc,pl","f,III,acc,pl","f,III,acc,pl","f,III,acc,pl","f,III,acc,pl","f,III,acc,sg","f,III,acc,pl","f,III,acc,pl","f,III,acc,pl","f,III,acc,pl","f,III,acc,pl","f,III,acc,pl","f,III,acc,pl","f,III,acc,pl","f,III,acc,pl"
"volutus:nomsg","m,IV,nom,sg","m,III,acc,pl","n,II,gen,pl","n,II,acc,pl","n,II,acc,pl","n,II,acc,pl","n,II,acc,sg","n,II,acc,sg","n,II,acc,sg","n,II,acc,pl","f,III,acc,sg","f,III,acc,sg","n,II,acc,sg","n,II,acc,sg","n,II,acc,sg","n,II,acc,sg"
"volutus:gensg","m,IV,gen,sg","m,III,acc,pl","n,II,gen,pl","n,II,acc,pl","n,II,acc,pl","n,II,acc,pl","n,II,acc,sg","n,II,acc,sg","n,II,acc,sg","n,II,acc,pl","f,III,acc,sg","f,III,acc,sg","n,II,acc,sg","n,II,acc,sg","n,II,acc,sg","n,II,acc,sg"
"volutus:accsg","m,IV,acc,sg","f,III,acc,pl","n,II,gen,pl","n,II,acc,pl","n,II,acc,sg","n,II,acc,sg","n,II,acc,sg","n,II,acc,sg","f,III,acc,sg","n,II,acc,sg","f,III,acc,sg","n,III,acc,sg","n,II,acc,sg","n,II,acc,sg","n,II,acc,sg","n,II,acc,sg"
"volutus:nompl","m,IV,nom,pl","m,III,acc,pl","n,II,gen,pl","n,II,acc,pl","n,II,acc,pl","n,II,acc,pl","n,II,acc,sg","n,II,acc,sg","n,II,acc,sg","n,II,acc,pl","f,III,acc,sg","f,III,acc,sg","n,II,acc,sg","n,II,acc,sg","n,II,acc,sg","n,II,acc,sg"
"volutus:genpl","m,IV,gen,pl","n,II,acc,pl","n,II,gen,pl","n,II,acc,pl","f,II,acc,sg","n,II,acc,sg","n,II,acc,sg","n,II,acc,sg","f,III,acc,sg","f,III,acc,sg","f,III,acc,sg","n,II,acc,sg","n,II,acc,sg","n,II,acc,sg","n,II,acc,sg","f,III,acc,sg"
"volutus:accpl","m,IV,acc,pl","m,III,acc,pl","n,II,gen,pl","n,II,acc,pl","n,II,acc,pl","n,II,acc,pl","n,II,acc,sg","n,II,acc,sg","n,II,acc,sg","n,II,acc,pl","f,III,acc,sg","f,III,acc,sg","n,II,acc,sg","n,II,acc,sg","n,II,acc,sg","n,II,acc,sg"
"vota:nomsg","n,II,nom,sg","n,II,acc,sg","n,II,acc,sg","n,II,acc,sg","n,II,acc,sg","n,II,acc,sg","n,II,acc,sg","n,II,acc,sg","n,II,acc,sg","n,II,acc,sg","n,II,acc,sg","n,II,acc,sg","n,II,acc,sg","n,II,acc,sg","n,II,acc,sg","n,II,acc,sg"
"vota:gensg","n,II,gen,sg","n,II,acc,sg","n,II,acc,sg","n,II,acc,sg","n,II,acc,sg","n,II,acc,sg","n,II,acc,sg","n,II,acc,sg","n,II,acc,sg","n,II,acc,sg","n,II,acc,sg","n,II,acc,sg","n,II,acc,sg","n,II,acc,sg","n,II,acc,sg","n,II,acc,sg"
"vota:accsg","n,II,acc,sg","n,II,acc,sg","n,II,acc,sg","n,II,acc,sg","n,II,acc,sg","n,II,acc,sg","n,II,acc,sg","n,II,acc,sg","n,II,acc,sg","n,II,acc,sg","n,II,acc,sg","n,II,acc,sg","n,II,acc,sg","n,II,acc,sg","n,II,acc,sg","n,II,acc,sg"
"vota:nompl","n,II,nom,pl","n,II,acc,pl","f,I,acc,pl","f,I,acc,pl","f,I,acc,pl","f,I,acc,pl","f,I,acc,pl","f,I,acc,pl","f,I,acc,pl","f,I,acc,pl","f,I,acc,pl","f,I,acc,pl","f,I,acc,pl","f,I,acc,pl","f,I,acc,pl","f,I,acc,pl"
"vota:genpl","n,II,gen,pl","n,II,gen,pl","n,II,acc,pl","n,II,acc,pl","n,II,acc,pl","n,II,acc,pl","n,II,acc,pl","n,II,acc,pl","n,II,acc,pl","n,II,acc,pl","n,II,acc,pl","n,II,acc,pl","n,II,acc,pl","n,II,acc,pl","n,II,acc,pl","n,II,acc,pl"
"vota:accpl","n,II,acc,pl","n,II,acc,pl","f,I,acc,pl","f,I,acc,pl","f,I,acc,pl","f,I,acc,pl","f,I,acc,pl","f,I,acc,pl","f,I,acc,pl","f,I,acc,pl","f,I,acc,pl","f,I,acc,pl","f,I,acc,pl","f,I,acc,pl","f,I,acc,pl","f,I,acc,pl"
"vox:nomsg","f,III,nom,sg","n,III,nom,sg","n,III,nom,sg","n,III,nom,sg","f,III,nom,sg","f,III,acc,sg","f,III,acc,sg","f,III,acc,sg","f,III,acc,sg","f,III,acc,pl","n,II,acc,pl","f,II,acc,pl","f,II,acc,pl","f,III,acc,pl","n,II,acc,pl","n,II,acc,pl"
"vox:gensg","f,III,gen,sg","m,III,acc,sg","f,III,acc,sg","f,III,acc,sg","f,III,acc,sg","f,III,acc,sg","f,III,acc,pl","f,III,acc,pl","f,III,acc,pl","f,III,acc,pl","f,III,acc,pl","f,III,acc,pl","f,III,acc,pl","f,III,acc,sg","f,III,acc,sg","f,III,acc,pl"
"vox:accsg","f,III,acc,sg","f,III,acc,sg","f,III,acc,sg","f,III,acc,sg","f,III,acc,sg","f,III,acc,sg","f,III,acc,sg","f,III,acc,sg","f,III,acc,sg","f,III,acc,sg","f,III,acc,sg","f,III,acc,sg","f,III,acc,sg","f,III,acc,sg","f,III,acc,sg","f,III,acc,sg"
"vox:nompl","f,III,nom,pl","f,III,acc,pl","f,III,acc,pl","f,III,acc,pl","f,III,acc,pl","f,III,acc,pl","f,III,acc,pl","f,III,acc,pl","f,III,acc,pl","f,III,acc,pl","f,III,acc,pl","f,III,acc,pl","f,III,acc,pl","f,III,acc,sg","f,III,acc,sg","f,III,acc,pl"
"vox:genpl","f,III,gen,pl","f,III,gen,pl","m,III,acc,pl","f,II,acc,pl","f,III,acc,pl","f,III,acc,pl","f,III,acc,pl","f,III,acc,sg","f,III,acc,pl","f,III,acc,pl","f,III,acc,pl","n,II,acc,pl","f,III,acc,pl","f,III,acc,sg","n,II,acc,sg","n,II,acc,pl"
"vox:accpl","f,III,acc,pl","f,III,acc,pl","f,III,acc,pl","f,III,acc,pl","f,III,acc,pl","f,III,acc,pl","f,III,acc,pl","f,III,acc,pl","f,III,acc,pl","f,III,acc,pl","f,III,acc,pl","f,III,acc,pl","f,III,acc,pl","f,III,acc,sg","f,III,acc,sg","f,III,acc,pl"
"vulgus:nomsg","n,II,nom,sg","m,III,gen,pl","m,IV,gen,sg","n,II,acc,pl","n,III,acc,sg","n,II,acc,sg","f,III,acc,sg","f,III,acc,sg","f,III,acc,sg","f,III,acc,pl","f,III,acc,sg","n,III,acc,sg","f,III,acc,sg","f,III,acc,sg","n,II,acc,sg","n,II,acc,sg"
"vulgus:gensg","n,II,gen,sg","m,III,acc,pl","m,III,acc,sg","f,III,acc,sg","f,III,acc,sg","f,III,acc,sg","f,III,acc,sg","f,III,acc,sg","f,III,acc,sg","f,III,acc,sg","f,III,acc,sg","f,III,acc,sg","f,III,acc,sg","f,III,acc,sg","f,III,acc,sg","f,III,acc,sg"
"vulgus:accsg","n,II,acc,sg","m,III,gen,pl","m,IV,gen,sg","n,II,acc,pl","n,III,acc,sg","n,II,acc,sg","f,III,acc,sg","f,III,acc,sg","f,III,acc,sg","f,III,acc,pl","f,III,acc,sg","n,III,acc,sg","f,III,acc,sg","f,III,acc,sg","n,II,acc,sg","n,II,acc,sg"
"vulgus:nompl","n,II,nom,pl","n,II,acc,sg","n,II,acc,sg","n,II,acc,sg","n,II,acc,sg","n,II,acc,sg","n,II,acc,sg","n,II,acc,sg","n,II,acc,sg","n,II,acc,sg","n,II,acc,sg","n,II,acc,sg","n,II,acc,sg","n,II,acc,sg","n,II,acc,sg","n,II,acc,sg"
"vulgus:genpl","n,II,gen,pl","n,II,acc,sg","n,II,acc,sg","n,II,acc,sg","n,II,acc,sg","n,II,acc,sg","n,II,acc,sg","n,II,acc,sg","n,II,acc,sg","n,II,acc,sg","n,II,acc,sg","n,II,acc,sg","n,II,acc,sg","n,II,acc,sg","n,II,acc,sg","n,II,acc,sg"
"vulgus:accpl","n,II,acc,pl","n,II,acc,sg","n,II,acc,sg","n,II,acc,sg","n,II,acc,sg","n,II,acc,sg","n,II,acc,sg","n,II,acc,sg","n,II,acc,sg","n,II,acc,sg","n,II,acc,sg","n,II,acc,sg","n,II,acc,sg","n,II,acc,sg","n,II,acc,sg","n,II,acc,sg"
"vulnus:nomsg","n,III,nom,sg","f,II,nom,sg","n,II,nom,sg","n,II,nom,sg","n,II,acc,sg","n,II,acc,sg","n,II,acc,sg","n,II,acc,sg","n,II,acc,sg","n,II,acc,sg","n,II,acc,sg","n,II,acc,sg","n,II,acc,sg","n,II,acc,sg","n,II,acc,sg","n,II,acc,sg"
"vulnus:gensg","n,III,gen,sg","f,III,acc,sg","f,III,acc,sg","f,III,acc,sg","f,III,acc,sg","f,III,acc,sg","f,III,acc,sg","f,III,acc,sg","f,III,acc,sg","f,III,acc,sg","f,III,acc,sg","f,III,acc,sg","f,III,acc,sg","f,III,acc,sg","f,III,acc,sg","f,III,acc,sg"
"vulnus:accsg","n,III,acc,sg","f,II,nom,sg","n,II,nom,sg","n,II,nom,sg","n,II,acc,sg","n,II,acc,sg","n,II,acc,sg","n,II,acc,sg","n,II,acc,sg","n,II,acc,sg","n,II,acc,sg","n,II,acc,sg","n,II,acc,sg","n,II,acc,sg","n,II,acc,sg","n,II,acc,sg"
"vulnus:nompl","n,III,nom,pl","f,III,acc,pl","n,III,acc,pl","f,III,acc,pl","f,III,acc,pl","f,III,acc,pl","f,III,acc,pl","f,III,acc,pl","f,III,acc,pl","f,III,acc,pl","f,III,acc,pl","f,III,acc,sg","f,III,acc,sg","f,III,acc,sg","f,III,acc,sg","f,III,acc,sg"
"vulnus:genpl","n,III,gen,pl","n,III,gen,pl","f,III,acc,pl","f,III,acc,sg","f,III,acc,pl","f,III,acc,pl","f,III,acc,sg","f,III,acc,pl","f,III,acc,sg","f,III,acc,sg","f,III,acc,sg","f,III,acc,sg","f,III,acc,sg","f,III,acc,sg","f,III,acc,sg","f,III,acc,sg"
"vulnus:accpl","n,III,acc,pl","f,III,acc,pl","n,III,acc,pl","f,III,acc,pl","f,III,acc,pl","f,III,acc,pl","f,III,acc,pl","f,III,acc,pl","f,III,acc,pl","f,III,acc,pl","f,III,acc,pl","f,III,acc,sg","f,III,acc,sg","f,III,acc,sg","f,III,acc,sg","f,III,acc,sg"
"vulpes:nomsg","f,III,nom,sg","f,III,acc,pl","f,III,acc,pl","f,III,acc,pl","f,III,acc,pl","f,III,acc,pl","f,III,acc,pl","f,III,acc,pl","f,III,acc,pl","f,III,acc,pl","f,III,acc,pl","f,III,acc,pl","f,III,acc,pl","f,III,acc,pl","f,III,acc,pl","f,III,acc,pl"
"vulpes:gensg","f,III,gen,sg","f,III,nom,sg","f,III,acc,sg","f,III,nom,sg","f,III,acc,sg","f,III,acc,sg","f,III,acc,sg","f,III,acc,sg","f,III,acc,sg","f,III,acc,sg","f,III,acc,sg","f,III,acc,sg","f,III,acc,sg","f,III,acc,sg","f,III,acc,sg","f,III,acc,sg"
"vulpes:accsg","f,III,acc,sg","f,III,acc,sg","f,III,acc,sg","f,III,acc,sg","f,III,acc,sg","f,III,acc,sg","f,III,acc,sg","f,III,acc,sg","f,III,acc,sg","f,III,acc,sg","f,III,acc,sg","f,III,acc,sg","f,III,acc,sg","f,III,acc,sg","f,III,acc,sg","f,III,acc,sg"
"vulpes:nompl","f,III,nom,pl","f,III,acc,pl","f,III,acc,pl","f,III,acc,pl","f,III,acc,pl","f,III,acc,pl","f,III,acc,pl","f,III,acc,pl","f,III,acc,pl","f,III,acc,pl","f,III,acc,pl","f,III,acc,pl","f,III,acc,pl","f,III,acc,pl","f,III,acc,pl","f,III,acc,pl"
"vulpes:genpl","f,III,gen,pl","f,III,gen,pl","f,III,acc,pl","f,III,acc,sg","f,III,acc,pl","f,III,acc,sg","f,III,acc,sg","f,III,acc,sg","f,III,acc,sg","f,III,acc,sg","f,III,acc,sg","f,III,acc,sg","f,III,acc,sg","f,III,acc,sg","f,III,acc,sg","f,III,acc,sg"
"vulpes:accpl","f,III,acc,pl","f,III,acc,pl","f,III,acc,pl","f,III,acc,pl","f,III,acc,pl","f,III,acc,pl","f,III,acc,pl","f,III,acc,pl","f,III,acc,pl","f,III,acc,pl","f,III,acc,pl","f,III,acc,pl","f,III,acc,pl","f,III,acc,pl","f,III,acc,pl","f,III,acc,pl"
"vultus:nomsg","m,IV,nom,sg","n,III,nom,sg","n,II,acc,sg","n,II,nom,sg","n,II,acc,sg","n,II,acc,sg","n,II,acc,sg","n,II,acc,sg","n,II,acc,sg","n,II,acc,sg","n,II,acc,sg","n,II,acc,sg","n,II,acc,sg","n,II,acc,sg","n,II,acc,sg","n,II,acc,sg"
"vultus:gensg","m,IV,gen,sg","f,II,acc,pl","m,II,acc,pl","n,II,acc,pl","n,II,acc,pl","n,II,acc,pl","n,II,acc,pl","n,II,acc,pl","n,II,acc,pl","n,II,acc,pl","n,II,acc,pl","n,II,acc,pl","n,II,acc,pl","n,II,acc,pl","n,II,acc,pl","n,II,acc,pl"
"vultus:accsg","m,IV,acc,sg","n,II,acc,sg","n,II,acc,sg","n,II,acc,sg","n,II,acc,sg","n,II,acc,sg","n,II,acc,sg","n,II,acc,sg","n,II,acc,sg","n,II,acc,sg","n,II,acc,sg","n,II,acc,sg","n,II,acc,sg","n,II,acc,sg","n,II,acc,sg","n,II,acc,sg"
"vultus:nompl","m,IV,nom,pl","f,II,acc,pl","m,II,acc,pl","n,II,acc,pl","n,II,acc,pl","n,II,acc,pl","n,II,acc,pl","n,II,acc,pl","n,II,acc,pl","n,II,acc,pl","n,II,acc,pl","n,II,acc,pl","n,II,acc,pl","n,II,acc,pl","n,II,acc,pl","n,II,acc,pl"
"vultus:genpl","m,IV,gen,pl","m,II,gen,pl","f,II,acc,pl","n,II,acc,sg","n,II,acc,sg","n,II,acc,sg","n,II,acc,sg","n,II,acc,pl","n,II,acc,sg","n,II,acc,sg","n,II,acc,sg","n,II,acc,sg","n,II,acc,sg","n,II,acc,sg","n,II,acc,sg","n,II,acc,sg"
"vultus:accpl","m,IV,acc,pl","f,II,acc,pl","m,II,acc,pl","n,II,acc,pl","n,II,acc,pl","n,II,acc,pl","n,II,acc,pl","n,II,acc,pl","n,II,acc,pl","n,II,acc,pl","n,II,acc,pl","n,II,acc,pl","n,II,acc,pl","n,II,acc,pl","n,II,acc,pl","n,II,acc,pl"
